Date,Open,High,Low,Close,Volume,Series,TOTAL_TRADES,QTY_PER_TRADE,DLV_QTY
2009-01-22,5.35,5.35,2.7,4.0,36693,EQ,,,
2009-01-23,3.4,3.4,3.2,3.2,9092,EQ,,,
2009-01-27,2.6,2.8,2.55,2.55,7780,EQ,,,
2009-01-28,2.2,2.85,2.2,2.5,1673,EQ,,,
2009-01-29,2.35,2.5,2.35,2.35,3532,EQ,,,
2009-01-30,2.55,2.55,2.2,2.35,6156,EQ,,,
2009-02-02,2.2,2.55,2.15,2.25,4909,EQ,,,
2009-02-03,2.45,2.45,2.15,2.2,1686,EQ,,,
2009-02-04,2.05,2.3,2.05,2.3,5393,EQ,,,
2009-02-05,2.45,2.45,2.05,2.05,1362,EQ,,,
2009-02-06,2.2,2.3,1.85,2.1,7121,EQ,,,
2009-02-09,2.1,2.15,2.1,2.1,1094,EQ,,,
2009-02-10,2.25,2.3,1.95,2.0,3205,EQ,,,
2009-02-11,2.0,2.25,2.0,2.25,3470,EQ,,,
2009-02-12,2.45,2.45,2.45,2.45,302,EQ,,,
2009-02-13,2.6,2.6,2.6,2.6,613,EQ,,,
2009-02-16,2.75,2.75,2.65,2.75,5434,EQ,,,
2009-02-17,2.6,2.65,2.6,2.6,1077,EQ,,,
2009-02-18,2.5,2.65,2.5,2.55,1220,EQ,,,
2009-02-20,2.5,2.5,2.45,2.45,1200,EQ,,,
2009-02-24,2.45,2.45,2.45,2.45,60,EQ,,,
2009-02-25,2.35,2.35,2.35,2.35,822,EQ,,,
2009-02-26,2.4,2.45,2.2,2.3,144,EQ,,,
2009-02-27,2.2,2.3,2.2,2.3,968,EQ,,,
2009-03-02,2.35,2.35,2.35,2.35,2,EQ,,,
2009-03-03,2.25,2.25,2.25,2.25,100,EQ,,,
2009-03-04,2.15,2.2,2.15,2.15,855,EQ,,,
2009-03-05,2.05,2.05,2.05,2.05,900,EQ,,,
2009-03-06,2.0,2.0,1.85,1.85,578,EQ,,,
2009-03-09,1.85,1.85,1.7,1.75,807,EQ,,,
2009-03-12,1.7,1.75,1.7,1.7,3345,EQ,,,
2009-03-13,1.65,1.75,1.65,1.75,319,EQ,,,
2009-03-16,1.85,1.85,1.7,1.7,1520,EQ,,,
2009-03-17,1.7,1.8,1.7,1.8,12110,EQ,,,
2009-03-18,1.8,1.8,1.8,1.8,100,EQ,,,
2009-03-19,1.75,1.9,1.75,1.9,898,EQ,,,
2009-03-20,1.85,1.9,1.8,1.85,1302,EQ,,,
2009-03-23,1.95,1.95,1.85,1.85,1625,EQ,,,
2009-03-24,1.85,1.95,1.85,1.9,2289,EQ,,,
2009-03-25,1.85,2.0,1.85,1.85,3910,EQ,,,
2009-03-26,1.95,1.95,1.8,1.8,45700,EQ,,,
2009-03-27,1.9,1.9,1.85,1.9,1245,EQ,,,
2009-03-30,1.85,2.0,1.85,1.85,912,EQ,,,
2009-03-31,1.85,1.95,1.8,1.95,1399,EQ,,,
2009-04-01,2.0,2.0,1.85,1.95,212,EQ,,,
2009-04-02,1.9,2.0,1.85,2.0,600,EQ,,,
2009-04-06,1.9,2.0,1.9,1.9,5155,EQ,,,
2009-04-08,1.8,1.95,1.8,1.95,640,EQ,,,
2009-04-09,2.05,2.05,2.05,2.05,3760,EQ,,,
2009-04-13,2.05,2.2,2.05,2.2,600,EQ,,,
2009-04-15,2.1,2.3,2.1,2.3,2325,EQ,,,
2009-04-16,2.2,2.4,2.2,2.3,4995,EQ,,,
2009-04-17,2.2,2.4,2.2,2.35,449,EQ,,,
2009-04-20,2.2,2.2,2.2,2.2,12,EQ,,,
2009-04-21,2.25,2.25,2.25,2.25,1200,EQ,,,
2009-04-22,2.35,2.35,2.15,2.25,490,EQ,,,
2009-04-27,2.15,2.15,2.15,2.15,20,EQ,,,
2009-04-28,2.15,2.15,2.05,2.05,304,EQ,,,
2009-04-29,2.0,2.2,2.0,2.05,1008,EQ,,,
2009-05-04,1.95,1.95,1.95,1.95,10,EQ,,,
2009-05-05,2.0,2.05,1.85,2.05,864,EQ,,,
2009-05-06,2.0,2.15,1.95,1.95,341,EQ,,,
2009-05-07,2.0,2.0,2.0,2.0,469,EQ,,,
2009-05-08,1.95,2.0,1.95,1.95,705,EQ,,,
2009-05-11,1.85,1.85,1.85,1.85,675,EQ,,,
2009-05-12,1.95,1.95,1.95,1.95,10,EQ,,,
2009-05-13,1.95,1.95,1.95,1.95,90,EQ,,,
2009-05-14,1.9,1.9,1.9,1.9,100,EQ,,,
2009-05-19,1.8,1.95,1.8,1.95,450,EQ,,,
2009-05-20,1.95,2.05,1.9,2.05,1330,EQ,,,
2009-05-21,2.15,2.15,2.15,2.15,4095,EQ,,,
2009-05-22,2.05,2.3,2.05,2.3,29100,EQ,,,
2009-05-25,2.25,2.4,2.25,2.4,7034,EQ,,,
2009-05-26,2.5,2.55,2.4,2.55,9704,EQ,,,
2009-05-27,2.55,2.65,2.4,2.65,2127,EQ,,,
2009-05-28,2.6,2.8,2.6,2.8,528,EQ,,,
2009-05-29,2.95,2.95,2.95,2.95,2700,EQ,,,
2009-06-01,3.1,3.1,2.85,3.0,10665,EQ,,,
2009-06-02,3.15,3.15,2.95,3.15,9886,EQ,,,
2009-06-03,3.1,3.35,3.1,3.35,6784,EQ,,,
2009-06-04,3.5,3.5,3.5,3.5,2500,EQ,,,
2009-06-05,3.7,3.7,3.7,3.7,1950,EQ,,,
2009-06-08,3.85,3.85,3.55,3.8,30000,EQ,,,
2009-06-09,3.65,4.0,3.6,3.95,9761,EQ,,,
2009-06-10,4.15,4.15,3.75,3.9,5670,EQ,,,
2009-06-11,4.05,4.1,3.7,3.8,3538,EQ,,,
2009-06-12,4.0,4.0,3.65,3.65,20289,BE,,,
2009-06-15,3.8,3.8,3.8,3.8,9700,BE,,,
2009-06-16,3.8,4.0,3.8,4.0,24761,BE,,,
2009-06-17,4.15,4.2,3.8,4.2,18444,BE,,,
2009-06-18,4.0,4.0,4.0,4.0,500,BE,,,
2009-06-19,4.0,4.2,4.0,4.15,6594,BE,,,
2009-06-22,4.0,4.35,4.0,4.15,6920,BE,,,
2009-06-23,4.0,4.15,4.0,4.0,1950,BE,,,
2009-06-24,4.05,4.15,4.05,4.15,700,BE,,,
2009-06-25,4.0,4.15,4.0,4.0,4710,BE,,,
2009-06-26,4.0,4.0,3.8,3.8,2038,BE,,,
2009-06-29,3.6,3.65,3.6,3.65,600,BE,,,
2009-06-30,3.65,3.65,3.45,3.5,309,BE,,,
2009-07-01,3.5,3.5,3.5,3.5,900,BE,,,
2009-07-02,3.35,3.35,3.35,3.35,151,BE,,,
2009-07-03,3.2,3.5,3.2,3.5,1807,BE,,,
2009-07-06,3.5,3.5,3.5,3.5,2,BE,,,
2009-07-08,3.5,3.65,3.4,3.45,1050,BE,,,
2009-07-09,3.35,3.6,3.35,3.6,4050,BE,,,
2009-07-10,3.75,3.75,3.55,3.75,12445,BE,,,
2009-07-13,3.95,3.95,3.7,3.95,11540,BE,,,
2009-07-14,4.15,4.15,4.0,4.15,7782,BE,,,
2009-07-15,4.35,4.35,4.15,4.35,10242,BE,,,
2009-07-16,4.6,4.6,4.6,4.6,10132,BE,,,
2009-07-17,4.8,4.85,4.8,4.85,4405,BE,,,
2009-07-20,5.1,5.1,4.7,5.1,29121,BE,,,
2009-07-21,5.35,5.35,4.9,5.35,42744,BE,,,
2009-07-22,5.6,5.6,5.6,5.6,8190,BE,,,
2009-07-23,5.9,5.9,5.9,5.9,5112,BE,,,
2009-07-24,6.2,6.2,6.2,6.2,1420,BE,,,
2009-07-27,6.5,6.5,6.5,6.5,5499,BE,,,
2009-07-28,6.85,6.85,6.85,6.85,5199,BE,,,
2009-07-29,7.2,7.2,7.2,7.2,5847,BE,,,
2009-07-30,7.55,7.55,6.85,6.85,58502,BE,,,
2009-07-31,6.5,6.5,6.5,6.5,1961,BE,,,
2009-08-03,6.2,6.65,6.2,6.25,38325,BE,,,
2009-08-04,6.5,6.5,5.95,6.0,18495,BE,,,
2009-08-05,6.3,6.3,5.7,5.7,11002,BE,,,
2009-08-06,5.9,5.9,5.4,5.45,6034,BE,,,
2009-08-07,5.2,5.5,5.2,5.5,4429,BE,,,
2009-08-10,5.5,5.75,5.5,5.75,12050,BE,,,
2009-08-11,5.75,6.05,5.75,6.05,4296,BE,,,
2009-08-12,5.95,6.4,5.95,6.35,9295,BE,,,
2009-08-13,6.65,6.65,6.65,6.65,5111,BE,,,
2009-08-14,7.0,7.0,7.0,7.0,16488,BE,,,
2009-08-17,7.15,7.35,7.0,7.25,39822,BE,,,
2009-08-18,7.5,7.65,6.95,7.2,16398,BE,,,
2009-08-19,7.0,7.2,6.85,6.85,6364,BE,,,
2009-08-20,6.65,7.0,6.55,6.65,4373,BE,,,
2009-08-21,6.35,6.95,6.35,6.5,9966,BE,,,
2009-08-24,6.45,6.8,6.35,6.7,8818,BE,,,
2009-08-25,6.85,6.85,6.5,6.5,6671,BE,,,
2009-08-26,6.35,6.8,6.35,6.5,5057,BE,,,
2009-08-27,6.5,6.85,6.5,6.85,11184,BE,,,
2009-08-28,7.2,7.2,6.75,6.9,14857,BE,,,
2009-08-31,7.0,7.25,7.0,7.25,16204,BE,,,
2009-09-01,7.0,7.65,7.0,7.65,13742,BE,,,
2009-09-02,7.65,7.85,7.3,7.65,16513,BE,,,
2009-09-03,7.65,7.65,7.25,7.25,6963,BE,,,
2009-09-04,7.65,7.65,7.65,7.65,2911,BE,,,
2009-09-07,8.05,8.05,8.05,8.05,237,BE,,,
2009-09-08,8.45,8.45,8.45,8.45,1986,BE,,,
2009-09-09,8.9,8.9,8.65,8.9,19692,BE,,,
2009-09-10,9.3,9.35,9.3,9.35,17206,BE,,,
2009-09-11,9.85,9.85,8.9,9.1,54154,BE,,,
2009-09-14,8.7,8.7,8.65,8.65,6551,BE,,,
2009-09-15,8.25,8.25,8.25,8.25,11067,BE,,,
2009-09-16,7.85,7.85,7.85,7.85,19296,BE,,,
2009-09-17,7.5,7.65,7.5,7.5,19315,BE,,,
2009-09-18,7.5,7.5,7.15,7.15,14370,BE,,,
2009-09-22,6.8,7.0,6.8,6.8,33315,BE,,,
2009-09-23,6.5,6.8,6.5,6.8,43098,BE,,,
2009-09-24,6.55,7.15,6.55,7.15,23896,BE,,,
2009-09-25,7.5,7.55,7.15,7.55,10477,BE,,,
2009-09-29,7.9,7.95,7.9,7.95,28832,BE,,,
2009-09-30,8.2,8.35,7.55,7.95,69086,BE,,,
2009-10-01,8.35,8.35,7.55,7.55,21181,BE,,,
2009-10-05,7.75,7.95,7.2,7.25,32741,BE,,,
2009-10-06,7.35,7.65,6.9,7.5,31652,BE,,,
2009-10-07,7.2,7.9,7.2,7.7,12133,BE,,,
2009-10-08,7.4,7.5,7.35,7.35,5860,BE,,,
2009-10-09,7.05,7.5,7.0,7.05,7202,BE,,,
2009-10-12,7.2,7.4,7.2,7.4,26248,BE,,,
2009-10-14,7.5,7.8,7.05,7.65,15195,BE,,,
2009-10-15,7.65,7.65,7.3,7.55,5956,BE,,,
2009-10-16,7.65,7.65,7.2,7.25,7329,BE,,,
2009-10-17,7.0,7.6,6.9,7.4,6816,BE,,,
2009-10-20,7.5,7.6,7.05,7.1,16004,BE,,,
2009-10-21,7.1,7.15,6.85,7.05,5138,BE,,,
2009-10-22,6.9,7.05,6.85,6.85,6648,BE,,,
2009-10-23,7.0,7.0,6.65,6.7,7193,BE,,,
2009-10-26,6.9,6.95,6.65,6.85,11710,BE,,,
2009-10-27,6.55,6.75,6.55,6.55,14502,BE,,,
2009-10-28,6.25,6.85,6.25,6.55,23427,BE,,,
2009-10-29,6.25,6.25,6.25,6.25,5808,BE,,,
2009-10-30,6.0,6.4,5.95,5.95,24843,BE,,,
2009-11-03,5.9,6.2,5.65,5.65,5281,BE,,,
2009-11-04,5.9,5.9,5.7,5.9,401,BE,,,
2009-11-05,5.9,6.2,5.6,5.8,1900,BE,,,
2009-11-06,6.0,6.0,5.55,5.85,15433,BE,,,
2009-11-09,5.8,5.95,5.7,5.9,2325,BE,,,
2009-11-10,6.2,6.2,5.6,5.6,10126,BE,,,
2009-11-11,5.45,5.9,5.4,5.9,6328,BE,,,
2009-11-12,6.2,6.2,6.2,6.2,11971,BE,,,
2009-11-13,6.2,6.55,6.2,6.55,14091,BE,,,
2009-11-16,6.9,6.9,6.9,6.9,22287,BE,,,
2009-11-17,7.25,7.25,7.25,7.25,26745,BE,,,
2009-11-18,7.65,7.65,7.05,7.55,94263,BE,,,
2009-11-19,7.7,7.7,7.2,7.25,32273,BE,,,
2009-11-20,7.65,7.65,6.9,7.0,24988,EQ,,,
2009-11-23,6.65,7.35,6.65,7.05,20909,EQ,,,
2009-11-24,7.0,7.15,6.7,6.75,17020,EQ,,,
2009-11-25,7.05,7.05,6.45,6.7,12519,EQ,,,
2009-11-26,6.9,7.05,6.4,6.5,10869,EQ,,,
2009-11-27,6.85,6.85,6.2,6.35,16348,EQ,,,
2009-11-30,6.5,6.6,6.25,6.55,5319,EQ,,,
2009-12-01,6.25,6.9,6.25,6.8,15403,EQ,,,
2009-12-02,6.7,6.9,6.5,6.5,22245,EQ,,,
2009-12-03,6.3,6.65,6.3,6.35,8114,EQ,,,
2009-12-04,6.5,6.5,6.2,6.45,15483,EQ,,,
2009-12-07,6.15,6.5,6.15,6.15,21748,EQ,,,
2009-12-08,6.05,6.25,5.9,6.0,11358,EQ,,,
2009-12-09,6.25,6.3,5.9,6.1,12036,EQ,,,
2009-12-10,6.05,6.1,5.85,5.85,8054,EQ,,,
2009-12-11,6.0,6.15,5.95,6.1,8414,EQ,,,
2009-12-14,6.25,6.45,6.0,6.1,6871,EQ,,,
2009-12-15,6.05,6.05,5.8,5.8,12024,EQ,,,
2009-12-16,5.6,5.95,5.6,5.75,4386,EQ,,,
2009-12-17,5.75,5.85,5.55,5.6,5957,EQ,,,
2009-12-18,5.4,5.8,5.4,5.6,5859,EQ,,,
2009-12-21,5.9,5.9,5.5,5.6,9510,EQ,,,
2009-12-22,5.6,5.75,5.5,5.6,5504,EQ,,,
2009-12-23,5.55,5.55,5.4,5.45,3525,EQ,,,
2009-12-24,5.55,5.55,5.2,5.25,13627,EQ,,,
2009-12-29,5.1,5.5,5.0,5.3,25741,EQ,,,
2009-12-30,5.3,5.3,5.05,5.15,10190,EQ,,,
2009-12-31,5.3,5.35,4.9,5.1,23765,EQ,,,
2010-01-04,5.0,5.1,4.9,5.1,8302,EQ,,,
2010-01-05,5.0,5.3,5.0,5.1,17680,EQ,,,
2010-01-06,5.0,5.3,4.95,5.2,9227,EQ,,,
2010-01-07,5.35,5.5,5.3,5.5,35467,EQ,,,
2010-01-08,5.7,6.05,5.5,6.05,39377,EQ,,,
2010-01-11,6.7,6.7,6.1,6.4,73983,EQ,,,
2010-01-12,6.65,6.65,6.3,6.45,27275,EQ,,,
2010-01-13,6.2,6.25,5.9,6.0,33528,EQ,,,
2010-01-14,6.1,6.3,6.05,6.1,17474,EQ,,,
2010-01-15,6.0,6.45,5.9,6.05,26741,EQ,,,
2010-01-18,5.75,6.5,5.75,6.25,42787,EQ,,,
2010-01-19,6.35,6.35,6.05,6.1,30434,EQ,,,
2010-01-20,5.5,6.25,5.5,6.0,15939,EQ,,,
2010-01-21,6.25,6.25,5.6,5.7,18649,EQ,,,
2010-01-22,5.5,6.0,5.45,5.85,17884,BE,,,
2010-01-25,5.85,5.95,5.6,5.6,9413,BE,,,
2010-01-27,5.4,5.65,5.35,5.35,14807,BE,,,
2010-01-28,5.5,5.5,5.1,5.25,35800,BE,,,
2010-01-29,5.3,5.3,5.0,5.1,14155,BE,,,
2010-02-01,5.15,5.4,5.15,5.35,13845,BE,,,
2010-02-02,5.6,5.65,5.3,5.6,38485,BE,,,
2010-02-03,5.8,5.8,5.4,5.5,26969,BE,,,
2010-02-04,5.7,5.7,5.3,5.45,37900,BE,,,
2010-02-05,5.2,5.6,5.2,5.2,38886,BE,,,
2010-02-06,5.0,5.35,5.0,5.15,35606,BE,,,
2010-02-08,5.05,5.45,5.0,5.15,38220,BE,,,
2010-02-09,5.1,5.35,5.0,5.3,32644,BE,,,
2010-02-10,5.45,5.45,5.05,5.1,681,BE,,,
2010-02-11,5.35,5.35,5.05,5.3,2180,BE,,,
2010-02-15,5.55,5.55,5.05,5.05,6535,BE,,,
2010-02-16,5.25,5.3,5.0,5.3,17572,BE,,,
2010-02-17,5.55,5.55,5.05,5.3,18951,BE,,,
2010-02-18,5.15,5.3,5.05,5.25,8472,BE,,,
2010-02-19,5.0,5.25,5.0,5.2,5314,EQ,,,
2010-02-22,5.0,5.2,4.95,4.95,9148,EQ,,,
2010-02-23,5.0,5.1,4.85,5.05,14655,EQ,,,
2010-02-24,5.05,5.1,4.8,4.9,6743,EQ,,,
2010-02-25,4.9,5.05,4.75,5.05,4601,EQ,,,
2010-02-26,4.85,5.05,4.8,4.85,4320,EQ,,,
2010-03-02,5.05,5.1,4.7,4.85,14833,EQ,,,
2010-03-03,5.0,5.0,4.85,4.9,6108,EQ,,,
2010-03-04,4.9,4.9,4.75,4.8,6086,EQ,,,
2010-03-05,4.95,4.95,4.6,4.8,11391,EQ,,,
2010-03-08,4.65,4.95,4.65,4.75,15880,EQ,,,
2010-03-09,4.4,4.95,4.4,4.8,12911,EQ,,,
2010-03-10,4.55,4.95,4.45,4.95,21182,EQ,,,
2010-03-11,4.6,4.8,4.45,4.65,27869,EQ,,,
2010-03-12,4.8,4.85,4.2,4.3,26630,EQ,,,
2010-03-15,4.15,4.75,4.15,4.45,26681,EQ,,,
2010-03-16,4.8,4.8,4.35,4.4,2784,EQ,,,
2010-03-17,4.45,4.7,4.4,4.5,3620,EQ,,,
2010-03-18,4.7,4.7,4.35,4.45,3551,EQ,,,
2010-03-19,4.75,4.9,4.55,4.65,5470,EQ,,,
2010-03-22,4.7,4.85,4.2,4.25,21103,EQ,,,
2010-03-23,4.2,4.6,4.2,4.4,24660,EQ,,,
2010-03-25,4.4,4.65,4.0,4.3,52693,EQ,,,
2010-03-26,4.0,4.45,4.0,4.1,38230,EQ,,,
2010-03-29,4.1,4.55,3.9,4.5,53935,EQ,,,
2010-03-30,4.5,4.95,4.25,4.75,118363,EQ,,,
2010-03-31,4.6,4.6,4.3,4.4,36435,EQ,,,
2010-04-01,4.55,4.55,4.4,4.4,4670,EQ,,,
2010-04-05,4.3,4.6,4.25,4.4,12702,EQ,,,
2010-04-06,4.55,4.55,4.3,4.45,5117,EQ,,,
2010-04-07,4.55,4.9,4.2,4.8,42986,EQ,,,
2010-04-08,4.8,5.0,4.45,4.85,12050,EQ,,,
2010-04-09,4.85,4.85,4.45,4.5,28654,EQ,,,
2010-04-12,4.45,4.6,4.3,4.45,10148,EQ,,,
2010-04-13,4.9,4.9,4.3,4.35,38745,EQ,,,
2010-04-15,4.3,4.65,4.3,4.45,15243,EQ,,,
2010-04-16,4.5,4.5,4.3,4.4,15652,EQ,,,
2010-04-19,4.2,4.55,4.2,4.35,5350,EQ,,,
2010-04-20,4.25,4.45,4.2,4.3,6863,EQ,,,
2010-04-21,4.5,4.5,4.35,4.4,9831,EQ,,,
2010-04-22,4.5,4.5,4.15,4.2,27695,EQ,,,
2010-04-23,4.4,4.4,4.15,4.15,11753,EQ,,,
2010-04-26,4.1,4.35,4.1,4.3,23674,EQ,,,
2010-04-27,4.2,4.7,4.2,4.35,29247,EQ,,,
2010-04-28,4.25,4.45,4.2,4.4,13100,EQ,,,
2010-04-29,4.4,4.7,4.25,4.6,30987,EQ,,,
2010-04-30,4.45,5.0,4.45,4.65,19877,EQ,,,
2010-05-03,4.7,4.7,4.35,4.35,11868,EQ,,,
2010-05-04,4.25,4.35,4.05,4.15,44913,EQ,,,
2010-05-05,4.15,4.3,3.95,4.15,31640,EQ,,,
2010-05-06,4.25,4.25,4.15,4.15,2610,EQ,,,
2010-05-07,4.15,4.15,3.9,4.15,1314,EQ,,,
2010-05-10,3.7,4.3,3.7,3.85,33118,EQ,,,
2010-05-11,3.85,3.95,3.6,3.8,8901,EQ,,,
2010-05-12,3.85,4.0,3.65,3.75,16000,EQ,,,
2010-05-13,3.75,3.75,3.6,3.7,9900,EQ,,,
2010-05-14,3.85,3.85,3.55,3.7,10394,EQ,,,
2010-05-17,3.5,3.7,3.45,3.5,7572,EQ,,,
2010-05-18,3.45,3.65,3.4,3.45,4296,EQ,,,
2010-05-19,3.4,3.95,3.4,3.5,16222,EQ,,,
2010-05-20,3.35,3.9,3.05,3.45,19053,EQ,,,
2010-05-21,3.15,3.4,3.0,3.35,11675,EQ,,,
2010-05-24,3.15,3.95,3.15,3.6,9020,EQ,,,
2010-05-25,3.25,3.75,3.25,3.45,3044,EQ,,,
2010-05-26,3.35,3.7,3.35,3.35,1501,EQ,,,
2010-05-27,3.3,3.45,3.2,3.35,16542,EQ,,,
2010-05-28,3.45,3.7,3.45,3.7,182,EQ,,,
2010-05-31,4.0,4.0,3.4,3.45,3334,EQ,,,
2010-06-01,3.7,3.75,3.3,3.3,18168,EQ,,,
2010-06-02,3.7,3.9,3.4,3.75,40691,EQ,,,
2010-06-03,3.95,4.0,3.65,3.7,13637,EQ,,,
2010-06-04,3.65,3.75,3.6,3.6,3149,EQ,,,
2010-06-07,3.2,3.7,3.2,3.5,664,EQ,,,
2010-06-08,3.8,4.1,3.5,3.9,19441,EQ,,,
2010-06-09,4.3,4.3,3.85,3.95,10907,EQ,,,
2010-06-10,3.65,4.1,3.65,3.95,8779,EQ,,,
2010-06-11,3.95,4.15,3.75,3.9,6298,EQ,,,
2010-06-14,3.6,4.0,3.6,3.9,8896,EQ,,,
2010-06-15,3.7,4.25,3.7,4.1,26956,EQ,,,
2010-06-16,4.25,4.25,3.9,3.95,15865,EQ,,,
2010-06-17,3.75,4.2,3.7,4.05,18058,EQ,,,
2010-06-18,3.85,4.05,3.8,4.0,2799,EQ,,,
2010-06-21,4.25,4.25,3.75,3.9,12842,EQ,,,
2010-06-22,4.0,4.0,3.75,3.8,3655,EQ,,,
2010-06-23,3.2,4.1,3.2,3.9,3104,EQ,,,
2010-06-24,3.6,4.0,3.6,3.65,16770,EQ,,,
2010-06-25,3.95,3.95,3.7,3.85,6352,EQ,,,
2010-06-28,3.8,3.8,3.65,3.8,3025,EQ,,,
2010-06-29,3.95,3.95,3.75,3.85,4062,EQ,,,
2010-06-30,3.55,3.9,3.55,3.9,110,EQ,,,
2010-07-01,3.7,3.7,3.6,3.65,8427,EQ,,,
2010-07-02,3.45,3.8,3.45,3.65,5081,EQ,,,
2010-07-05,3.7,3.7,3.65,3.65,1100,EQ,,,
2010-07-06,3.65,3.65,3.55,3.6,1650,EQ,,,
2010-07-07,3.9,4.15,3.7,3.75,21495,EQ,,,
2010-07-08,3.5,4.1,3.45,3.95,18244,EQ,,,
2010-07-09,3.7,4.2,3.7,4.1,69866,EQ,,,
2010-07-12,4.25,4.25,3.95,4.1,6619,EQ,,,
2010-07-13,4.0,4.15,3.85,4.05,17801,EQ,,,
2010-07-14,4.05,4.25,3.95,4.15,15059,EQ,,,
2010-07-15,4.75,4.75,3.9,4.05,18373,EQ,,,
2010-07-16,4.9,4.9,4.05,4.1,20220,EQ,,,
2010-07-19,4.1,4.15,3.75,3.95,9816,EQ,,,
2010-07-20,3.9,4.05,3.9,4.05,14346,EQ,,,
2010-07-21,4.1,4.1,3.95,3.95,2100,EQ,,,
2010-07-22,3.9,3.9,3.85,3.85,1018,EQ,,,
2010-07-23,3.85,4.25,3.85,4.15,19440,EQ,,,
2010-07-26,5.0,5.0,4.0,4.0,2934,EQ,,,
2010-07-27,3.85,4.15,3.8,3.95,9280,EQ,,,
2010-07-28,3.9,4.0,3.8,3.85,6748,EQ,,,
2010-07-29,4.05,4.1,3.85,4.05,6066,EQ,,,
2010-07-30,4.05,4.05,3.8,3.8,4348,EQ,,,
2010-08-02,4.0,4.05,3.75,4.0,7922,EQ,,,
2010-08-03,3.8,4.05,3.8,3.8,16004,EQ,,,
2010-08-04,3.75,3.95,3.75,3.95,2427,EQ,,,
2010-08-05,3.8,3.85,3.65,3.75,4651,EQ,,,
2010-08-06,3.7,3.9,3.7,3.85,1420,EQ,,,
2010-08-09,3.75,3.85,3.5,3.8,16036,EQ,,,
2010-08-10,3.8,3.95,3.65,3.7,12213,EQ,,,
2010-08-11,3.65,3.75,3.55,3.75,34074,EQ,,,
2010-08-12,3.6,4.5,3.55,4.5,143650,EQ,,,
2010-08-13,4.75,5.15,4.4,4.6,184969,EQ,,,
2010-08-16,4.95,5.05,4.55,4.75,74857,EQ,,,
2010-08-17,4.55,4.8,4.4,4.45,24592,EQ,,,
2010-08-18,4.25,4.7,4.25,4.4,7621,EQ,,,
2010-08-19,4.65,4.65,4.25,4.3,5768,EQ,,,
2010-08-20,4.3,4.45,4.3,4.35,13010,EQ,,,
2010-08-23,4.35,4.65,4.3,4.3,9660,EQ,,,
2010-08-24,4.5,4.6,4.15,4.3,19010,EQ,,,
2010-08-25,4.3,4.3,3.9,4.1,25548,EQ,,,
2010-08-26,4.05,4.05,3.45,3.9,18659,EQ,,,
2010-08-27,4.05,4.05,3.8,3.85,17959,EQ,,,
2010-08-30,3.75,3.95,3.75,3.9,3218,EQ,,,
2010-08-31,4.0,4.15,3.6,3.85,18103,EQ,,,
2010-09-01,3.75,4.0,3.75,3.85,8888,EQ,,,
2010-09-02,3.8,3.85,3.75,3.85,13550,EQ,,,
2010-09-03,4.05,4.1,3.8,4.05,4552,EQ,,,
2010-09-06,4.0,4.0,3.85,4.0,6802,EQ,,,
2010-09-07,4.0,4.0,3.7,3.7,14045,EQ,,,
2010-09-08,4.15,4.2,3.8,3.85,18456,EQ,,,
2010-09-09,4.1,4.1,3.8,3.85,21800,EQ,,,
2010-09-13,4.3,4.3,3.8,3.85,14880,EQ,,,
2010-09-14,4.05,4.05,3.75,3.8,16675,EQ,,,
2010-09-15,3.95,3.95,3.8,3.9,6387,EQ,,,
2010-09-16,4.2,4.2,3.65,3.7,20856,EQ,,,
2010-09-17,3.7,3.9,3.65,3.65,15137,EQ,,,
2010-09-20,3.85,3.85,3.65,3.7,2174,EQ,,,
2010-09-21,3.7,3.9,3.7,3.7,2792,EQ,,,
2010-09-22,3.85,3.85,3.6,3.65,10347,EQ,,,
2010-09-23,3.6,3.8,3.5,3.65,23725,EQ,,,
2010-09-24,3.8,3.8,3.6,3.6,2977,EQ,,,
2010-09-27,3.75,3.75,3.6,3.6,3422,EQ,,,
2010-09-28,3.6,3.9,3.6,3.7,33170,EQ,,,
2010-09-29,3.75,3.75,3.6,3.6,10230,EQ,,,
2010-09-30,3.6,3.8,3.6,3.65,8100,EQ,,,
2010-10-01,3.6,3.8,3.45,3.75,4590,EQ,,,
2010-10-04,3.55,3.8,3.5,3.75,7989,EQ,,,
2010-10-05,3.75,3.75,3.65,3.7,3455,EQ,,,
2010-10-06,3.65,3.75,3.6,3.7,5463,EQ,,,
2010-10-07,3.6,3.75,3.0,3.55,24964,EQ,,,
2010-10-08,3.8,3.8,3.65,3.7,17552,EQ,,,
2010-10-11,3.6,3.95,3.6,3.75,21095,EQ,,,
2010-10-12,3.8,3.85,3.7,3.75,6428,EQ,,,
2010-10-13,3.8,4.0,3.8,3.95,8783,EQ,,,
2010-10-14,3.9,4.15,3.85,4.15,19084,EQ,,,
2010-10-15,3.85,4.15,3.8,3.85,4121,EQ,,,
2010-10-18,3.95,4.2,3.85,4.05,26453,EQ,,,
2010-10-19,4.0,4.0,3.8,3.8,3800,EQ,,,
2010-10-20,3.9,4.05,3.85,3.95,23113,EQ,,,
2010-10-21,4.0,4.0,3.65,3.7,5642,EQ,,,
2010-10-22,3.65,3.95,3.65,3.9,15316,EQ,,,
2010-10-25,3.75,3.85,3.7,3.7,12025,EQ,,,
2010-10-26,3.9,3.9,3.65,3.7,19766,EQ,,,
2010-10-27,3.85,3.85,3.6,3.75,6018,EQ,,,
2010-10-28,3.65,3.75,3.5,3.7,28935,EQ,,,
2010-10-29,3.5,3.7,3.5,3.7,548,EQ,,,
2010-11-01,3.4,3.7,3.4,3.6,6739,EQ,,,
2010-11-02,3.6,3.65,3.3,3.65,23080,EQ,,,
2010-11-03,3.8,3.8,3.55,3.6,6315,EQ,,,
2010-11-04,3.65,3.8,3.55,3.7,2650,EQ,,,
2010-11-05,3.55,3.85,3.5,3.8,5431,EQ,,,
2010-11-08,3.55,3.75,3.55,3.65,7735,EQ,,,
2010-11-09,3.65,3.85,3.65,3.8,8195,EQ,,,
2010-11-10,3.7,4.0,3.55,3.75,56383,EQ,,,
2010-11-11,3.95,3.95,3.8,3.85,12604,EQ,,,
2010-11-12,3.85,3.9,3.8,3.8,11185,EQ,,,
2010-11-15,3.8,4.1,3.7,4.0,39872,EQ,,,
2010-11-16,3.75,4.1,3.75,4.0,28347,EQ,,,
2010-11-18,4.1,4.2,3.95,4.1,33415,EQ,,,
2010-11-19,4.0,4.2,4.0,4.1,45119,EQ,,,
2010-11-22,3.7,4.4,3.7,4.2,24763,EQ,,,
2010-11-23,4.45,4.7,4.3,4.45,42605,EQ,,,
2010-11-24,4.35,5.3,4.0,4.9,61819,EQ,,,
2010-11-25,4.75,5.45,4.55,5.15,93381,EQ,,,
2010-11-26,4.95,5.25,4.2,5.0,68901,EQ,,,
2010-11-29,4.75,5.3,4.75,5.05,85048,EQ,,,
2010-11-30,4.65,5.7,4.65,5.45,95160,EQ,,,
2010-12-01,5.45,5.7,5.15,5.55,98310,EQ,,,
2010-12-02,5.8,5.8,4.9,5.05,257797,EQ,,,
2010-12-03,5.2,6.0,5.0,5.6,567534,EQ,,,
2010-12-06,6.5,6.5,5.5,5.9,218585,EQ,,,
2010-12-07,5.95,6.0,5.0,5.2,163872,EQ,,,
2010-12-08,5.05,5.4,4.6,4.7,95055,EQ,,,
2010-12-09,4.55,5.1,3.8,4.0,90337,EQ,,,
2010-12-10,4.0,4.2,3.95,4.15,17122,BE,,,
2010-12-13,4.0,4.4,4.0,4.4,21994,BE,,,
2010-12-14,4.4,4.65,4.3,4.65,9122,BE,,,
2010-12-15,4.85,4.9,4.75,4.9,29210,BE,,,
2010-12-16,4.65,5.0,4.65,4.8,18995,BE,,,
2010-12-20,4.65,4.85,4.6,4.6,18267,BE,,,
2010-12-21,4.4,4.6,4.4,4.45,27994,BE,,,
2010-12-22,4.25,4.55,4.25,4.25,34460,BE,,,
2010-12-23,4.5,4.5,4.05,4.15,48462,BE,,,
2010-12-24,4.0,4.3,4.0,4.15,36768,BE,,,
2010-12-27,4.0,4.4,4.0,4.25,21944,BE,,,
2010-12-28,4.1,4.35,4.05,4.05,14179,BE,,,
2010-12-29,4.1,4.25,4.1,4.1,6948,BE,,,
2010-12-30,4.1,4.35,4.1,4.3,11476,BE,,,
2010-12-31,4.2,4.4,4.1,4.15,20975,BE,,,
2011-01-03,4.1,4.4,4.0,4.1,9354,BE,,,
2011-01-04,4.2,4.35,4.1,4.1,22265,BE,,,
2011-01-05,3.9,4.3,3.9,4.05,10856,BE,,,
2011-01-06,4.0,4.2,3.95,4.0,9338,BE,,,
2011-01-07,4.0,4.0,3.85,3.85,9262,BE,,,
2011-01-10,3.85,3.85,3.7,3.75,17265,BE,,,
2011-01-11,3.8,3.85,3.8,3.85,281,BE,,,
2011-01-12,4.0,4.05,4.0,4.05,2027,BE,,,
2011-01-13,4.0,4.25,4.0,4.2,16965,BE,,,
2011-01-14,4.0,4.4,4.0,4.35,6491,BE,,,
2011-01-17,4.15,4.15,4.15,4.15,1055,BE,,,
2011-01-18,4.0,4.3,3.95,3.95,3602,BE,,,
2011-01-19,4.05,4.05,3.85,3.9,4789,BE,,,
2011-01-20,3.75,3.9,3.75,3.9,570,BE,,,
2011-01-21,3.8,3.85,3.8,3.8,6141,BE,,,
2011-01-24,3.8,4.0,3.75,3.8,6334,BE,,,
2011-01-25,3.7,4.0,3.7,3.85,2458,BE,,,
2011-01-27,3.7,3.8,3.7,3.75,1733,BE,,,
2011-01-28,3.65,3.65,3.6,3.6,500,BE,,,
2011-01-31,3.55,3.55,3.55,3.55,10,BE,,,
2011-02-01,3.55,3.75,3.45,3.55,16850,BE,,,
2011-02-02,3.45,3.6,3.45,3.45,551,BE,,,
2011-02-04,3.6,3.65,3.5,3.55,2800,BE,,,
2011-02-07,3.4,3.45,3.4,3.45,958,BE,,,
2011-02-08,3.35,3.45,3.35,3.4,6985,BE,,,
2011-02-09,3.25,3.5,3.25,3.45,1285,BE,,,
2011-02-10,3.6,3.6,3.3,3.5,1503,BE,,,
2011-02-11,3.35,3.6,3.35,3.45,6313,BE,,,
2011-02-14,3.4,3.65,3.3,3.5,6040,BE,,,
2011-02-15,3.5,3.7,3.5,3.65,20,BE,,,
2011-02-16,3.65,3.65,3.55,3.55,990,BE,,,
2011-02-17,3.4,3.65,3.4,3.4,3174,BE,,,
2011-02-18,3.3,3.55,3.3,3.3,1650,BE,,,
2011-02-21,3.5,3.5,3.25,3.25,110,BE,,,
2011-02-22,3.2,3.2,3.2,3.2,140,BE,,,
2011-02-23,3.25,3.25,3.05,3.05,5516,BE,,,
2011-02-24,3.05,3.05,2.95,3.0,25006,BE,,,
2011-02-25,2.9,3.05,2.85,3.0,13593,BE,,,
2011-02-28,2.95,2.95,2.95,2.95,103,BE,,,
2011-03-03,2.9,2.9,2.9,2.9,1,BE,,,
2011-03-04,2.9,3.0,2.9,2.95,1220,BE,,,
2011-03-07,2.8,2.95,2.8,2.9,5834,EQ,,,
2011-03-08,2.85,3.2,2.85,3.0,4525,EQ,,,
2011-03-09,2.7,3.2,2.7,3.1,7249,EQ,,,
2011-03-10,3.05,3.4,2.85,3.0,21179,EQ,,,
2011-03-11,3.25,3.25,2.85,3.05,2809,EQ,,,
2011-03-14,2.9,3.2,2.8,3.0,6252,EQ,,,
2011-03-15,2.8,3.3,2.8,3.1,6531,EQ,,,
2011-03-16,2.95,3.15,2.95,3.15,1904,EQ,,,
2011-03-17,3.0,3.2,2.95,2.95,9434,EQ,,,
2011-03-18,2.8,2.9,2.8,2.9,1111,EQ,,,
2011-03-21,2.8,2.85,2.8,2.85,195,EQ,,,
2011-03-22,2.8,2.9,2.8,2.9,11786,EQ,,,
2011-03-23,2.8,2.95,2.65,2.85,8585,EQ,,,
2011-03-24,2.7,2.85,2.65,2.7,6361,EQ,,,
2011-03-25,2.65,3.0,2.65,2.85,16251,EQ,,,
2011-03-28,2.9,3.0,2.8,2.8,11912,EQ,,,
2011-03-29,2.75,2.75,2.65,2.65,3706,EQ,,,
2011-03-30,2.6,2.75,2.6,2.6,2842,EQ,,,
2011-03-31,2.55,2.75,2.55,2.6,5812,EQ,,,
2011-04-01,2.45,2.9,2.45,2.85,9201,EQ,,,
2011-04-04,3.15,3.15,3.15,3.15,5422,EQ,,,
2011-04-05,3.15,3.45,3.15,3.35,7770,EQ,,,
2011-04-06,3.6,3.6,3.15,3.2,3045,EQ,,,
2011-04-07,3.2,3.4,3.2,3.4,8847,EQ,,,
2011-04-08,3.6,3.6,3.25,3.4,10123,EQ,,,
2011-04-11,3.25,3.25,3.25,3.25,1200,EQ,,,
2011-04-13,3.1,3.35,3.1,3.35,1100,EQ,,,
2011-04-15,3.35,3.35,3.2,3.2,1525,EQ,,,
2011-04-18,3.3,3.3,3.05,3.05,2904,EQ,,,
2011-04-19,2.9,3.0,2.9,3.0,4390,EQ,,,
2011-04-20,3.0,3.15,2.85,2.85,62,EQ,,,
2011-04-21,3.0,3.0,3.0,3.0,85,EQ,,,
2011-04-25,3.0,3.1,2.85,3.1,2200,EQ,,,
2011-04-26,2.95,2.95,2.95,2.95,106,EQ,,,
2011-04-27,3.0,3.1,2.8,2.8,9241,EQ,,,
2011-04-28,2.75,2.95,2.7,2.95,8272,EQ,,,
2011-04-29,2.95,3.1,2.9,3.1,21418,EQ,,,
2011-05-02,3.05,3.05,2.95,2.95,2575,EQ,,,
2011-05-03,2.8,3.1,2.8,3.1,1100,EQ,,,
2011-05-04,3.0,3.0,2.95,2.95,313,EQ,,,
2011-05-05,2.8,3.0,2.8,2.85,35,EQ,,,
2011-05-06,3.0,3.15,2.65,2.7,2013,EQ,,,
2011-05-09,2.6,2.95,2.45,2.45,12970,EQ,,,
2011-05-10,2.2,2.7,2.2,2.65,1634,EQ,,,
2011-05-11,2.6,2.7,2.6,2.7,360,EQ,,,
2011-05-12,3.0,3.0,2.7,2.9,119,EQ,,,
2011-05-13,2.7,2.9,2.65,2.8,4218,EQ,,,
2011-05-16,2.8,2.8,2.65,2.65,1503,EQ,,,
2011-05-17,2.6,2.85,2.4,2.6,3627,EQ,,,
2011-05-18,2.55,2.85,2.55,2.7,3380,EQ,,,
2011-05-19,2.55,2.65,2.55,2.6,1220,EQ,,,
2011-05-20,2.6,2.8,2.6,2.8,5467,EQ,,,
2011-05-23,2.65,2.9,2.6,2.8,1520,EQ,,,
2011-05-24,2.6,2.8,2.55,2.75,2031,EQ,,,
2011-05-25,2.55,2.8,2.55,2.65,6,EQ,,,
2011-05-26,2.75,2.75,2.45,2.75,3055,EQ,,,
2011-05-27,2.75,2.85,2.5,2.55,13322,EQ,,,
2011-05-30,2.55,2.75,2.55,2.55,1104,EQ,,,
2011-05-31,2.55,2.7,2.3,2.6,18489,EQ,,,
2011-06-01,2.6,2.7,2.6,2.6,1964,EQ,,,
2011-06-02,2.7,2.85,2.55,2.55,5002,EQ,,,
2011-06-03,2.6,2.85,2.6,2.8,7979,EQ,,,
2011-06-06,2.7,2.85,2.7,2.85,392,EQ,,,
2011-06-07,2.85,3.0,2.85,2.9,9671,EQ,,,
2011-06-08,3.0,3.0,2.85,2.9,6084,EQ,,,
2011-06-09,2.95,2.95,2.9,2.9,1706,EQ,,,
2011-06-10,2.9,3.0,2.65,3.0,17181,EQ,,,
2011-06-13,2.75,3.0,2.7,2.9,11657,EQ,,,
2011-06-14,2.95,2.95,2.7,2.9,2024,EQ,,,
2011-06-15,2.85,2.85,2.8,2.8,2800,EQ,,,
2011-06-16,2.75,2.9,2.75,2.8,24,EQ,,,
2011-06-17,2.85,2.95,2.7,2.75,16955,EQ,,,
2011-06-20,2.7,2.75,2.5,2.7,32540,EQ,,,
2011-06-21,2.5,2.65,2.5,2.5,2206,EQ,,,
2011-06-22,2.55,2.55,2.3,2.35,15369,EQ,,,
2011-06-23,2.4,2.55,2.35,2.4,3085,EQ,,,
2011-06-24,2.35,2.6,2.35,2.5,3014,EQ,,,
2011-06-27,2.6,2.6,2.4,2.5,11059,EQ,,,
2011-06-28,2.6,2.6,2.6,2.6,236,EQ,,,
2011-06-29,2.5,2.5,2.5,2.5,3003,EQ,,,
2011-06-30,2.5,2.65,2.5,2.65,2097,EQ,,,
2011-07-01,2.55,2.8,2.55,2.7,13142,EQ,,,
2011-07-04,2.7,2.85,2.7,2.8,9804,EQ,,,
2011-07-05,2.9,2.95,2.85,2.95,14188,EQ,,,
2011-07-06,2.85,3.1,2.85,3.05,39340,EQ,,,
2011-07-07,3.0,3.2,3.0,3.2,13199,EQ,,,
2011-07-08,3.35,3.4,3.35,3.4,29857,EQ,,,
2011-07-11,3.45,3.5,3.25,3.25,17050,EQ,,,
2011-07-12,3.2,3.25,3.1,3.2,1720,EQ,,,
2011-07-13,3.2,3.4,3.1,3.4,17702,EQ,,,
2011-07-14,3.25,3.35,3.25,3.25,5010,EQ,,,
2011-07-15,3.2,3.4,3.2,3.3,4530,EQ,,,
2011-07-18,3.4,3.5,3.4,3.5,15008,EQ,,,
2011-07-19,3.55,3.55,3.35,3.4,4629,EQ,,,
2011-07-20,3.3,3.3,3.25,3.25,699,EQ,,,
2011-07-21,3.15,3.25,3.1,3.25,1501,EQ,,,
2011-07-22,3.1,3.1,3.1,3.1,10,BE,,,
2011-07-25,3.3,3.3,3.3,3.3,1,BE,,,
2011-07-26,3.2,3.2,3.2,3.2,740,BE,,,
2011-07-27,3.05,3.4,3.05,3.4,1756,BE,,,
2011-07-29,3.45,3.45,3.45,3.45,300,BE,,,
2011-08-01,3.45,3.45,3.45,3.45,20,BE,,,
2011-08-02,3.4,3.4,3.4,3.4,1000,BE,,,
2011-08-04,3.25,3.25,3.25,3.25,100,BE,,,
2011-08-05,3.1,3.1,3.1,3.1,100,BE,,,
2011-08-09,2.95,2.95,2.95,2.95,2000,BE,,,
2011-08-10,3.0,3.0,3.0,3.0,701,BE,,,
2011-08-11,2.95,2.95,2.85,2.85,850,BE,,,
2011-08-12,2.95,2.95,2.95,2.95,1,BE,,,
2011-08-16,3.0,3.0,3.0,3.0,1,BE,,,
2011-08-18,2.85,2.85,2.85,2.85,500,BE,,,
2011-08-19,2.75,2.75,2.75,2.75,50,BE,,,
2011-08-22,2.65,2.65,2.65,2.65,32000,BE,,,
2011-08-23,2.55,2.55,2.55,2.55,7,BE,,,
2011-08-24,2.45,2.45,2.45,2.45,6420,BE,,,
2011-08-25,2.45,2.6,2.45,2.6,1000,BE,,,
2011-08-26,2.5,2.5,2.5,2.5,500,BE,,,
2011-08-29,2.65,2.65,2.4,2.4,2001,BE,,,
2011-08-30,2.55,2.55,2.3,2.3,6031,BE,,,
2011-09-05,2.2,2.35,2.2,2.35,1001,BE,,,
2011-09-06,2.25,2.4,2.25,2.35,1500,EQ,,,
2011-09-07,2.35,2.45,2.35,2.45,202,EQ,,,
2011-09-08,2.55,2.6,2.55,2.6,16217,EQ,,,
2011-09-09,2.75,2.75,2.75,2.75,34914,EQ,,,
2011-09-12,2.85,2.9,2.7,2.9,45184,EQ,,,
2011-09-13,3.05,3.05,3.05,3.05,27067,EQ,,,
2011-09-14,3.0,3.1,2.9,2.9,7703,EQ,,,
2011-09-15,3.0,3.05,2.85,3.0,5367,EQ,,,
2011-09-16,3.0,3.05,2.85,2.85,8000,EQ,,,
2011-09-19,2.9,2.9,2.9,2.9,3,EQ,,,
2011-09-20,2.85,2.85,2.75,2.85,957,EQ,,,
2011-09-21,2.95,2.95,2.75,2.85,2605,EQ,,,
2011-09-22,2.75,2.95,2.75,2.8,2120,EQ,,,
2011-09-23,2.7,2.85,2.7,2.7,214,EQ,,,
2011-09-26,2.65,2.65,2.6,2.6,5800,EQ,,,
2011-09-27,2.55,2.65,2.5,2.6,5589,EQ,,,
2011-09-28,2.5,2.5,2.5,2.5,10100,EQ,,,
2011-09-29,2.5,2.5,2.5,2.5,200,EQ,,,
2011-09-30,2.6,2.65,2.4,2.4,2699,EQ,,,
2011-10-03,2.35,2.4,2.35,2.35,3701,EQ,,,
2011-10-04,2.3,2.3,2.3,2.3,30,EQ,,,
2011-10-05,2.2,2.45,2.2,2.45,1578,EQ,,,
2011-10-07,2.4,2.6,2.4,2.5,16,EQ,,,
2011-10-10,2.4,2.4,2.4,2.4,14,EQ,,,
2011-10-11,2.35,2.35,2.35,2.35,40,EQ,,,
2011-10-13,2.5,2.5,2.5,2.5,100,EQ,,,
2011-10-14,2.4,2.65,2.4,2.65,4130,EQ,,,
2011-10-18,2.75,2.75,2.75,2.75,25,EQ,,,
2011-10-24,2.8,2.8,2.8,2.8,25,EQ,,,
2011-10-25,2.9,2.95,2.9,2.95,2,EQ,,,
2011-11-01,2.8,2.8,2.8,2.8,100,EQ,,,
2011-11-02,2.8,2.8,2.8,2.8,1,EQ,,,
2011-11-03,2.7,2.7,2.7,2.7,100,EQ,,,
2011-11-04,2.75,2.75,2.75,2.75,4500,EQ,,,
2011-11-08,2.95,3.0,2.5,2.5,1558,EQ,,,
2011-11-09,2.5,2.5,2.25,2.3,11875,EQ,,,
2011-11-11,2.2,2.5,2.2,2.5,7530,EQ,,,
2011-11-14,2.3,2.45,2.25,2.45,4340,EQ,,,
2011-11-16,2.2,2.2,2.2,2.2,3,EQ,,,
2011-11-17,2.0,2.2,2.0,2.2,875,EQ,,,
2011-11-18,2.0,2.4,2.0,2.0,1627,EQ,,,
2011-11-21,1.8,2.0,1.8,1.9,934,EQ,,,
2011-11-22,1.85,2.1,1.85,1.9,3064,EQ,,,
2011-11-23,1.9,1.95,1.85,1.95,403,EQ,,,
2011-11-24,1.85,1.85,1.85,1.85,163,EQ,,,
2011-11-25,1.95,1.95,1.85,1.85,1181,EQ,,,
2011-11-28,1.8,1.8,1.8,1.8,7,EQ,,,
2011-11-29,1.85,1.85,1.85,1.85,87,EQ,,,
2011-11-30,1.8,1.8,1.8,1.8,9,EQ,,,
2011-12-01,1.85,1.85,1.85,1.85,3,EQ,,,
2011-12-02,1.9,1.9,1.9,1.9,800,EQ,,,
2011-12-05,1.9,1.9,1.9,1.9,10,EQ,,,
2011-12-07,2.0,2.0,2.0,2.0,24,EQ,,,
2011-12-08,1.9,1.9,1.9,1.9,3812,EQ,,,
2011-12-09,2.0,2.0,2.0,2.0,2,EQ,,,
2011-12-13,1.9,2.1,1.9,2.1,15325,EQ,,,
2011-12-14,2.05,2.05,2.05,2.05,3069,EQ,,,
2011-12-15,2.0,2.1,2.0,2.1,770,EQ,,,
2011-12-16,2.0,2.0,2.0,2.0,9,EQ,,,
2011-12-19,2.0,2.0,1.9,2.0,900,EQ,,,
2011-12-22,1.9,2.1,1.9,2.1,5799,EQ,,,
2011-12-23,2.2,2.2,2.2,2.2,2000,BE,,,
2011-12-26,2.1,2.1,2.1,2.1,5,BE,,,
2011-12-28,2.0,2.0,2.0,2.0,8,BE,,,
2011-12-29,1.95,1.95,1.9,1.9,176,BE,,,
2012-01-02,1.8,1.8,1.8,1.8,705,BE,,,
2012-01-03,1.75,1.85,1.75,1.75,2245,BE,,,
2012-01-04,1.75,1.8,1.7,1.8,5028,BE,,,
2012-01-09,1.85,1.85,1.85,1.85,1000,BE,,,
2012-01-10,1.9,1.9,1.9,1.9,50,BE,,,
2012-01-12,2.0,2.0,1.85,1.95,2150,BE,,,
2012-01-13,2.0,2.0,1.85,1.9,1550,BE,,,
2012-01-16,1.9,2.0,1.9,2.0,1507,BE,,,
2012-01-17,2.0,2.0,2.0,2.0,2,BE,,,
2012-01-18,2.0,2.05,2.0,2.0,3,BE,,,
2012-01-19,2.1,2.1,2.1,2.1,2502,BE,,,
2012-01-20,2.2,2.2,2.15,2.15,102,BE,,,
2012-01-23,2.05,2.05,2.05,2.05,200,BE,,,
2012-01-24,2.0,2.0,2.0,2.0,600,BE,,,
2012-01-30,2.1,2.1,2.1,2.1,2000,BE,,,
2012-01-31,2.1,2.2,2.1,2.1,1175,BE,,,
2012-02-01,2.0,2.0,2.0,2.0,1,BE,,,
2012-02-02,2.1,2.1,2.1,2.1,1000,BE,,,
2012-02-03,2.2,2.2,2.1,2.1,199,BE,,,
2012-02-06,2.0,2.0,2.0,2.0,1500,BE,,,
2012-02-07,2.1,2.1,2.1,2.1,1519,BE,,,
2012-02-08,2.0,2.0,2.0,2.0,205,BE,,,
2012-02-09,2.0,2.1,1.9,1.9,6090,BE,,,
2012-02-10,1.95,1.95,1.95,1.95,2,BE,,,
2012-02-13,2.0,2.0,2.0,2.0,3000,BE,,,
2012-02-14,1.9,2.1,1.9,2.0,6600,BE,,,
2012-02-16,1.9,1.95,1.9,1.9,930,BE,,,
2012-02-21,1.9,1.9,1.9,1.9,330,BE,,,
2012-02-22,1.9,1.9,1.85,1.85,4600,BE,,,
2012-02-23,1.8,1.8,1.8,1.8,1000,BE,,,
2012-02-27,1.75,1.75,1.75,1.75,1000,BE,,,
2012-03-01,1.75,1.75,1.75,1.75,300,BE,,,
2012-03-02,1.8,1.8,1.8,1.8,6170,EQ,,,
2012-03-05,1.75,1.85,1.75,1.75,14000,EQ,,,
2012-03-06,1.75,1.75,1.75,1.75,21,EQ,,,
2012-03-07,1.8,1.8,1.7,1.8,8050,EQ,,,
2012-03-09,1.8,1.85,1.75,1.8,18603,EQ,,,
2012-03-12,1.85,1.85,1.75,1.8,1571,EQ,,,
2012-03-13,1.85,1.85,1.75,1.75,160,EQ,,,
2012-03-14,1.7,1.8,1.7,1.7,2000,EQ,,,
2012-03-15,1.75,1.75,1.7,1.7,731,EQ,,,
2012-03-16,1.7,1.7,1.65,1.7,2000,EQ,,,
2012-03-20,1.75,1.75,1.65,1.7,3010,EQ,,,
2012-03-21,1.7,1.7,1.7,1.7,4500,EQ,,,
2012-03-22,1.65,1.65,1.65,1.65,5,EQ,,,
2012-03-26,1.6,1.65,1.6,1.65,4014,EQ,,,
2012-03-27,1.6,1.6,1.6,1.6,11,EQ,,,
2012-03-28,1.6,1.65,1.55,1.6,1056,EQ,,,
2012-03-29,1.6,1.65,1.55,1.6,3002,EQ,,,
2012-03-30,1.55,1.65,1.55,1.6,204,EQ,,,
2012-04-02,1.55,1.55,1.55,1.55,21,EQ,,,
2012-04-03,1.55,1.55,1.55,1.55,29,EQ,,,
2012-04-09,1.6,1.6,1.6,1.6,14,EQ,,,
2012-04-10,1.55,1.55,1.55,1.55,1413,EQ,,,
2012-04-11,1.55,1.55,1.55,1.55,1000,EQ,,,
2012-04-13,1.6,1.6,1.6,1.6,1622,EQ,,,
2012-04-16,1.6,1.65,1.6,1.65,216,EQ,,,
2012-04-17,1.65,1.65,1.65,1.65,5,EQ,,,
2012-04-18,1.7,1.7,1.7,1.7,2,EQ,,,
2012-04-19,1.75,1.75,1.75,1.75,9,EQ,,,
2012-04-20,1.75,1.8,1.75,1.8,3998,EQ,,,
2012-04-26,1.85,1.85,1.85,1.85,91,EQ,,,
2012-04-27,1.85,1.85,1.8,1.8,120,EQ,,,
2012-05-03,1.75,1.75,1.75,1.75,33600,EQ,,,
2012-05-04,1.7,1.7,1.7,1.7,400,EQ,,,
2012-05-08,1.75,1.75,1.75,1.75,1,EQ,,,
2012-05-09,1.7,1.7,1.7,1.7,12,EQ,,,
2012-05-10,1.65,1.65,1.65,1.65,33601,EQ,,,
2012-05-11,1.6,1.6,1.6,1.6,1,EQ,,,
2012-05-14,1.55,1.55,1.55,1.55,1,EQ,,,
2012-05-15,1.5,1.5,1.5,1.5,11,EQ,,,
2012-05-16,1.45,1.45,1.45,1.45,23,EQ,,,
2012-05-17,1.4,1.45,1.4,1.45,1852,EQ,,,
2012-05-18,1.4,1.5,1.4,1.5,3191,EQ,,,
2012-05-21,1.45,1.55,1.45,1.55,1017,EQ,,,
2012-05-22,1.5,1.5,1.5,1.5,500,EQ,,,
2012-05-23,1.55,1.55,1.55,1.55,1,EQ,,,
2012-05-24,1.6,1.6,1.6,1.6,1,EQ,,,
2012-05-25,1.65,1.65,1.55,1.55,3002,EQ,,,
2012-05-28,1.5,1.5,1.5,1.5,1,EQ,,,
2012-05-29,1.5,1.55,1.45,1.5,3295,EQ,,,
2012-05-30,1.5,1.5,1.5,1.5,1,EQ,,,
2012-05-31,1.45,1.55,1.45,1.55,1298,EQ,,,
2012-06-01,1.6,1.6,1.6,1.6,1,EQ,,,
2012-06-04,1.6,1.6,1.6,1.6,10,EQ,,,
2012-06-05,1.6,1.65,1.6,1.65,102,EQ,,,
2012-06-06,1.7,1.7,1.7,1.7,399,EQ,,,
2012-06-07,1.75,1.75,1.75,1.75,1,EQ,,,
2012-06-11,1.7,1.7,1.7,1.7,2291,EQ,,,
2012-06-12,1.65,1.7,1.65,1.7,1885,EQ,,,
2012-06-13,1.7,1.7,1.7,1.7,4988,EQ,,,
2012-06-14,1.7,1.7,1.7,1.7,225,EQ,,,
2012-06-15,1.7,1.7,1.7,1.7,1500,EQ,,,
2012-06-18,1.75,1.75,1.7,1.7,28790,EQ,,,
2012-06-19,1.7,1.7,1.7,1.7,2792,EQ,,,
2012-06-20,1.65,1.7,1.65,1.7,3060,EQ,,,
2012-06-21,1.65,1.75,1.65,1.75,4008,EQ,,,
2012-06-22,1.8,1.8,1.8,1.8,3000,EQ,,,
2012-06-25,1.75,1.85,1.75,1.85,2509,EQ,,,
2012-06-26,1.8,1.9,1.8,1.8,4200,EQ,,,
2012-06-27,1.8,1.8,1.75,1.75,7969,EQ,,,
2012-06-28,1.7,1.8,1.7,1.8,2003,EQ,,,
2012-06-29,1.85,1.85,1.75,1.85,19039,EQ,,,
2012-07-03,1.8,1.8,1.8,1.8,10115,EQ,,,
2012-07-04,1.85,1.85,1.75,1.75,4608,EQ,,,
2012-07-05,1.8,1.8,1.7,1.7,2806,EQ,,,
2012-07-06,1.75,1.75,1.65,1.65,1246,EQ,,,
2012-07-09,1.6,1.65,1.6,1.6,2672,EQ,,,
2012-07-10,1.55,1.55,1.55,1.55,15,EQ,,,
2012-07-11,1.55,1.55,1.55,1.55,1,EQ,,,
2012-07-12,1.55,1.55,1.55,1.55,501,EQ,,,
2012-07-13,1.6,1.6,1.5,1.5,2220,EQ,,,
2012-07-17,1.5,1.5,1.5,1.5,10202,EQ,,,
2012-07-19,1.45,1.45,1.45,1.45,1,EQ,,,
2012-07-20,1.5,1.5,1.5,1.5,5,EQ,,,
2012-07-24,1.55,1.55,1.55,1.55,1,EQ,,,
2012-07-25,1.6,1.6,1.5,1.5,3002,EQ,,,
2012-07-26,1.5,1.55,1.5,1.5,4,EQ,,,
2012-07-27,1.5,1.55,1.45,1.45,6188,EQ,,,
2012-07-30,1.45,1.45,1.4,1.4,12106,EQ,,,
2012-07-31,1.35,1.45,1.35,1.4,2350,EQ,,,
2012-08-01,1.45,1.45,1.45,1.45,500,EQ,,,
2012-08-02,1.5,1.5,1.5,1.5,201,EQ,,,
2012-08-03,1.55,1.55,1.5,1.5,31,EQ,,,
2012-08-06,1.55,1.55,1.55,1.55,1374,EQ,,,
2012-08-07,1.5,1.55,1.5,1.55,13,EQ,,,
2012-08-08,1.5,1.5,1.5,1.5,21550,EQ,,,
2012-08-09,1.5,1.5,1.5,1.5,23986,EQ,,,
2012-08-10,1.5,1.5,1.5,1.5,40512,EQ,,,
2012-08-13,1.5,1.5,1.5,1.5,382,EQ,,,
2012-08-14,1.5,1.5,1.45,1.45,15900,EQ,,,
2012-08-17,1.45,1.5,1.4,1.5,37639,EQ,,,
2012-08-21,1.5,1.5,1.5,1.5,200,EQ,,,
2012-08-22,1.45,1.45,1.45,1.45,50,EQ,,,
2012-08-23,1.4,1.4,1.4,1.4,50,EQ,,,
2012-08-24,1.4,1.4,1.4,1.4,4150,EQ,,,
2012-08-27,1.4,1.4,1.35,1.35,6522,EQ,,,
2012-08-28,1.3,1.35,1.3,1.35,1041,EQ,,,
2012-08-29,1.3,1.3,1.3,1.3,1000,EQ,,,
2012-08-30,1.25,1.3,1.25,1.3,1279,EQ,,,
2012-08-31,1.25,1.25,1.25,1.25,1,EQ,,,
2012-09-03,1.2,1.2,1.2,1.2,7500,EQ,,,
2012-09-04,1.15,1.2,1.15,1.2,20900,EQ,,,
2012-09-05,1.25,1.25,1.15,1.15,28949,EQ,,,
2012-09-07,1.2,1.2,1.2,1.2,1423,EQ,,,
2012-09-08,1.25,1.25,1.25,1.25,281,EQ,,,
2012-09-10,1.25,1.25,1.25,1.25,1966,EQ,,,
2012-09-11,1.3,1.3,1.25,1.25,3001,EQ,,,
2012-09-13,1.3,1.3,1.25,1.3,7,EQ,,,
2012-09-14,1.3,1.35,1.25,1.35,16159,EQ,,,
2012-09-17,1.35,1.35,1.3,1.3,2157,EQ,,,
2012-09-18,1.35,1.35,1.3,1.3,2791,EQ,,,
2012-09-20,1.25,1.35,1.25,1.35,6976,EQ,,,
2012-09-21,1.3,1.3,1.3,1.3,27626,EQ,,,
2012-09-24,1.3,1.35,1.25,1.3,7104,EQ,,,
2012-09-25,1.3,1.3,1.25,1.25,970,EQ,,,
2012-09-26,1.25,1.25,1.2,1.2,5205,EQ,,,
2012-09-27,1.2,1.25,1.2,1.25,704,EQ,,,
2012-09-28,1.3,1.3,1.2,1.2,1140,EQ,,,
2012-10-01,1.2,1.25,1.2,1.25,38,EQ,,,
2012-10-03,1.3,1.3,1.3,1.3,9,EQ,,,
2012-10-04,1.35,1.35,1.35,1.35,16235,EQ,,,
2012-10-05,1.4,1.4,1.3,1.4,2521,EQ,,,
2012-10-08,1.4,1.4,1.35,1.35,14339,EQ,,,
2012-10-09,1.4,1.4,1.4,1.4,2490,EQ,,,
2012-10-10,1.4,1.45,1.4,1.45,10000,EQ,,,
2012-10-11,1.4,1.4,1.4,1.4,6026,EQ,,,
2012-10-12,1.45,1.45,1.4,1.45,4631,EQ,,,
2012-10-15,1.4,1.4,1.4,1.4,7543,EQ,,,
2012-10-16,1.35,1.35,1.35,1.35,6715,EQ,,,
2012-10-17,1.35,1.35,1.35,1.35,5000,EQ,,,
2012-10-19,1.4,1.4,1.3,1.3,5457,EQ,,,
2012-10-22,1.35,1.35,1.35,1.35,43,EQ,,,
2012-10-23,1.35,1.4,1.35,1.4,2014,EQ,,,
2012-10-25,1.35,1.35,1.35,1.35,799,EQ,,,
2012-10-26,1.4,1.4,1.4,1.4,450,EQ,,,
2012-10-29,1.4,1.4,1.35,1.35,14105,EQ,,,
2012-10-30,1.3,1.4,1.3,1.3,21468,EQ,,,
2012-10-31,1.3,1.3,1.3,1.3,250,EQ,,,
2012-11-01,1.35,1.35,1.35,1.35,1500,EQ,,,
2012-11-02,1.4,1.4,1.4,1.4,708,EQ,,,
2012-11-05,1.45,1.45,1.4,1.4,8200,EQ,,,
2012-11-06,1.4,1.4,1.35,1.35,4357,EQ,,,
2012-11-07,1.3,1.4,1.3,1.4,8845,EQ,,,
2012-11-08,1.35,1.4,1.3,1.35,3521,EQ,,,
2012-11-09,1.35,1.35,1.3,1.3,1231,EQ,,,
2012-11-13,1.35,1.35,1.35,1.35,150,EQ,,,
2012-11-15,1.3,1.3,1.3,1.3,10,EQ,,,
2012-11-16,1.3,1.3,1.25,1.25,6000,EQ,,,
2012-11-19,1.25,1.25,1.15,1.15,22657,EQ,,,
2012-11-20,1.15,1.2,1.1,1.1,4303,EQ,,,
2012-11-21,1.1,1.15,1.05,1.05,29566,EQ,,,
2012-11-22,1.05,1.1,1.0,1.0,53856,EQ,,,
2012-11-23,1.0,1.05,1.0,1.0,3626,EQ,,,
2012-11-26,1.05,1.05,1.05,1.05,1320,EQ,,,
2012-11-27,1.1,1.1,1.1,1.1,10138,EQ,,,
2012-11-29,1.15,1.15,1.1,1.1,9191,EQ,,,
2012-11-30,1.1,1.15,1.1,1.15,4000,EQ,,,
2012-12-05,1.1,1.15,1.1,1.15,32,EQ,,,
2012-12-07,1.2,1.2,1.2,1.2,105,EQ,,,
2012-12-10,1.25,1.25,1.25,1.25,9148,EQ,,,
2012-12-11,1.3,1.3,1.25,1.25,15031,EQ,,,
2012-12-12,1.25,1.3,1.2,1.25,15530,EQ,,,
2012-12-13,1.3,1.3,1.3,1.3,6678,EQ,,,
2012-12-17,1.25,1.25,1.25,1.25,1800,EQ,,,
2012-12-18,1.3,1.3,1.25,1.25,1202,EQ,,,
2012-12-19,1.3,1.3,1.25,1.25,6563,EQ,,,
2012-12-20,1.25,1.25,1.25,1.25,5000,EQ,,,
2012-12-21,1.2,1.2,1.2,1.2,1200,EQ,,,
2012-12-24,1.15,1.15,1.15,1.15,360,EQ,,,
2012-12-26,1.15,1.15,1.15,1.15,100,EQ,,,
2012-12-27,1.15,1.15,1.15,1.15,1050,EQ,,,
2013-01-02,1.2,1.2,1.2,1.2,13,EQ,,,
2013-01-03,1.25,1.25,1.25,1.25,114,EQ,,,
2013-01-04,1.2,1.3,1.2,1.3,12929,EQ,,,
2013-01-07,1.3,1.35,1.3,1.35,7394,EQ,,,
2013-01-08,1.4,1.4,1.3,1.4,16620,EQ,,,
2013-01-09,1.4,1.45,1.4,1.45,15839,EQ,,,
2013-01-10,1.5,1.5,1.4,1.4,20195,EQ,,,
2013-01-11,1.35,1.4,1.35,1.35,6808,EQ,,,
2013-01-14,1.4,1.4,1.4,1.4,5000,EQ,,,
2013-01-16,1.4,1.4,1.35,1.35,3000,EQ,,,
2013-01-17,1.35,1.35,1.35,1.35,6522,EQ,,,
2013-01-18,1.35,1.35,1.35,1.35,1,EQ,,,
2013-01-21,1.3,1.3,1.3,1.3,13001,EQ,,,
2013-01-22,1.25,1.25,1.25,1.25,182,EQ,,,
2013-01-23,1.25,1.25,1.2,1.2,960,EQ,,,
2013-01-24,1.25,1.25,1.25,1.25,2,EQ,,,
2013-01-28,1.25,1.25,1.2,1.2,4889,EQ,,,
2013-01-29,1.15,1.2,1.15,1.2,2,EQ,,,
2013-01-30,1.25,1.25,1.15,1.15,101,EQ,,,
2013-01-31,1.1,1.1,1.1,1.1,1708,EQ,,,
2013-02-01,1.05,1.1,1.05,1.1,4363,EQ,,,
2013-02-05,1.15,1.15,1.15,1.15,3069,EQ,,,
2013-02-06,1.1,1.1,1.1,1.1,1,EQ,,,
2013-02-07,1.15,1.15,1.15,1.15,600,EQ,,,
2013-02-11,1.15,1.2,1.1,1.1,11702,EQ,,,
2013-02-12,1.05,1.05,1.05,1.05,4000,EQ,,,
2013-02-13,1.1,1.1,1.0,1.0,992,EQ,,,
2013-02-14,0.95,1.05,0.95,1.05,2210,EQ,,,
2013-02-15,1.0,1.05,1.0,1.05,1002,EQ,,,
2013-02-19,1.05,1.05,1.0,1.0,3000,EQ,,,
2013-02-21,1.0,1.0,1.0,1.0,100,EQ,,,
2013-02-25,0.95,0.95,0.95,0.95,225,EQ,,,
2013-02-28,1.0,1.0,0.95,0.95,3000,EQ,,,
2013-03-04,0.95,0.95,0.95,0.95,8,EQ,,,
2013-03-05,0.9,1.0,0.9,1.0,1001,EQ,,,
2013-03-06,1.0,1.0,1.0,1.0,751,EQ,,,
2013-03-12,1.0,1.0,1.0,1.0,51,EQ,,,
2013-03-13,1.0,1.0,1.0,1.0,540,EQ,,,
2013-03-18,0.95,0.95,0.95,0.95,400,EQ,,,
2013-03-19,0.95,1.0,0.9,0.95,2889,EQ,,,
2013-03-25,0.9,0.9,0.9,0.9,500,EQ,,,
2013-03-26,0.85,0.85,0.85,0.85,1700,EQ,,,
2013-04-03,0.9,0.9,0.9,0.9,44,EQ,,,
2013-04-04,0.95,0.95,0.95,0.95,2,EQ,,,
2013-04-05,1.0,1.0,1.0,1.0,8554,EQ,,,
2013-04-23,1.05,1.05,1.05,1.05,36150,EQ,,,
2013-04-26,1.1,1.1,1.1,1.1,2000,EQ,,,
2013-05-17,1.05,1.05,1.05,1.05,130,EQ,,,
2013-05-31,1.0,1.0,1.0,1.0,200,EQ,,,
2013-06-04,1.0,1.0,1.0,1.0,500,EQ,,,
2013-06-06,1.0,1.0,1.0,1.0,1272,EQ,,,
2013-06-14,1.05,1.05,1.05,1.05,100,EQ,,,
2013-06-18,1.05,1.05,1.05,1.05,1000,EQ,,,
2013-06-19,1.1,1.1,1.1,1.1,2000,EQ,,,
2013-06-24,1.15,1.15,1.15,1.15,1000,EQ,,,
2013-06-25,1.2,1.2,1.2,1.2,2500,EQ,,,
2013-07-01,1.25,1.25,1.15,1.15,2335,EQ,,,
2013-07-22,1.1,1.1,1.1,1.1,27,EQ,,,
2013-08-01,1.05,1.05,1.05,1.05,2000,EQ,,,
2013-08-22,1.0,1.0,1.0,1.0,10,EQ,,,
2013-09-10,0.95,1.0,0.95,1.0,11682,EQ,,,
2013-09-20,0.95,0.95,0.95,0.95,10500,EQ,,,
2013-09-23,1.0,1.0,1.0,1.0,7500,EQ,,,
2013-09-24,1.05,1.05,1.05,1.05,1000,EQ,,,
2013-09-25,1.1,1.1,1.1,1.1,50,EQ,,,
2013-09-26,1.15,1.15,1.15,1.15,50,EQ,,,
2013-09-27,1.1,1.1,1.1,1.1,500,EQ,,,
2013-09-30,1.05,1.05,1.05,1.05,1000,EQ,,,
2013-10-03,1.05,1.05,1.05,1.05,14,EQ,,,
2013-10-07,1.0,1.0,1.0,1.0,1000,EQ,,,
2013-10-10,1.0,1.0,1.0,1.0,1045,EQ,,,
2013-10-11,1.0,1.0,1.0,1.0,50,EQ,,,
2013-10-14,1.0,1.0,1.0,1.0,3201,EQ,,,
2013-10-15,1.0,1.0,1.0,1.0,29302,EQ,,,
2013-10-17,1.0,1.0,1.0,1.0,50,EQ,,,
2013-10-22,1.0,1.0,1.0,1.0,25,EQ,,,
2013-10-29,0.95,0.95,0.95,0.95,1000,EQ,,,
2013-11-05,0.9,0.9,0.9,0.9,500,EQ,,,
2013-11-08,0.9,0.9,0.9,0.9,750,EQ,,,
2013-11-11,0.85,0.85,0.85,0.85,500,EQ,,,
2013-11-19,0.85,0.85,0.85,0.85,5000,EQ,,,
2013-11-28,0.8,0.8,0.8,0.8,1,EQ,,,
2013-12-02,0.8,0.8,0.8,0.8,1000,EQ,,,
2013-12-03,0.8,0.8,0.8,0.8,10000,EQ,,,
2013-12-10,0.85,0.85,0.85,0.85,10000,EQ,,,
2013-12-11,0.85,0.9,0.85,0.9,17000,EQ,,,
2013-12-12,0.9,0.95,0.9,0.95,11756,EQ,,,
2013-12-13,1.0,1.0,1.0,1.0,8089,EQ,,,
2013-12-16,1.05,1.05,1.05,1.05,4703,EQ,,,
2013-12-17,1.1,1.1,1.1,1.1,2600,EQ,,,
2013-12-18,1.15,1.15,1.15,1.15,2000,EQ,,,
2013-12-19,1.2,1.2,1.1,1.1,2010,EQ,,,
2013-12-20,1.15,1.15,1.15,1.15,2000,EQ,,,
2013-12-23,1.15,1.15,1.1,1.1,56550,EQ,,,
2013-12-24,1.15,1.15,1.15,1.15,10000,EQ,,,
2013-12-26,1.2,1.2,1.2,1.2,110,EQ,,,
2013-12-30,1.15,1.25,1.15,1.25,35100,EQ,,,
2013-12-31,1.3,1.3,1.3,1.3,1,EQ,,,
2014-01-01,1.35,1.35,1.35,1.35,350,EQ,,,
2014-01-03,1.4,1.4,1.4,1.4,100,EQ,,,
2014-01-06,1.35,1.35,1.35,1.35,501,EQ,,,
2014-01-07,1.4,1.4,1.4,1.4,300,EQ,,,
2014-01-08,1.45,1.45,1.45,1.45,100,EQ,,,
2014-01-09,1.5,1.5,1.5,1.5,100,EQ,,,
2014-01-10,1.45,1.45,1.45,1.45,1000,EQ,,,
2014-01-13,1.5,1.5,1.5,1.5,410,EQ,,,
2014-01-14,1.55,1.55,1.55,1.55,100,EQ,,,
2014-01-15,1.5,1.6,1.5,1.6,85100,EQ,,,
2014-01-16,1.65,1.65,1.6,1.65,102,EQ,,,
2014-01-17,1.6,1.7,1.6,1.7,27152,EQ,,,
2014-01-20,1.7,1.75,1.7,1.75,200,EQ,,,
2014-01-21,1.8,1.8,1.8,1.8,7849,EQ,,,
2014-01-22,1.85,1.85,1.85,1.85,3300,EQ,,,
2014-01-23,1.85,1.9,1.85,1.9,11196,EQ,,,
2014-01-24,1.95,1.95,1.95,1.95,7679,EQ,,,
2014-01-27,2.0,2.0,2.0,2.0,1050,EQ,,,
2014-01-28,2.1,2.1,2.05,2.05,600,EQ,,,
2014-01-29,2.05,2.15,2.05,2.15,19335,EQ,,,
2014-01-30,2.2,2.25,2.2,2.25,800,EQ,,,
2014-01-31,2.35,2.35,2.35,2.35,6100,EQ,,,
2014-02-03,2.45,2.45,2.45,2.45,27200,EQ,,,
2014-02-04,2.45,2.55,2.45,2.55,30200,EQ,,,
2014-02-05,2.6,2.65,2.6,2.65,10300,EQ,,,
2014-02-06,2.75,2.75,2.75,2.75,2100,EQ,,,
2014-02-07,2.85,2.85,2.85,2.85,4074,EQ,,,
2014-02-10,2.95,2.95,2.85,2.95,8900,EQ,,,
2014-02-11,3.05,3.05,3.05,3.05,21750,EQ,,,
2014-02-12,3.2,3.2,3.2,3.2,14967,EQ,,,
2014-02-13,3.35,3.35,3.35,3.35,14770,EQ,,,
2014-02-14,3.5,3.5,3.5,3.5,62152,EQ,,,
2014-02-17,3.65,3.65,3.65,3.65,72648,EQ,,,
2014-02-18,3.8,3.8,3.8,3.8,10397,EQ,,,
2014-02-19,3.95,3.95,3.95,3.95,20800,EQ,,,
2014-02-20,4.1,4.1,4.1,4.1,85100,EQ,,,
2014-02-21,4.15,4.15,3.9,3.9,83307,EQ,,,
2014-02-24,3.9,4.05,3.75,4.05,92500,EQ,,,
2014-02-25,3.85,3.85,3.85,3.85,11,EQ,,,
2014-02-26,3.7,3.7,3.7,3.7,104,EQ,,,
2014-02-28,3.55,3.55,3.55,3.55,15000,EQ,,,
2014-03-03,3.4,3.4,3.4,3.4,5000,BE,,,
2014-03-04,3.25,3.25,3.25,3.25,500,BE,,,
2014-03-05,3.1,3.1,3.1,3.1,1001,BE,,,
2014-03-06,2.95,2.95,2.95,2.95,11,BE,,,
2014-03-07,2.85,2.85,2.85,2.85,3000,BE,,,
2014-03-11,2.75,2.75,2.75,2.75,780,BE,,,
2014-03-12,2.65,2.65,2.65,2.65,600,BE,,,
2014-03-13,2.55,2.55,2.55,2.55,4000,BE,,,
2014-03-14,2.55,2.55,2.55,2.55,24,BE,,,
2014-03-18,2.45,2.45,2.45,2.45,24,BE,,,
2014-03-19,2.35,2.35,2.35,2.35,1820,BE,,,
2014-03-20,2.3,2.4,2.3,2.4,1339,BE,,,
2014-03-21,2.3,2.45,2.3,2.45,1100,BE,,,
2014-03-24,2.35,2.55,2.35,2.55,10,BE,,,
2014-03-26,2.5,2.5,2.5,2.5,5000,BE,,,
2014-03-27,2.4,2.4,2.4,2.4,10,BE,,,
2014-03-28,2.4,2.4,2.3,2.3,1142,BE,,,
2014-03-31,2.2,2.2,2.2,2.2,55,BE,,,
2014-04-01,2.1,2.1,2.1,2.1,1,BE,,,
2014-04-02,2.0,2.0,2.0,2.0,1326,BE,,,
2014-04-03,1.9,1.9,1.9,1.9,10,BE,,,
2014-04-07,1.9,1.9,1.85,1.85,2200,BE,,,
2014-04-09,1.8,1.8,1.8,1.8,17000,BE,,,
2014-04-10,1.85,1.85,1.85,1.85,10,BE,,,
2014-04-11,1.85,1.85,1.8,1.8,34600,BE,,,
2014-04-15,1.75,1.75,1.75,1.75,10000,BE,,,
2014-04-16,1.7,1.7,1.7,1.7,16100,BE,,,
2014-04-17,1.65,1.65,1.65,1.65,5,BE,,,
2014-04-21,1.6,1.6,1.6,1.6,12134,BE,,,
2014-04-22,1.55,1.55,1.55,1.55,25,BE,,,
2014-04-23,1.5,1.5,1.5,1.5,1,BE,,,
2014-04-25,1.55,1.55,1.45,1.45,2170,BE,,,
2014-04-28,1.45,1.5,1.4,1.45,6201,BE,,,
2014-04-29,1.45,1.45,1.4,1.45,12744,BE,,,
2014-04-30,1.5,1.5,1.5,1.5,50,BE,,,
2014-05-02,1.45,1.45,1.45,1.45,7800,BE,,,
2014-05-05,1.5,1.5,1.5,1.5,1098,BE,,,
2014-05-06,1.55,1.55,1.55,1.55,600,BE,,,
2014-05-07,1.6,1.6,1.6,1.6,1400,BE,,,
2014-05-09,1.65,1.65,1.65,1.65,11000,BE,,,
2014-05-12,1.6,1.65,1.6,1.65,2600,BE,,,
2014-05-13,1.65,1.65,1.6,1.65,8250,BE,,,
2014-05-14,1.65,1.7,1.65,1.7,1801,BE,,,
2014-05-15,1.7,1.7,1.7,1.7,2000,BE,,,
2014-05-21,1.65,1.65,1.65,1.65,3006,BE,,,
2014-05-22,1.6,1.7,1.6,1.7,9,BE,,,
2014-05-23,1.75,1.75,1.75,1.75,2100,BE,,,
2014-05-26,1.8,1.8,1.8,1.8,2990,BE,,,
2014-05-27,1.85,1.85,1.85,1.85,2073,BE,,,
2014-05-28,1.8,1.8,1.8,1.8,200,BE,,,
2014-05-29,1.8,1.8,1.75,1.75,2200,BE,,,
2014-05-30,1.8,1.8,1.8,1.8,150,BE,,,
2014-06-02,1.8,1.8,1.75,1.75,2200,BE,,,
2014-06-03,1.7,1.7,1.7,1.7,500,BE,,,
2014-06-04,1.75,1.75,1.75,1.75,999,BE,,,
2014-06-05,1.8,1.8,1.8,1.8,1000,BE,,,
2014-06-06,1.85,1.85,1.85,1.85,3100,BE,,,
2014-06-09,1.9,1.9,1.9,1.9,3000,BE,,,
2014-06-10,1.95,1.95,1.95,1.95,3021,BE,,,
2014-06-11,2.0,2.0,2.0,2.0,2935,BE,,,
2014-06-12,1.9,1.9,1.9,1.9,1218,BE,,,
2014-06-13,1.95,1.95,1.95,1.95,30,EQ,,,
2014-06-17,2.0,2.0,2.0,2.0,61,EQ,,,
2014-06-18,2.1,2.1,1.9,2.0,2680,EQ,,,
2014-06-19,1.95,1.95,1.9,1.9,3900,EQ,,,
2014-06-20,1.85,1.85,1.85,1.85,5400,EQ,,,
2014-06-23,1.8,1.8,1.8,1.8,2825,EQ,,,
2014-06-25,1.85,1.85,1.85,1.85,2420,EQ,,,
2014-06-26,1.8,1.8,1.8,1.8,36,EQ,,,
2014-06-27,1.8,1.8,1.8,1.8,2,EQ,,,
2014-06-30,1.75,1.8,1.75,1.8,903,EQ,,,
2014-07-01,1.75,1.75,1.75,1.75,50,EQ,,,
2014-07-02,1.75,1.8,1.7,1.7,14336,EQ,,,
2014-07-03,1.75,1.75,1.75,1.75,5125,EQ,,,
2014-07-04,1.8,1.8,1.7,1.8,12020,EQ,,,
2014-07-07,1.95,1.95,1.95,1.95,11250,EQ,,,
2014-07-08,1.95,2.0,1.8,2.0,24034,EQ,,,
2014-07-09,2.0,2.1,1.8,2.1,4102,EQ,,,
2014-07-10,2.1,2.2,2.0,2.2,1665,EQ,,,
2014-07-11,2.2,2.2,2.1,2.1,19902,EQ,,,
2014-07-14,2.0,2.0,2.0,2.0,1408,EQ,,,
2014-07-15,1.95,1.95,1.95,1.95,1161,EQ,,,
2014-07-16,2.0,2.0,2.0,2.0,7000,EQ,,,
2014-07-17,1.9,2.0,1.9,2.0,2500,EQ,,,
2014-07-18,2.0,2.05,1.9,2.05,21021,EQ,,,
2014-07-21,2.0,2.0,1.95,1.95,2080,EQ,,,
2014-07-23,1.9,1.95,1.9,1.95,200,EQ,,,
2014-07-24,1.9,1.95,1.9,1.95,1500,EQ,,,
2014-07-28,1.9,1.9,1.9,1.9,1000,EQ,,,
2014-07-31,1.95,1.95,1.95,1.95,5,EQ,,,
2014-08-04,1.95,1.95,1.85,1.85,151,EQ,,,
2014-08-05,1.9,1.9,1.9,1.9,1000,EQ,,,
2014-08-06,1.85,1.9,1.75,1.75,11100,EQ,,,
2014-08-07,1.9,1.9,1.6,1.6,1090,EQ,,,
2014-08-11,1.5,1.75,1.5,1.75,2933,EQ,,,
2014-08-12,1.75,1.85,1.75,1.85,1005,EQ,,,
2014-08-13,1.95,1.95,1.85,1.85,3721,EQ,,,
2014-08-14,1.9,1.9,1.9,1.9,14,EQ,,,
2014-08-18,2.0,2.0,1.75,1.8,751,EQ,,,
2014-08-19,1.7,1.9,1.7,1.85,500,EQ,,,
2014-08-20,1.9,1.9,1.9,1.9,520,EQ,,,
2014-08-21,1.75,1.85,1.75,1.8,6820,EQ,,,
2014-08-22,1.75,1.75,1.75,1.75,3000,EQ,,,
2014-08-26,1.75,1.85,1.75,1.85,1070,EQ,,,
2014-08-27,1.9,2.0,1.9,2.0,400,EQ,,,
2014-09-01,1.9,1.9,1.8,1.8,12701,EQ,,,
2014-09-02,1.8,1.8,1.65,1.8,2426,EQ,,,
2014-09-03,1.65,1.9,1.65,1.9,2250,EQ,,,
2014-09-04,1.8,1.8,1.8,1.8,500,EQ,,,
2014-09-05,1.7,2.15,1.45,2.15,44901,EQ,,,
2014-09-08,2.5,2.55,2.2,2.55,37015,EQ,,,
2014-09-09,2.8,2.8,2.8,2.8,7682,EQ,,,
2014-09-10,3.05,3.05,3.05,3.05,7559,EQ,,,
2014-09-11,3.35,3.35,3.35,3.35,17105,EQ,,,
2014-09-12,3.5,3.5,3.5,3.5,2850,EQ,,,
2014-09-15,3.65,3.65,3.5,3.65,6529,EQ,,,
2014-09-16,3.8,3.8,3.5,3.5,50950,EQ,,,
2014-09-17,3.5,3.5,3.35,3.35,14480,EQ,,,
2014-09-18,3.2,3.2,3.2,3.2,6725,EQ,,,
2014-09-19,3.2,3.2,3.05,3.05,5407,EQ,,,
2014-09-22,2.9,2.9,2.9,2.9,6985,EQ,,,
2014-09-23,2.8,2.8,2.8,2.8,7020,EQ,,,
2014-09-24,2.9,2.9,2.7,2.7,1390,EQ,,,
2014-09-26,2.7,2.7,2.7,2.7,1436,EQ,,,
2014-09-29,2.7,2.7,2.6,2.6,1166,EQ,,,
2014-10-01,2.5,2.5,2.5,2.5,2305,EQ,,,
2014-10-07,2.5,2.5,2.5,2.5,1,EQ,,,
2014-10-08,2.45,2.5,2.45,2.5,10724,EQ,,,
2014-10-09,2.4,2.4,2.4,2.4,16491,EQ,,,
2014-10-10,2.4,2.4,2.4,2.4,190,EQ,,,
2014-10-13,2.4,2.4,2.4,2.4,500,EQ,,,
2014-10-14,2.3,2.3,2.3,2.3,110,EQ,,,
2014-10-22,2.2,2.2,2.2,2.2,2376,EQ,,,
2014-10-23,2.1,2.1,2.1,2.1,1100,EQ,,,
2014-10-27,2.1,2.1,2.0,2.0,1150,EQ,,,
2014-10-28,1.9,2.1,1.9,1.9,8982,EQ,,,
2014-10-30,1.9,1.95,1.85,1.95,10928,EQ,,,
2014-10-31,2.0,2.0,2.0,2.0,10625,EQ,,,
2014-11-03,1.95,2.0,1.9,2.0,1457,EQ,,,
2014-11-05,2.0,2.0,2.0,2.0,3850,EQ,,,
2014-11-11,2.0,2.1,1.9,2.1,20455,EQ,,,
2014-11-12,2.0,2.2,2.0,2.2,24411,EQ,,,
2014-11-13,2.1,2.3,2.1,2.3,2677,EQ,,,
2014-11-14,2.2,2.4,2.2,2.2,10582,EQ,,,
2014-11-17,2.1,2.3,2.1,2.3,5915,EQ,,,
2014-11-18,2.2,2.2,2.2,2.2,52,EQ,,,
2014-11-19,2.3,2.3,2.1,2.2,1174,EQ,,,
2014-11-20,2.15,2.15,2.15,2.15,50,EQ,,,
2014-11-21,2.1,2.15,2.1,2.15,1500,EQ,,,
2014-11-24,2.25,2.25,2.1,2.1,2303,EQ,,,
2014-11-25,2.0,2.05,2.0,2.05,11591,EQ,,,
2014-11-27,2.15,2.15,1.95,1.95,1385,EQ,,,
2014-11-28,2.0,2.0,1.9,1.9,619,EQ,,,
2014-12-02,1.95,1.95,1.9,1.9,3460,EQ,,,
2014-12-03,1.9,1.9,1.9,1.9,200,EQ,,,
2014-12-05,1.75,2.0,1.75,1.8,6568,EQ,,,
2014-12-08,1.8,1.8,1.65,1.7,7130,EQ,,,
2014-12-09,1.7,1.7,1.7,1.7,3000,EQ,,,
2014-12-16,1.55,1.55,1.55,1.55,548,EQ,,,
2014-12-17,1.4,1.7,1.4,1.7,43,EQ,,,
2014-12-18,1.65,1.65,1.65,1.65,2,EQ,,,
2014-12-19,1.6,1.8,1.6,1.8,839,EQ,,,
2014-12-22,1.7,1.7,1.7,1.7,10,EQ,,,
2014-12-23,1.75,1.75,1.75,1.75,549,EQ,,,
2014-12-24,1.9,1.9,1.9,1.9,25,EQ,,,
2014-12-26,1.8,2.05,1.75,2.05,7447,EQ,,,
2014-12-29,2.25,2.25,2.0,2.1,863,EQ,,,
2014-12-30,2.3,2.3,2.3,2.3,6510,EQ,,,
2014-12-31,2.35,2.4,2.2,2.4,7171,EQ,,,
2015-01-01,2.45,2.45,2.3,2.3,1510,EQ,,,
2015-01-02,2.4,2.4,2.2,2.2,1180,EQ,,,
2015-01-05,2.1,2.2,2.1,2.2,8511,EQ,,,
2015-01-06,2.2,2.2,2.1,2.2,2300,EQ,,,
2015-01-09,2.1,2.1,2.1,2.1,5,EQ,,,
2015-01-12,2.0,2.0,2.0,2.0,509,EQ,,,
2015-01-13,1.9,2.1,1.9,2.1,3740,EQ,,,
2015-01-14,2.2,2.2,2.2,2.2,10,EQ,,,
2015-01-15,2.1,2.1,2.1,2.1,701,EQ,,,
2015-01-16,2.15,2.15,2.1,2.1,208,EQ,,,
2015-01-19,2.0,2.0,2.0,2.0,1010,EQ,,,
2015-01-20,2.0,2.05,1.9,1.9,4308,EQ,,,
2015-01-21,1.85,1.85,1.85,1.85,1000,EQ,,,
2015-01-22,1.9,1.9,1.9,1.9,200,EQ,,,
2015-01-23,1.95,1.95,1.85,1.9,3570,EQ,,,
2015-01-27,1.85,1.85,1.85,1.85,1000,EQ,,,
2015-01-28,1.8,1.8,1.8,1.8,8333,EQ,,,
2015-01-29,1.8,1.85,1.75,1.75,760,EQ,,,
2015-01-30,1.75,1.75,1.75,1.75,100,EQ,,,
2015-02-02,1.8,1.8,1.8,1.8,1,EQ,,,
2015-02-03,1.8,1.8,1.8,1.8,1547,EQ,,,
2015-02-04,1.85,1.85,1.8,1.8,1100,EQ,,,
2015-02-05,1.85,1.85,1.85,1.85,10,EQ,,,
2015-02-09,1.75,1.75,1.7,1.7,2,EQ,,,
2015-02-10,1.8,1.8,1.8,1.8,100,EQ,,,
2015-02-13,1.8,1.8,1.8,1.8,1,EQ,,,
2015-02-18,1.75,1.8,1.65,1.65,1199,EQ,,,
2015-02-19,1.7,1.75,1.5,1.7,2500,EQ,,,
2015-02-20,1.6,1.75,1.6,1.75,5497,EQ,,,
2015-02-24,1.6,1.6,1.6,1.6,1980,EQ,,,
2015-02-25,1.45,1.75,1.45,1.75,15100,EQ,,,
2015-02-27,1.85,1.9,1.6,1.65,8165,EQ,,,
2015-03-02,1.8,1.8,1.5,1.7,5125,EQ,,,
2015-03-03,1.55,1.7,1.55,1.55,3810,EQ,,,
2015-03-04,1.55,1.7,1.4,1.7,1402,EQ,,,
2015-03-05,1.55,1.85,1.55,1.65,2847,EQ,,,
2015-03-09,1.5,1.8,1.5,1.8,51,EQ,,,
2015-03-10,1.95,1.95,1.65,1.75,4344,EQ,,,
2015-03-11,1.6,1.6,1.6,1.6,200,EQ,,,
2015-03-12,1.6,1.6,1.45,1.6,3111,EQ,,,
2015-03-13,1.45,1.45,1.45,1.45,3304,EQ,,,
2015-03-17,1.45,1.45,1.35,1.45,6601,EQ,,,
2015-03-18,1.45,1.55,1.45,1.55,2080,EQ,,,
2015-03-19,1.4,1.65,1.4,1.65,4678,EQ,,,
2015-03-20,1.6,1.65,1.6,1.65,204,EQ,,,
2015-03-23,1.5,1.5,1.5,1.5,2202,EQ,,,
2015-03-24,1.35,1.35,1.35,1.35,1000,EQ,,,
2015-03-27,1.3,1.3,1.3,1.3,100,EQ,,,
2015-03-30,1.25,1.25,1.25,1.25,189,EQ,,,
2015-03-31,1.2,1.2,1.2,1.2,2015,EQ,,,
2015-04-01,1.2,1.2,1.2,1.2,2850,EQ,,,
2015-04-06,1.25,1.25,1.25,1.25,28,EQ,,,
2015-04-07,1.3,1.3,1.3,1.3,1900,EQ,,,
2015-04-08,1.35,1.35,1.35,1.35,128,EQ,,,
2015-04-09,1.4,1.4,1.4,1.4,6598,EQ,,,
2015-04-10,1.45,1.45,1.45,1.45,443,EQ,,,
2015-04-13,1.5,1.5,1.5,1.5,327,EQ,,,
2015-04-15,1.55,1.55,1.55,1.55,2200,EQ,,,
2015-04-16,1.6,1.6,1.6,1.6,3000,EQ,,,
2015-04-20,1.65,1.65,1.65,1.65,1950,EQ,,,
2015-04-21,1.7,1.7,1.7,1.7,500,EQ,,,
2015-04-22,1.75,1.75,1.75,1.75,100,EQ,,,
2015-04-23,1.8,1.8,1.8,1.8,65,EQ,,,
2015-04-24,1.85,1.85,1.85,1.85,200,EQ,,,
2015-04-27,1.9,1.9,1.9,1.9,1933,EQ,,,
2015-04-28,1.85,1.9,1.85,1.9,1530,EQ,,,
2015-04-29,1.95,1.95,1.95,1.95,509,EQ,,,
2015-04-30,2.0,2.0,1.95,1.95,8951,EQ,,,
2015-05-04,2.0,2.0,1.9,1.9,2297,EQ,,,
2015-05-05,1.95,1.95,1.95,1.95,516,EQ,,,
2015-05-06,2.0,2.0,1.9,1.9,6075,EQ,,,
2015-05-07,1.95,1.95,1.95,1.95,19,EQ,,,
2015-05-08,2.0,2.0,1.9,2.0,16038,EQ,,,
2015-05-11,2.1,2.1,2.1,2.1,4122,EQ,,,
2015-05-12,2.2,2.2,2.2,2.2,1010,EQ,,,
2015-05-13,2.3,2.3,2.3,2.3,3500,EQ,,,
2015-05-14,2.4,2.4,2.4,2.4,12653,EQ,,,
2015-05-15,2.5,2.5,2.5,2.5,19,EQ,,,
2015-05-18,2.6,2.6,2.6,2.6,1500,EQ,,,
2015-05-19,2.7,2.7,2.7,2.7,1505,EQ,,,
2015-05-20,2.8,2.8,2.8,2.8,460,EQ,,,
2015-05-21,2.9,2.9,2.8,2.9,37889,EQ,,,
2015-05-22,3.0,3.0,2.85,2.85,7500,EQ,,,
2015-05-25,2.95,2.95,2.75,2.95,33756,EQ,,,
2015-05-26,3.05,3.05,2.85,2.85,8250,EQ,,,
2015-05-27,2.9,2.9,2.75,2.75,450,EQ,,,
2015-05-28,2.75,2.75,2.75,2.75,3,EQ,,,
2015-05-29,2.65,2.65,2.65,2.65,126,EQ,,,
2015-06-01,2.6,2.75,2.6,2.75,13147,EQ,,,
2015-06-02,2.65,2.85,2.65,2.65,11025,EQ,,,
2015-06-03,2.75,2.75,2.55,2.55,10270,EQ,,,
2015-06-04,2.45,2.45,2.45,2.45,2006,EQ,,,
2015-06-05,2.25,2.55,2.25,2.3,29474,EQ,,,
2015-06-08,2.1,2.2,2.1,2.1,13100,EQ,,,
2015-06-09,2.0,2.3,1.9,2.3,78659,EQ,,,
2015-06-10,2.5,2.5,2.5,2.5,17005,EQ,,,
2015-06-11,2.75,2.75,2.6,2.75,11362,EQ,,,
2015-06-12,2.5,3.0,2.5,3.0,29343,EQ,,,
2015-06-15,3.15,3.15,2.85,3.0,18130,EQ,,,
2015-06-16,3.1,3.15,3.0,3.1,79518,EQ,,,
2015-06-17,3.15,3.25,3.15,3.2,49484,EQ,,,
2015-06-18,3.35,3.35,3.25,3.25,5775,EQ,,,
2015-06-19,3.4,3.4,3.1,3.25,19401,EQ,,,
2015-06-22,3.1,3.35,3.1,3.1,12571,EQ,,,
2015-06-23,3.2,3.2,3.0,3.05,11285,EQ,,,
2015-06-24,3.0,3.05,2.9,2.95,2795,EQ,,,
2015-06-25,2.85,2.9,2.85,2.9,2620,EQ,,,
2015-06-26,2.8,3.0,2.8,2.9,12070,EQ,,,
2015-07-01,3.0,3.0,2.8,2.8,85,EQ,,,
2015-07-02,2.7,2.9,2.7,2.9,13600,EQ,,,
2015-07-03,3.1,3.15,2.85,3.1,33900,EQ,,,
2015-07-06,3.0,3.4,3.0,3.4,93057,EQ,,,
2015-07-07,3.7,3.7,3.7,3.7,16952,EQ,,,
2015-07-08,3.85,3.85,3.55,3.85,18205,EQ,,,
2015-07-09,4.0,4.0,4.0,4.0,99870,EQ,,,
2015-07-10,4.2,4.2,4.2,4.2,28257,EQ,,,
2015-07-13,4.4,4.4,4.4,4.4,8669,EQ,,,
2015-07-14,4.6,4.6,4.6,4.6,16994,EQ,,,
2015-07-15,4.8,4.8,4.4,4.4,99109,EQ,,,
2015-07-16,4.2,4.6,4.2,4.2,62548,EQ,,,
2015-07-17,4.0,4.0,4.0,4.0,8400,EQ,,,
2015-07-20,4.0,4.0,3.8,3.8,18921,EQ,,,
2015-07-21,3.65,3.65,3.65,3.65,1110,EQ,,,
2015-07-22,3.5,3.5,3.5,3.5,3300,EQ,,,
2015-07-23,3.4,3.55,3.35,3.45,7721,EQ,,,
2015-07-24,3.3,3.6,3.3,3.6,19300,EQ,,,
2015-07-27,3.75,3.75,3.5,3.75,7694,EQ,,,
2015-07-28,3.9,3.9,3.7,3.9,13529,EQ,,,
2015-07-29,3.95,4.05,3.8,4.05,7069,EQ,,,
2015-07-30,4.0,4.25,3.9,4.2,30739,EQ,,,
2015-07-31,4.3,4.3,4.0,4.2,11701,EQ,,,
2015-08-03,4.0,4.2,4.0,4.0,16731,EQ,,,
2015-08-04,3.8,4.1,3.8,4.0,15972,EQ,,,
2015-08-05,3.85,3.95,3.8,3.8,15780,EQ,,,
2015-08-06,3.65,3.85,3.65,3.75,7192,EQ,,,
2015-08-07,3.75,3.95,3.45,3.6,13507,EQ,,,
2015-08-10,3.6,3.6,3.6,3.6,11801,EQ,,,
2015-08-11,3.85,3.95,3.25,3.95,62274,EQ,,,
2015-08-12,4.1,4.2,3.75,3.9,40178,EQ,,,
2015-08-13,3.9,3.9,3.55,3.55,27673,EQ,,,
2015-08-14,3.2,3.8,3.2,3.2,24489,EQ,,,
2015-08-17,2.95,3.5,2.9,3.1,50383,EQ,,,
2015-08-18,3.0,3.15,3.0,3.0,18018,EQ,,,
2015-08-19,3.0,3.1,2.95,3.05,1872,EQ,,,
2015-08-20,3.0,3.0,2.9,2.9,16085,EQ,,,
2015-08-21,2.9,3.0,2.9,2.95,10287,EQ,,,
2015-08-24,2.85,3.0,2.85,2.85,3675,EQ,,,
2015-08-25,2.75,2.75,2.75,2.75,3775,EQ,,,
2015-08-26,2.65,2.7,2.65,2.65,4204,EQ,,,
2015-08-27,2.65,2.75,2.55,2.55,5579,EQ,,,
2015-08-28,2.5,2.65,2.45,2.5,12796,EQ,,,
2015-08-31,2.55,2.55,2.5,2.5,615,EQ,,,
2015-09-01,2.6,2.6,2.4,2.4,6020,EQ,,,
2015-09-02,2.5,2.5,2.3,2.5,21109,EQ,,,
2015-09-03,2.6,2.6,2.6,2.6,1010,EQ,,,
2015-09-04,2.7,2.7,2.5,2.5,308,EQ,,,
2015-09-07,2.4,2.5,2.4,2.4,9925,EQ,,,
2015-09-08,2.3,2.5,2.3,2.3,4130,EQ,,,
2015-09-09,2.35,2.4,2.3,2.4,4586,EQ,,,
2015-09-10,2.5,2.5,2.3,2.35,1084,EQ,,,
2015-09-11,2.45,2.45,2.3,2.3,1411,EQ,,,
2015-09-14,2.4,2.4,2.4,2.4,1497,EQ,,,
2015-09-15,2.5,2.5,2.5,2.5,1411,EQ,,,
2015-09-16,2.6,2.6,2.6,2.6,520,EQ,,,
2015-09-18,2.6,2.7,2.6,2.6,3350,EQ,,,
2015-09-21,2.6,2.7,2.6,2.7,5101,EQ,,,
2015-09-23,2.6,2.8,2.6,2.75,415,EQ,,,
2015-09-24,2.65,2.65,2.65,2.65,702,EQ,,,
2015-09-28,2.55,2.65,2.55,2.65,4210,EQ,,,
2015-09-29,2.6,2.6,2.55,2.55,30,EQ,,,
2015-09-30,2.65,2.65,2.45,2.45,4885,EQ,,,
2015-10-01,2.45,2.45,2.35,2.35,4525,EQ,,,
2015-10-05,2.35,2.35,2.2,2.25,3720,EQ,,,
2015-10-06,2.25,2.45,2.25,2.45,1700,EQ,,,
2015-10-07,2.45,2.65,2.45,2.65,3266,EQ,,,
2015-10-08,2.4,2.5,2.4,2.45,2870,EQ,,,
2015-10-09,2.5,2.6,2.25,2.35,9891,EQ,,,
2015-10-12,2.55,2.55,2.25,2.25,10102,EQ,,,
2015-10-13,2.45,2.45,2.15,2.45,2145,EQ,,,
2015-10-14,2.6,2.6,2.4,2.4,2503,EQ,,,
2015-10-15,2.55,2.55,2.3,2.3,2745,EQ,,,
2015-10-16,2.3,2.45,2.3,2.35,964,EQ,,,
2015-10-19,2.3,2.55,2.3,2.5,16765,EQ,,,
2015-10-20,2.7,2.7,2.45,2.45,9371,EQ,,,
2015-10-21,2.5,2.65,2.45,2.5,1510,EQ,,,
2015-10-23,2.7,2.75,2.3,2.65,13547,EQ,,,
2015-10-26,2.9,2.9,2.7,2.75,2680,EQ,,,
2015-10-27,2.95,2.95,2.5,2.6,6367,EQ,,,
2015-10-28,2.85,2.85,2.45,2.55,4275,EQ,,,
2015-10-29,2.75,2.75,2.45,2.65,2674,EQ,,,
2015-10-30,2.8,2.8,2.4,2.4,6706,EQ,,,
2015-11-02,2.55,2.6,2.55,2.6,10367,EQ,,,
2015-11-03,2.85,2.85,2.85,2.85,151,EQ,,,
2015-11-04,2.75,3.1,2.75,3.1,1670,EQ,,,
2015-11-05,3.25,3.25,3.25,3.25,3160,EQ,,,
2015-11-06,3.4,3.4,3.4,3.4,8570,EQ,,,
2015-11-09,3.3,3.55,3.3,3.55,6820,EQ,,,
2015-11-10,3.7,3.7,3.7,3.7,1230,EQ,,,
2015-11-11,3.85,3.85,3.85,3.85,3960,EQ,,,
2015-11-13,4.0,4.0,4.0,4.0,3158,EQ,,,
2015-11-16,4.2,4.2,4.2,4.2,3980,EQ,,,
2015-11-17,4.4,4.4,4.4,4.4,240,EQ,,,
2015-11-18,4.6,4.6,4.6,4.6,6236,EQ,,,
2015-11-19,4.8,4.8,4.4,4.4,54373,EQ,,,
2015-11-20,4.4,4.4,4.2,4.2,34227,EQ,,,
2015-11-23,4.0,4.2,4.0,4.0,52810,EQ,,,
2015-11-24,4.05,4.2,4.0,4.2,14830,EQ,,,
2015-11-26,4.4,4.4,4.4,4.4,6993,EQ,,,
2015-11-27,4.6,4.6,4.6,4.6,17699,EQ,,,
2015-11-30,4.8,4.8,4.8,4.8,3000,EQ,,,
2015-12-01,5.0,5.0,5.0,5.0,13696,EQ,,,
2015-12-02,5.25,5.25,5.25,5.25,8808,EQ,,,
2015-12-03,5.5,5.5,5.5,5.5,5238,EQ,,,
2015-12-04,5.75,5.75,5.75,5.75,1451,EQ,,,
2015-12-07,5.95,6.0,5.95,6.0,17882,EQ,,,
2015-12-08,6.3,6.3,6.3,6.3,1715,EQ,,,
2015-12-09,6.6,6.6,6.0,6.5,66861,EQ,,,
2015-12-10,6.2,6.4,6.2,6.2,50368,EQ,,,
2015-12-11,6.0,6.0,5.9,5.9,13638,EQ,,,
2015-12-14,5.65,5.65,5.65,5.65,5165,EQ,,,
2015-12-15,5.4,5.85,5.4,5.4,45486,EQ,,,
2015-12-16,5.4,5.6,5.15,5.15,55585,EQ,,,
2015-12-17,5.35,5.4,4.95,5.4,25278,EQ,,,
2015-12-18,5.65,5.65,5.5,5.6,32316,EQ,,,
2015-12-21,5.8,5.85,5.8,5.85,10210,EQ,,,
2015-12-22,6.1,6.1,6.1,6.1,10376,EQ,,,
2015-12-23,6.3,6.4,5.8,6.4,65177,EQ,,,
2015-12-24,6.7,6.7,6.7,6.7,15078,EQ,,,
2015-12-28,7.0,7.0,6.4,6.95,42941,EQ,,,
2015-12-29,7.05,7.25,6.65,7.25,84725,EQ,,,
2015-12-30,7.6,7.6,7.4,7.6,44530,EQ,,,
2015-12-31,7.9,7.95,7.6,7.95,19628,EQ,,,
2016-01-01,8.3,8.3,7.9,8.3,29932,EQ,,,
2016-01-04,8.7,8.7,8.7,8.7,60651,EQ,,,
2016-01-05,9.1,9.1,8.3,8.3,44474,BE,,,
2016-01-06,7.95,8.4,7.9,7.9,32817,BE,,,
2016-01-07,7.55,7.55,7.55,7.55,7078,BE,,,
2016-01-08,7.2,7.45,7.2,7.2,78230,BE,,,
2016-01-11,6.9,7.55,6.85,7.55,39770,BE,,,
2016-01-12,7.9,7.9,7.9,7.9,8345,BE,,,
2016-01-13,8.25,8.25,7.55,7.95,47531,BE,,,
2016-01-14,8.0,8.0,7.7,7.75,6033,BE,,,
2016-01-15,8.0,8.0,7.4,7.4,3252,BE,,,
2016-01-18,7.05,7.05,7.05,7.05,227,BE,,,
2016-01-19,6.7,6.7,6.7,6.7,1033,BE,,,
2016-01-20,6.4,6.4,6.4,6.4,103,BE,,,
2016-01-21,6.1,6.1,6.1,6.1,629,BE,,,
2016-01-22,5.8,6.35,5.8,5.8,59526,BE,,,
2016-01-25,6.05,6.05,5.55,5.55,11840,BE,,,
2016-01-27,5.8,5.8,5.3,5.55,2319,BE,,,
2016-01-28,5.3,5.8,5.3,5.8,23885,BE,,,
2016-01-29,6.05,6.05,5.85,6.05,24046,BE,,,
2016-02-01,6.05,6.35,6.05,6.3,27303,BE,,,
2016-02-02,6.55,6.55,6.0,6.0,10153,BE,,,
2016-02-03,5.7,5.7,5.7,5.7,228,BE,,,
2016-02-04,5.85,5.85,5.45,5.45,1478,BE,,,
2016-02-05,5.45,5.45,5.2,5.2,18522,BE,,,
2016-02-08,5.4,5.4,5.0,5.25,9609,BE,,,
2016-02-09,5.25,5.25,5.0,5.0,7542,EQ,,,
2016-02-10,5.0,5.0,4.75,4.75,15000,EQ,,,
2016-02-11,4.55,4.95,4.55,4.55,2255,EQ,,,
2016-02-12,4.55,4.55,4.35,4.45,7348,EQ,,,
2016-02-15,4.6,4.6,4.25,4.25,24357,EQ,,,
2016-02-16,4.45,4.45,4.05,4.05,38528,EQ,,,
2016-02-17,4.0,4.2,3.85,4.2,24741,EQ,,,
2016-02-18,4.4,4.4,4.25,4.25,15660,EQ,,,
2016-02-19,4.45,4.45,4.1,4.25,7299,EQ,,,
2016-02-22,4.4,4.4,4.15,4.4,2660,EQ,,,
2016-02-23,4.6,4.6,4.3,4.5,24872,EQ,,,
2016-02-24,4.55,4.55,4.3,4.3,9944,EQ,,,
2016-02-25,4.45,4.45,4.1,4.25,7398,EQ,,,
2016-02-26,4.35,4.35,4.05,4.05,8695,EQ,,,
2016-02-29,4.05,4.05,3.85,3.85,14375,EQ,,,
2016-03-01,4.0,4.0,4.0,4.0,3100,EQ,,,
2016-03-02,4.0,4.2,3.9,4.05,16061,EQ,,,
2016-03-03,4.2,4.2,4.0,4.15,5853,EQ,,,
2016-03-04,4.15,4.15,3.95,4.1,18527,EQ,,,
2016-03-08,3.9,3.9,3.9,3.9,11072,EQ,,,
2016-03-09,3.9,3.9,3.75,3.75,6461,EQ,,,
2016-03-10,3.6,3.9,3.6,3.9,105861,EQ,,,
2016-03-11,3.8,4.05,3.8,4.05,31325,EQ,,,
2016-03-14,4.2,4.2,4.0,4.05,19872,EQ,,,
2016-03-15,4.2,4.2,3.85,3.9,26304,EQ,,,
2016-03-16,3.9,4.05,3.75,4.0,9973,EQ,,,
2016-03-17,3.8,4.05,3.8,3.8,7517,EQ,,,
2016-03-18,3.95,3.95,3.7,3.7,13098,EQ,,,
2016-03-21,3.7,3.85,3.6,3.8,7567,EQ,,,
2016-03-22,3.95,3.95,3.65,3.75,14511,EQ,,,
2016-03-23,3.65,3.9,3.65,3.9,3449,EQ,,,
2016-03-28,4.05,4.05,3.75,3.95,13266,EQ,,,
2016-03-29,4.05,4.05,3.8,3.85,18648,EQ,,,
2016-03-30,3.8,4.0,3.8,3.9,13514,EQ,,,
2016-03-31,4.05,4.05,3.95,3.95,7500,EQ,,,
2016-04-01,4.2,4.3,3.95,4.3,20442,EQ,,,
2016-04-04,4.35,4.65,4.3,4.6,14599,EQ,,,
2016-04-05,4.35,4.75,4.3,4.4,8718,EQ,,,
2016-04-06,4.15,4.8,4.15,4.75,8571,EQ,,,
2016-04-07,4.65,5.05,4.55,4.75,12565,EQ,,,
2016-04-08,4.85,5.05,4.45,5.05,16843,EQ,,,
2016-04-11,5.2,5.2,4.6,4.7,24495,EQ,,,
2016-04-12,4.95,4.95,4.45,4.65,28025,EQ,,,
2016-04-13,4.65,4.75,4.2,4.4,23982,EQ,,,
2016-04-18,4.4,4.65,4.35,4.6,5411,EQ,,,
2016-04-20,4.5,4.6,4.15,4.25,15514,EQ,,,
2016-04-21,4.65,4.65,4.15,4.5,11785,EQ,,,
2016-04-22,4.2,4.5,4.05,4.25,13876,EQ,,,
2016-04-25,4.2,4.35,3.85,4.0,17572,EQ,,,
2016-04-26,3.9,4.15,3.9,4.15,6230,EQ,,,
2016-04-27,3.95,4.3,3.8,3.9,20350,EQ,,,
2016-04-28,4.1,4.1,3.9,3.9,5330,EQ,,,
2016-04-29,3.95,4.0,3.85,3.85,14928,EQ,,,
2016-05-02,3.8,4.05,3.8,4.0,14766,EQ,,,
2016-05-03,4.1,4.15,3.95,4.1,6090,EQ,,,
2016-05-04,3.9,4.0,3.8,3.9,4592,EQ,,,
2016-05-05,4.2,4.2,3.9,4.0,741,EQ,,,
2016-05-06,3.9,4.2,3.8,4.0,18770,EQ,,,
2016-05-09,4.0,4.2,3.85,4.05,15655,EQ,,,
2016-05-10,4.25,4.25,3.9,3.9,2438,EQ,,,
2016-05-11,4.2,4.65,4.2,4.65,38895,EQ,,,
2016-05-12,5.55,5.55,5.25,5.55,116791,EQ,,,
2016-05-13,5.65,6.1,5.65,6.0,122989,EQ,,,
2016-05-16,6.4,6.45,5.4,5.45,77835,EQ,,,
2016-05-17,5.2,5.8,4.95,4.95,43058,EQ,,,
2016-05-18,4.95,5.0,4.55,4.95,16503,EQ,,,
2016-05-19,5.25,5.25,4.65,4.85,4145,EQ,,,
2016-05-20,4.6,4.9,4.5,4.65,27669,EQ,,,
2016-05-23,4.55,4.85,4.55,4.85,10816,EQ,,,
2016-05-24,5.05,5.05,4.75,5.05,50746,EQ,,,
2016-05-25,5.05,5.3,5.05,5.3,29134,EQ,,,
2016-05-26,5.55,5.55,5.55,5.55,11900,EQ,,,
2016-05-27,5.8,5.8,5.35,5.45,32758,EQ,,,
2016-05-30,5.65,5.7,5.3,5.45,18202,EQ,,,
2016-05-31,5.6,5.65,5.2,5.2,11282,EQ,,,
2016-06-01,5.0,5.0,4.95,4.95,7726,EQ,,,
2016-06-02,4.75,4.75,4.75,4.75,16400,EQ,,,
2016-06-03,4.55,4.55,4.55,4.55,69620,EQ,,,
2016-06-06,4.55,4.7,4.35,4.35,33072,EQ,,,
2016-06-07,4.2,4.45,4.15,4.2,17675,EQ,,,
2016-06-08,4.4,4.4,4.15,4.4,9050,EQ,,,
2016-06-09,4.25,4.5,4.25,4.3,6810,EQ,,,
2016-06-10,4.15,4.5,4.15,4.25,12420,EQ,,,
2016-06-13,4.15,4.4,4.05,4.2,40450,EQ,,,
2016-06-14,4.05,4.35,4.0,4.3,31949,EQ,,,
2016-06-15,4.2,4.45,4.2,4.35,23374,EQ,,,
2016-06-16,4.2,4.35,4.2,4.3,14561,EQ,,,
2016-06-17,4.2,4.5,4.15,4.5,55456,EQ,,,
2016-06-20,4.35,4.6,4.35,4.5,13439,EQ,,,
2016-06-21,4.6,4.65,4.3,4.3,24003,EQ,,,
2016-06-22,4.3,4.5,4.15,4.4,31934,EQ,,,
2016-06-23,4.5,4.55,4.4,4.5,7092,EQ,,,
2016-06-24,4.35,4.35,4.3,4.3,14311,EQ,,,
2016-06-27,4.1,4.4,4.1,4.2,23571,EQ,,,
2016-06-28,4.35,4.4,4.15,4.3,21496,EQ,,,
2016-06-29,4.2,4.4,4.1,4.2,22512,EQ,,,
2016-06-30,4.35,4.4,4.2,4.35,20266,EQ,,,
2016-07-01,4.25,4.45,4.25,4.3,15719,EQ,,,
2016-07-04,4.3,4.55,4.3,4.45,35017,EQ,,,
2016-07-05,4.5,4.5,4.25,4.35,14225,EQ,,,
2016-07-07,4.4,4.5,4.35,4.45,7214,EQ,,,
2016-07-08,4.2,4.5,4.2,4.35,10141,EQ,,,
2016-07-11,4.15,4.5,4.15,4.45,40833,EQ,,,
2016-07-12,4.3,4.5,4.3,4.35,15200,EQ,,,
2016-07-13,4.5,4.65,4.3,4.35,4373,EQ,,,
2016-07-14,4.3,4.55,4.3,4.35,11283,EQ,,,
2016-07-15,4.6,4.6,4.25,4.3,7600,EQ,,,
2016-07-18,4.3,4.35,4.0,4.0,43592,EQ,,,
2016-07-19,4.0,4.25,3.85,4.1,4003,EQ,,,
2016-07-20,4.2,4.2,3.9,3.9,35226,EQ,,,
2016-07-21,3.9,4.2,3.85,3.85,34061,EQ,,,
2016-07-22,4.0,4.15,3.9,4.0,31127,EQ,,,
2016-07-25,4.35,4.35,3.6,3.65,93996,EQ,,,
2016-07-26,3.75,4.0,3.75,4.0,56186,EQ,,,
2016-07-27,4.25,4.25,3.95,4.0,14203,EQ,,,
2016-07-28,4.0,4.2,3.8,4.0,3402,EQ,,,
2016-07-29,4.0,4.2,3.9,3.9,8178,EQ,,,
2016-08-01,4.15,4.15,3.95,4.0,8067,EQ,,,
2016-08-02,4.0,4.1,3.7,3.9,27558,EQ,,,
2016-08-03,4.05,4.05,3.8,4.0,12220,EQ,,,
2016-08-04,4.1,4.1,3.85,4.05,14089,EQ,,,
2016-08-05,4.1,4.1,4.0,4.0,9010,EQ,,,
2016-08-08,4.1,4.1,3.95,4.0,7671,EQ,,,
2016-08-09,4.0,4.2,3.9,4.2,20900,EQ,,,
2016-08-10,4.1,4.1,3.9,3.95,25321,EQ,,,
2016-08-11,3.85,4.1,3.8,3.85,39069,EQ,,,
2016-08-12,3.9,3.9,3.8,3.8,916,EQ,,,
2016-08-16,3.8,3.8,3.7,3.7,4432,EQ,,,
2016-08-17,3.8,3.8,3.5,3.5,30979,EQ,,,
2016-08-18,3.45,3.7,3.45,3.5,16633,EQ,,,
2016-08-19,4.0,4.0,3.6,3.8,13361,EQ,,,
2016-08-22,4.1,4.1,3.6,3.7,7663,EQ,,,
2016-08-23,3.7,3.8,3.6,3.8,5181,EQ,,,
2016-08-24,3.65,3.75,3.65,3.75,7964,EQ,,,
2016-08-25,3.7,3.7,3.5,3.6,13386,EQ,,,
2016-08-26,3.5,3.95,3.5,3.8,24399,EQ,,,
2016-08-29,3.6,3.65,3.5,3.6,8251,EQ,,,
2016-08-30,3.75,3.75,3.6,3.65,4326,EQ,,,
2016-08-31,3.6,3.75,3.55,3.6,16065,EQ,,,
2016-09-01,3.7,3.7,3.5,3.5,10223,EQ,,,
2016-09-02,3.5,3.7,3.4,3.65,26004,EQ,,,
2016-09-06,3.5,3.65,3.45,3.65,19700,EQ,,,
2016-09-07,3.5,3.7,3.5,3.6,17636,EQ,,,
2016-09-08,3.7,3.7,3.55,3.65,4380,EQ,,,
2016-09-09,3.8,4.05,3.7,3.75,41030,EQ,,,
2016-09-12,3.65,3.9,3.6,3.85,3186,EQ,,,
2016-09-14,3.9,3.9,3.75,3.8,15548,EQ,,,
2016-09-15,3.9,3.9,3.8,3.85,3070,EQ,,,
2016-09-16,3.9,3.95,3.65,3.7,33151,EQ,,,
2016-09-19,3.65,3.85,3.65,3.7,2156,EQ,,,
2016-09-20,3.65,3.85,3.65,3.65,9219,EQ,,,
2016-09-21,3.85,3.9,3.75,3.75,3064,EQ,,,
2016-09-22,3.9,3.95,3.7,3.7,13704,EQ,,,
2016-09-23,3.7,3.8,3.6,3.75,13700,EQ,,,
2016-09-26,3.6,3.85,3.6,3.6,11162,EQ,,,
2016-09-27,3.75,4.3,3.75,4.3,92280,EQ,,,
2016-09-28,4.9,5.15,4.65,5.15,428329,EQ,,,
2016-09-29,5.85,5.85,4.2,4.3,222555,EQ,,,
2016-09-30,4.4,5.0,4.05,4.65,82011,EQ,,,
2016-10-03,4.9,5.0,4.3,4.55,63636,EQ,,,
2016-10-04,4.45,4.85,4.3,4.6,31283,EQ,,,
2016-10-05,4.65,4.75,4.45,4.5,20606,EQ,,,
2016-10-06,4.5,4.6,4.3,4.45,21148,EQ,,,
2016-10-07,4.7,5.25,4.1,5.0,204244,EQ,,,
2016-10-10,4.5,5.0,4.5,4.8,48237,EQ,,,
2016-10-13,4.8,4.95,4.5,4.65,56070,EQ,,,
2016-10-14,4.75,4.9,4.65,4.7,48204,EQ,,,
2016-10-17,4.7,4.95,4.3,4.55,29299,EQ,,,
2016-10-18,4.7,4.9,4.5,4.8,52017,EQ,,,
2016-10-19,4.6,4.9,4.6,4.8,48074,EQ,,,
2016-10-20,4.55,4.9,4.55,4.8,29811,EQ,,,
2016-10-21,4.7,4.8,4.6,4.6,39866,EQ,,,
2016-10-24,4.65,4.9,4.35,4.65,30104,EQ,,,
2016-10-25,4.75,4.75,3.8,4.55,54275,EQ,,,
2016-10-26,4.6,4.7,4.35,4.65,28351,EQ,,,
2016-10-27,4.45,4.7,4.45,4.55,8980,EQ,,,
2016-10-28,4.5,4.7,4.5,4.55,9936,EQ,,,
2016-10-30,4.7,4.7,4.3,4.7,7920,EQ,,,
2016-11-01,4.55,4.8,4.5,4.6,27968,EQ,,,
2016-11-02,4.45,4.6,4.0,4.3,52729,EQ,,,
2016-11-03,4.45,4.45,4.25,4.3,11225,EQ,,,
2016-11-04,4.25,4.4,3.85,4.2,17316,EQ,,,
2016-11-07,4.1,4.35,4.1,4.1,8128,EQ,,,
2016-11-08,4.2,4.35,4.1,4.15,7913,EQ,,,
2016-11-09,3.8,4.45,3.5,4.1,28670,EQ,,,
2016-11-10,4.0,4.45,4.0,4.3,21420,EQ,,,
2016-11-11,4.3,4.35,4.05,4.25,14520,EQ,,,
2016-11-15,4.85,4.85,4.0,4.0,7275,EQ,,,
2016-11-16,4.1,4.1,3.85,3.9,9153,EQ,,,
2016-11-17,3.75,4.0,3.7,3.8,16096,EQ,,,
2016-11-18,3.3,3.95,3.3,3.7,52078,EQ,,,
2016-11-21,3.9,3.9,3.65,3.65,12273,EQ,,,
2016-11-22,3.75,3.8,3.6,3.65,6415,EQ,,,
2016-11-23,3.65,3.8,3.65,3.7,5525,EQ,,,
2016-11-24,3.8,3.9,3.65,3.7,7992,EQ,,,
2016-11-25,3.95,4.0,3.7,3.95,13472,EQ,,,
2016-11-28,3.8,4.05,3.8,4.0,29865,EQ,,,
2016-11-29,4.1,4.7,4.05,4.3,84642,EQ,,,
2016-11-30,4.25,4.95,4.1,4.65,49146,EQ,,,
2016-12-01,5.25,5.25,4.25,4.45,76892,EQ,,,
2016-12-02,5.05,5.05,4.1,4.2,23485,EQ,,,
2016-12-05,4.1,4.3,4.0,4.1,10460,EQ,,,
2016-12-06,4.15,4.3,4.15,4.2,3925,EQ,,,
2016-12-07,4.4,4.4,4.15,4.15,17024,EQ,,,
2016-12-08,4.4,4.7,4.1,4.2,33304,EQ,,,
2016-12-09,4.4,4.4,4.1,4.25,7815,EQ,,,
2016-12-12,4.2,4.3,4.0,4.25,21646,EQ,,,
2016-12-13,4.05,4.4,4.05,4.35,4722,EQ,,,
2016-12-14,4.5,4.5,4.1,4.15,10090,EQ,,,
2016-12-15,4.2,4.25,3.8,4.15,13848,EQ,,,
2016-12-16,4.0,4.25,4.0,4.05,13211,EQ,,,
2016-12-19,4.05,4.25,3.95,4.05,31668,EQ,,,
2016-12-20,4.2,4.2,3.9,4.05,19106,EQ,,,
2016-12-21,4.1,4.1,4.0,4.05,4816,EQ,,,
2016-12-22,3.9,4.1,3.9,4.1,2632,EQ,,,
2016-12-23,3.9,4.1,3.85,3.9,2297,EQ,,,
2016-12-26,3.9,4.0,3.85,3.9,11283,EQ,,,
2016-12-27,3.95,4.0,3.85,4.0,8220,EQ,,,
2016-12-28,4.0,4.05,3.85,3.9,23074,EQ,,,
2016-12-29,4.0,4.05,3.85,4.0,3502,EQ,,,
2016-12-30,3.95,4.15,3.9,4.0,24025,EQ,,,
2017-01-02,4.05,4.05,3.9,4.0,2590,EQ,,,
2017-01-03,4.2,4.2,3.95,4.1,10923,EQ,,,
2017-01-04,4.05,4.55,4.0,4.35,122263,EQ,,,
2017-01-05,4.65,4.65,4.15,4.4,23712,EQ,,,
2017-01-06,4.2,4.4,4.1,4.15,15732,EQ,,,
2017-01-09,4.3,4.35,3.9,4.0,19696,EQ,,,
2017-01-10,4.0,4.35,4.0,4.05,4072,EQ,,,
2017-01-11,4.3,4.3,3.95,3.95,22356,EQ,,,
2017-01-12,4.05,4.05,3.85,3.85,23934,EQ,,,
2017-01-13,3.9,3.95,3.85,3.9,40433,EQ,,,
2017-01-16,4.15,4.15,3.5,3.95,31952,EQ,,,
2017-01-17,4.1,4.15,3.9,4.0,4938,EQ,,,
2017-01-18,4.1,4.1,3.85,3.85,8372,EQ,,,
2017-01-19,3.85,3.9,3.85,3.85,9035,EQ,,,
2017-01-20,3.95,4.05,3.75,3.95,10686,EQ,,,
2017-01-23,4.0,4.0,3.85,3.9,2104,EQ,,,
2017-01-24,3.9,4.0,3.7,3.75,24150,EQ,,,
2017-01-25,3.75,3.9,3.75,3.85,20843,EQ,,,
2017-01-27,3.8,4.0,3.7,3.95,28260,EQ,,,
2017-01-30,3.85,4.0,3.85,4.0,15350,EQ,,,
2017-01-31,4.1,4.1,3.6,3.9,32321,EQ,,,
2017-02-01,3.85,4.0,3.8,3.95,13900,EQ,,,
2017-02-02,3.85,4.0,3.85,3.9,24980,EQ,,,
2017-02-03,3.95,4.4,3.8,4.05,31627,EQ,,,
2017-02-06,3.9,4.25,3.9,4.2,19871,EQ,,,
2017-02-07,4.05,4.1,3.9,3.95,25810,EQ,,,
2017-02-08,4.2,4.35,4.05,4.25,99898,EQ,,,
2017-02-09,4.4,4.4,4.0,4.25,16492,EQ,,,
2017-02-10,4.25,4.25,3.9,4.1,8537,EQ,,,
2017-02-13,4.25,4.3,4.0,4.2,22152,EQ,,,
2017-02-14,4.05,4.1,3.95,4.0,7963,EQ,,,
2017-02-15,4.0,4.0,3.85,3.85,11553,EQ,,,
2017-02-16,3.9,4.0,3.8,3.8,8204,EQ,,,
2017-02-17,3.85,3.95,3.8,3.9,7805,EQ,,,
2017-02-20,4.0,4.0,3.85,3.85,4101,EQ,,,
2017-02-21,3.8,3.95,3.8,3.95,1400,EQ,,,
2017-02-22,3.75,3.95,3.75,3.85,19526,EQ,,,
2017-02-23,3.85,3.9,3.75,3.9,10828,EQ,,,
2017-02-27,3.9,3.95,3.75,3.8,6170,EQ,,,
2017-02-28,3.95,4.05,3.7,3.85,92355,EQ,,,
2017-03-01,4.0,4.05,3.8,3.9,43509,EQ,,,
2017-03-02,4.0,4.0,3.85,3.85,4359,EQ,,,
2017-03-03,3.95,4.0,3.85,3.9,8036,EQ,,,
2017-03-06,3.8,4.0,3.8,3.9,30673,EQ,,,
2017-03-07,3.8,4.3,3.8,4.0,15717,EQ,,,
2017-03-08,3.85,3.95,3.85,3.9,8191,EQ,,,
2017-03-09,3.95,4.0,3.9,3.95,1426,EQ,,,
2017-03-10,3.95,3.95,3.85,3.85,3866,EQ,,,
2017-03-14,4.0,4.0,3.75,3.8,19342,EQ,,,
2017-03-15,4.0,4.0,3.75,3.8,16864,EQ,,,
2017-03-16,3.95,3.95,3.7,3.85,7861,EQ,,,
2017-03-17,3.8,3.8,3.7,3.75,9018,EQ,,,
2017-03-20,3.85,3.9,3.65,3.75,8451,EQ,,,
2017-03-21,3.7,3.75,3.6,3.6,14118,EQ,,,
2017-03-22,3.8,3.8,3.45,3.65,4974,EQ,,,
2017-03-23,3.55,3.65,3.55,3.6,1520,EQ,,,
2017-03-24,3.6,3.65,3.4,3.45,79299,EQ,,,
2017-03-27,3.45,3.7,3.0,3.35,113962,EQ,,,
2017-03-28,3.45,3.45,3.15,3.3,41637,EQ,,,
2017-03-29,3.4,3.4,3.0,3.05,33632,EQ,,,
2017-03-30,3.35,3.65,3.25,3.65,53356,EQ,,,
2017-03-31,3.8,4.15,3.5,3.9,95243,EQ,,,
2017-04-03,4.1,4.1,3.6,4.0,98230,EQ,,,
2017-04-05,4.05,4.05,3.8,3.8,19464,EQ,,,
2017-04-06,3.85,4.0,3.75,3.8,10800,EQ,,,
2017-04-07,3.9,4.2,3.75,4.05,87584,EQ,,,
2017-04-10,3.95,4.2,3.85,3.9,43833,EQ,,,
2017-04-11,4.1,4.15,3.9,3.95,9361,EQ,,,
2017-04-12,4.1,4.1,3.8,3.95,5151,EQ,,,
2017-04-13,4.0,4.0,3.85,3.9,9721,EQ,,,
2017-04-17,3.9,3.95,3.75,3.9,16646,EQ,,,
2017-04-18,3.95,3.95,3.8,3.8,1070,EQ,,,
2017-04-19,3.85,3.85,3.75,3.8,4017,EQ,,,
2017-04-20,3.75,3.85,3.7,3.8,40890,EQ,,,
2017-04-21,3.9,3.9,3.75,3.85,15236,EQ,,,
2017-04-24,3.95,4.05,3.8,3.9,16474,EQ,,,
2017-04-25,4.0,4.0,3.85,3.85,2955,EQ,,,
2017-04-26,3.95,3.95,3.8,3.8,14724,EQ,,,
2017-04-27,3.65,3.8,3.55,3.6,77930,EQ,,,
2017-04-28,3.9,3.9,3.45,3.55,94162,EQ,,,
2017-05-02,3.85,3.85,3.6,3.7,13707,EQ,,,
2017-05-03,3.55,3.65,3.5,3.6,8335,EQ,,,
2017-05-04,3.6,3.6,3.35,3.45,24541,EQ,,,
2017-05-05,3.55,3.6,3.35,3.5,8871,EQ,,,
2017-05-08,3.8,3.8,3.4,3.65,26461,EQ,,,
2017-05-09,3.55,3.65,3.4,3.55,37874,EQ,,,
2017-05-10,3.55,3.65,3.5,3.55,6876,EQ,,,
2017-05-11,3.5,3.5,3.35,3.45,32628,EQ,,,
2017-05-12,3.5,3.55,3.4,3.5,9652,EQ,,,
2017-05-15,3.5,3.6,3.45,3.6,21130,EQ,,,
2017-05-16,3.6,3.6,3.4,3.4,11461,EQ,,,
2017-05-17,3.55,3.8,3.45,3.65,65969,EQ,,,
2017-05-18,3.65,3.8,3.5,3.6,18895,EQ,,,
2017-05-19,3.7,3.75,3.5,3.55,8605,EQ,,,
2017-05-22,3.55,3.55,3.3,3.35,41707,EQ,,,
2017-05-23,3.6,3.6,3.35,3.4,5035,EQ,,,
2017-05-24,3.6,3.6,3.3,3.3,22290,EQ,,,
2017-05-25,3.45,3.45,3.2,3.4,3714,EQ,,,
2017-05-26,3.45,3.45,3.3,3.3,37775,EQ,,,
2017-05-29,3.5,3.5,3.15,3.3,3862,EQ,,,
2017-05-30,3.3,3.35,3.15,3.35,14950,EQ,,,
2017-05-31,3.2,3.75,3.2,3.4,61327,EQ,,,
2017-06-01,3.45,3.5,3.35,3.5,13486,EQ,,,
2017-06-02,3.5,3.5,3.35,3.5,5926,EQ,,,
2017-06-05,3.25,3.5,3.25,3.45,12794,EQ,,,
2017-06-06,3.3,3.5,3.2,3.5,2354,EQ,,,
2017-06-07,3.45,3.45,3.4,3.4,6100,EQ,,,
2017-06-08,3.55,3.55,3.25,3.25,12058,EQ,,,
2017-06-09,3.45,3.45,3.3,3.3,1211,EQ,,,
2017-06-12,3.4,3.4,3.35,3.4,52278,EQ,,,
2017-06-13,3.4,3.45,3.3,3.3,11492,EQ,,,
2017-06-14,3.3,3.55,3.25,3.25,24429,EQ,,,
2017-06-15,3.25,3.5,3.25,3.45,19812,EQ,,,
2017-06-16,3.3,3.4,3.25,3.4,14719,EQ,,,
2017-06-19,3.1,3.45,3.1,3.4,6006,EQ,,,
2017-06-20,3.25,3.25,3.2,3.2,2500,EQ,,,
2017-06-21,3.2,3.2,3.15,3.15,11097,EQ,,,
2017-06-22,3.15,3.4,3.15,3.3,15222,EQ,,,
2017-06-23,3.5,3.5,3.15,3.25,9767,EQ,,,
2017-06-27,3.4,3.4,3.1,3.1,3848,EQ,,,
2017-06-28,3.15,3.3,3.15,3.3,4140,EQ,,,
2017-06-29,3.15,3.2,2.65,3.05,116283,EQ,,,
2017-06-30,3.0,3.25,2.95,3.15,17205,EQ,,,
2017-07-03,3.0,3.25,3.0,3.15,35515,EQ,,,
2017-07-04,3.0,3.1,3.0,3.05,6827,EQ,,,
2017-07-05,3.0,3.2,3.0,3.1,20885,EQ,,,
2017-07-06,3.1,3.5,3.05,3.4,60574,EQ,,,
2017-07-07,3.35,3.4,3.25,3.35,25101,EQ,,,
2017-07-10,3.2,3.35,3.15,3.15,4300,EQ,,,
2017-07-11,3.1,3.4,3.1,3.25,12371,EQ,,,
2017-07-12,3.2,3.4,3.2,3.3,220,EQ,,,
2017-07-13,3.2,3.4,2.9,3.1,102085,EQ,,,
2017-07-14,3.3,3.35,3.1,3.1,44372,EQ,,,
2017-07-17,3.3,3.45,3.1,3.3,16215,EQ,,,
2017-07-18,3.35,3.4,3.25,3.25,12111,EQ,,,
2017-07-19,3.25,3.7,3.15,3.65,157707,EQ,,,
2017-07-20,3.8,4.35,3.7,4.25,200818,EQ,,,
2017-07-21,4.25,4.5,3.9,4.0,80619,EQ,,,
2017-07-24,3.85,4.0,3.45,3.85,18120,EQ,,,
2017-07-25,3.9,3.95,3.7,3.75,24524,EQ,,,
2017-07-26,3.7,4.1,3.7,3.95,65312,EQ,,,
2017-07-27,3.9,4.05,3.8,3.8,32474,EQ,,,
2017-07-28,3.7,4.0,3.7,3.75,11885,EQ,,,
2017-07-31,3.75,3.9,3.75,3.75,865,EQ,,,
2017-08-01,3.9,3.9,3.6,3.6,20137,EQ,,,
2017-08-02,4.0,4.0,3.5,3.55,31359,EQ,,,
2017-08-03,3.55,3.55,3.25,3.3,16428,EQ,,,
2017-08-04,3.45,3.75,3.2,3.55,32856,EQ,,,
2017-08-07,3.5,4.15,3.45,3.95,66268,EQ,,,
2017-08-08,4.25,4.25,3.4,3.5,141537,EQ,,,
2017-08-09,3.7,3.7,3.4,3.45,12101,EQ,,,
2017-08-10,3.45,3.45,3.25,3.25,34009,EQ,,,
2017-08-11,3.35,3.55,3.05,3.2,38108,EQ,,,
2017-08-14,3.2,3.65,3.15,3.4,24663,EQ,,,
2017-08-16,3.35,3.4,3.2,3.2,8806,EQ,,,
2017-08-17,3.5,3.5,3.15,3.45,7160,EQ,,,
2017-08-18,3.4,3.45,3.2,3.25,37996,EQ,,,
2017-08-21,3.35,3.4,3.15,3.15,22540,EQ,,,
2017-08-22,3.25,3.25,3.05,3.1,9222,EQ,,,
2017-08-23,3.35,3.35,3.05,3.1,7868,EQ,,,
2017-08-24,3.15,3.4,3.05,3.25,29796,EQ,,,
2017-08-28,3.45,3.45,3.05,3.3,65595,EQ,,,
2017-08-29,3.3,3.4,3.1,3.3,29688,EQ,,,
2017-08-30,3.15,3.35,3.15,3.3,22922,EQ,,,
2017-08-31,3.25,3.4,3.25,3.35,27273,EQ,,,
2017-09-01,3.25,3.4,3.15,3.3,24131,EQ,,,
2017-09-04,3.4,3.4,3.2,3.4,14966,EQ,,,
2017-09-05,3.4,3.4,3.2,3.3,12360,EQ,,,
2017-09-06,3.4,3.4,3.3,3.4,7138,EQ,,,
2017-09-07,3.3,3.3,3.25,3.3,9490,EQ,,,
2017-09-08,3.3,3.35,3.2,3.2,13388,EQ,,,
2017-09-11,3.3,3.3,3.15,3.25,23749,EQ,,,
2017-09-12,3.35,3.35,3.15,3.2,21948,EQ,,,
2017-09-13,3.35,3.35,3.1,3.1,13598,EQ,,,
2017-09-14,3.05,3.2,3.05,3.1,12908,EQ,,,
2017-09-15,3.2,3.2,3.05,3.1,6657,EQ,,,
2017-09-18,3.3,3.3,3.1,3.25,28290,EQ,,,
2017-09-19,3.35,3.35,3.1,3.15,13518,EQ,,,
2017-09-20,3.25,3.25,3.15,3.2,2753,EQ,,,
2017-09-21,3.15,3.25,3.05,3.1,7310,EQ,,,
2017-09-22,3.15,3.2,3.1,3.1,11524,EQ,,,
2017-09-25,3.05,3.35,2.8,3.0,45481,EQ,,,
2017-09-26,3.1,3.15,2.9,3.1,16179,EQ,,,
2017-09-27,3.0,3.7,2.5,3.5,221315,EQ,,,
2017-09-28,3.5,3.7,3.0,3.15,84266,EQ,,,
2017-09-29,3.4,3.4,3.15,3.25,33706,EQ,,,
2017-10-03,3.35,3.35,3.2,3.2,14323,EQ,,,
2017-10-04,3.15,3.3,3.05,3.2,8440,EQ,,,
2017-10-05,3.2,3.3,2.7,3.0,57653,EQ,,,
2017-10-06,3.0,3.15,2.75,3.05,19446,EQ,,,
2017-10-09,3.0,3.2,3.0,3.05,20713,EQ,,,
2017-10-10,3.05,3.1,2.9,3.05,47349,EQ,,,
2017-10-11,3.1,3.15,2.95,3.1,16595,EQ,,,
2017-10-12,3.0,3.2,2.95,3.0,12930,EQ,,,
2017-10-13,3.1,3.15,2.95,2.95,20017,EQ,,,
2017-10-16,2.95,3.1,2.8,2.95,19331,EQ,,,
2017-10-17,3.0,3.05,2.85,3.0,3095,EQ,,,
2017-10-18,3.0,3.15,2.85,3.1,48200,EQ,,,
2017-10-19,3.1,3.1,3.05,3.05,561,EQ,,,
2017-10-23,3.05,3.1,2.75,2.8,21057,EQ,,,
2017-10-24,2.85,3.35,2.85,3.35,156205,EQ,,,
2017-10-25,3.7,3.7,3.05,3.2,71405,EQ,,,
2017-10-26,3.2,3.2,3.05,3.1,35969,EQ,,,
2017-10-27,3.05,3.1,3.0,3.0,24998,EQ,,,
2017-10-30,3.05,3.3,3.05,3.25,36866,EQ,,,
2017-10-31,3.1,3.35,3.1,3.3,4707,EQ,,,
2017-11-01,3.15,3.65,3.15,3.3,156814,EQ,,,
2017-11-02,3.5,3.85,3.2,3.55,259521,EQ,,,
2017-11-03,3.5,3.6,3.4,3.5,102310,EQ,,,
2017-11-06,3.5,3.75,3.4,3.5,148901,EQ,,,
2017-11-07,3.45,3.7,3.4,3.5,71164,EQ,,,
2017-11-08,3.5,3.65,3.05,3.3,223816,EQ,,,
2017-11-09,3.35,3.6,3.25,3.5,66048,EQ,,,
2017-11-10,3.5,3.5,3.35,3.35,9290,EQ,,,
2017-11-13,3.3,3.35,3.2,3.3,21296,EQ,,,
2017-11-14,3.35,3.5,3.3,3.45,21507,EQ,,,
2017-11-15,3.55,3.6,3.3,3.35,17606,EQ,,,
2017-11-16,3.3,3.45,3.05,3.1,63196,EQ,,,
2017-11-17,3.25,3.25,3.15,3.25,14378,EQ,,,
2017-11-20,3.25,3.45,3.1,3.3,50624,EQ,,,
2017-11-21,3.25,3.4,3.2,3.25,28394,EQ,,,
2017-11-22,3.2,3.9,3.2,3.5,831620,EQ,,,
2017-11-23,3.5,3.95,3.35,3.8,331903,EQ,,,
2017-11-24,3.8,4.45,3.7,3.9,998703,EQ,,,
2017-11-27,4.0,4.25,3.8,3.95,174523,EQ,,,
2017-11-28,4.0,4.0,3.8,3.85,118858,EQ,,,
2017-11-29,3.8,3.95,3.7,3.8,247286,EQ,,,
2017-11-30,3.8,3.95,3.6,3.8,112007,EQ,,,
2017-12-01,3.9,4.55,3.8,4.45,718977,EQ,,,
2017-12-04,4.45,4.5,4.1,4.25,342356,EQ,,,
2017-12-05,4.25,4.4,3.8,4.2,195725,EQ,,,
2017-12-06,4.2,5.0,4.2,4.8,923707,EQ,,,
2017-12-07,4.95,4.95,4.6,4.6,21080,BE,,,
2017-12-08,4.4,4.4,4.4,4.4,4629,BE,,,
2017-12-11,4.2,4.2,4.2,4.2,1650,BE,,,
2017-12-12,4.0,4.0,4.0,4.0,3533,BE,,,
2017-12-13,3.8,4.1,3.8,3.95,142705,BE,,,
2017-12-14,3.95,4.1,3.8,4.1,39853,BE,,,
2017-12-15,4.3,4.3,4.1,4.1,35781,BE,,,
2017-12-18,4.0,4.3,3.9,4.0,44461,BE,,,
2017-12-19,3.85,4.15,3.85,3.95,12881,BE,,,
2017-12-20,4.05,4.1,3.8,3.8,55114,BE,,,
2017-12-21,3.85,3.85,3.65,3.75,15021,BE,,,
2017-12-22,3.7,3.9,3.65,3.9,28755,BE,,,
2017-12-26,3.8,4.0,3.8,3.9,6541,BE,,,
2017-12-27,4.0,4.0,3.75,3.75,24767,BE,,,
2017-12-28,3.65,3.85,3.6,3.8,22427,BE,,,
2017-12-29,3.7,3.95,3.7,3.85,84173,BE,,,
2018-01-01,3.95,4.0,3.75,3.8,56964,BE,,,
2018-01-02,3.75,3.95,3.75,3.85,47749,BE,,,
2018-01-03,3.85,4.0,3.8,4.0,76227,BE,,,
2018-01-04,4.0,4.2,4.0,4.2,103298,BE,,,
2018-01-05,4.4,4.4,4.0,4.0,82853,BE,,,
2018-01-08,4.0,4.1,3.85,3.85,48466,BE,,,
2018-01-09,3.8,4.0,3.8,3.8,33429,BE,,,
2018-01-10,3.8,3.95,3.8,3.85,10904,BE,,,
2018-01-11,4.0,4.0,3.8,3.85,44537,BE,,,
2018-01-12,3.95,3.95,3.8,3.85,22265,BE,,,
2018-01-15,3.95,4.0,3.85,3.95,72182,BE,,,
2018-01-16,4.1,4.1,3.95,4.1,42946,BE,,,
2018-01-17,4.3,4.3,4.3,4.3,51035,BE,,,
2018-01-18,4.5,4.5,4.5,4.5,61208,BE,,,
2018-01-19,4.7,4.7,4.3,4.7,322213,BE,,,
2018-01-22,4.9,4.9,4.7,4.7,126992,BE,,,
2018-01-23,4.9,4.9,4.65,4.85,61524,BE,,,
2018-01-24,4.9,4.9,4.65,4.7,22402,BE,,,
2018-01-25,4.5,4.7,4.5,4.5,22706,BE,,,
2018-01-29,4.4,4.7,4.3,4.3,42878,BE,,,
2018-01-30,4.45,4.45,4.1,4.35,31877,BE,,,
2018-01-31,4.35,4.45,4.15,4.2,17677,BE,,,
2018-02-01,4.4,4.4,4.05,4.25,16265,BE,,,
2018-02-02,4.05,4.05,4.05,4.05,8426,BE,,,
2018-02-05,4.2,4.2,3.85,3.9,14206,BE,,,
2018-02-06,3.9,3.9,3.75,3.75,15706,BE,,,
2018-02-07,3.65,3.9,3.6,3.9,9038,EQ,,,
2018-02-08,4.05,4.05,3.9,4.05,8979,EQ,,,
2018-02-09,4.05,4.25,4.0,4.0,14107,EQ,,,
2018-02-12,4.2,4.2,3.9,4.1,15713,EQ,,,
2018-02-14,4.05,4.05,3.95,3.95,16396,EQ,,,
2018-02-15,4.05,4.05,3.85,3.85,25978,EQ,,,
2018-02-16,3.85,4.0,3.7,4.0,5348,EQ,,,
2018-02-19,4.2,4.2,3.8,4.0,9820,EQ,,,
2018-02-20,3.9,4.2,3.85,4.15,48457,EQ,,,
2018-02-21,4.0,4.35,3.95,4.2,30411,EQ,,,
2018-02-22,4.35,4.35,4.0,4.05,10362,EQ,,,
2018-02-23,3.9,4.25,3.9,4.15,31922,EQ,,,
2018-02-26,4.15,4.2,4.0,4.05,12035,EQ,,,
2018-02-27,3.9,4.1,3.85,3.9,27343,EQ,,,
2018-02-28,3.8,4.0,3.8,3.9,6350,EQ,,,
2018-03-01,4.0,4.0,3.75,3.8,26635,EQ,,,
2018-03-05,3.75,3.85,3.7,3.7,4349,EQ,,,
2018-03-06,3.65,3.85,3.65,3.7,5198,EQ,,,
2018-03-07,3.65,3.8,3.55,3.55,34885,EQ,,,
2018-03-08,3.45,3.5,3.4,3.4,6109,EQ,,,
2018-03-09,3.55,3.55,3.25,3.45,24834,EQ,,,
2018-03-12,3.3,3.3,3.3,3.3,8359,EQ,,,
2018-03-13,3.2,3.45,3.15,3.4,19331,EQ,,,
2018-03-14,3.3,3.5,3.3,3.45,7621,EQ,,,
2018-03-15,3.45,3.45,3.35,3.45,16455,EQ,,,
2018-03-16,3.35,3.5,3.3,3.45,37151,EQ,,,
2018-03-19,3.3,3.3,3.3,3.3,2625,EQ,,,
2018-03-20,3.15,3.35,3.15,3.15,9451,EQ,,,
2018-03-21,3.0,3.3,3.0,3.1,28936,EQ,,,
2018-03-22,3.0,3.1,2.95,2.95,6735,EQ,,,
2018-03-23,3.0,3.05,2.85,3.05,11144,EQ,,,
2018-03-26,3.2,3.2,2.9,2.95,34536,EQ,,,
2018-03-27,2.95,3.05,2.9,3.0,7321,EQ,,,
2018-03-28,2.95,3.1,2.85,2.95,21452,EQ,,,
2018-04-02,3.05,3.05,3.0,3.05,3650,EQ,,,
2018-04-03,3.15,3.2,3.1,3.15,8990,EQ,,,
2018-04-04,3.1,3.25,3.05,3.15,35257,EQ,,,
2018-04-05,3.0,3.15,3.0,3.1,64090,EQ,,,
2018-04-06,3.15,3.2,3.0,3.1,71637,EQ,,,
2018-04-09,2.85,3.15,2.85,3.1,18728,EQ,,,
2018-04-10,3.1,3.15,3.1,3.15,9489,EQ,,,
2018-04-11,3.1,3.25,3.1,3.2,15444,EQ,,,
2018-04-12,3.1,3.2,3.1,3.15,20351,EQ,,,
2018-04-13,3.05,3.2,3.0,3.2,32270,EQ,,,
2018-04-16,3.1,3.15,3.0,3.05,14918,EQ,,,
2018-04-17,3.1,3.15,2.95,3.05,15761,EQ,,,
2018-04-18,3.05,3.15,2.85,3.05,43416,EQ,,,
2018-04-19,3.05,3.05,2.95,3.05,5257,EQ,,,
2018-04-20,2.9,3.05,2.9,3.05,4510,EQ,,,
2018-04-23,3.05,3.05,2.95,3.0,2695,EQ,,,
2018-04-24,3.0,3.0,2.9,2.9,12700,EQ,,,
2018-04-25,2.75,3.1,2.75,2.9,18686,EQ,,,
2018-04-26,2.75,2.95,2.75,2.9,8065,EQ,,,
2018-04-27,2.9,3.05,2.8,3.0,6775,EQ,,,
2018-04-30,2.9,3.05,2.9,2.9,10816,EQ,,,
2018-05-02,2.9,2.9,2.75,2.9,4488,EQ,,,
2018-05-03,2.95,2.95,2.7,2.75,24613,EQ,,,
2018-05-04,2.9,2.9,2.8,2.85,15692,EQ,,,
2018-05-07,2.9,2.9,2.8,2.8,10114,EQ,,,
2018-05-08,2.85,2.9,2.75,2.8,10683,EQ,,,
2018-05-09,2.8,2.85,2.7,2.7,2685,EQ,,,
2018-05-10,2.7,2.7,2.6,2.6,4520,EQ,,,
2018-05-11,2.55,2.7,2.5,2.7,3902,EQ,,,
2018-05-14,2.45,2.7,2.45,2.45,4470,EQ,,,
2018-05-15,2.35,2.65,2.35,2.6,10542,EQ,,,
2018-05-16,2.35,2.7,2.35,2.4,4843,EQ,,,
2018-05-17,2.35,2.55,2.2,2.4,13726,EQ,,,
2018-05-18,2.45,2.45,2.2,2.25,13995,EQ,,,
2018-05-21,2.3,2.45,2.25,2.25,29138,EQ,,,
2018-05-22,2.25,2.25,2.05,2.05,71972,EQ,,,
2018-05-23,2.1,2.1,1.95,2.05,39334,EQ,,,
2018-05-24,2.05,2.1,2.0,2.05,8189,EQ,,,
2018-05-25,2.0,2.1,2.0,2.1,14905,EQ,,,
2018-05-28,2.1,2.1,2.0,2.0,6913,EQ,,,
2018-05-29,2.05,2.1,2.05,2.1,7444,EQ,,,
2018-05-30,2.15,2.2,2.15,2.2,15042,EQ,,,
2018-05-31,2.3,2.3,2.3,2.3,13800,EQ,,,
2018-06-01,2.3,2.4,2.2,2.4,56200,EQ,,,
2018-06-04,2.4,2.5,2.4,2.5,25011,EQ,,,
2018-06-05,2.6,2.6,2.6,2.6,8743,EQ,,,
2018-06-06,2.7,2.7,2.7,2.7,3651,EQ,,,
2018-06-07,2.7,2.7,2.6,2.6,6061,EQ,,,
2018-06-08,2.5,2.5,2.5,2.5,10360,EQ,,,
2018-06-11,2.4,2.55,2.4,2.55,3780,EQ,,,
2018-06-12,2.55,2.55,2.45,2.45,2044,EQ,,,
2018-06-13,2.35,2.55,2.35,2.55,5427,EQ,,,
2018-06-14,2.65,2.65,2.45,2.65,16733,EQ,,,
2018-06-15,2.65,2.75,2.6,2.7,20169,EQ,,,
2018-06-18,2.8,2.8,2.8,2.8,11410,EQ,,,
2018-06-19,2.7,2.8,2.7,2.8,5187,EQ,,,
2018-06-20,2.8,2.8,2.8,2.8,14,EQ,,,
2018-06-21,2.8,2.9,2.8,2.85,4956,EQ,,,
2018-06-22,2.75,2.95,2.75,2.8,7302,EQ,,,
2018-06-25,2.85,2.85,2.7,2.7,7371,EQ,,,
2018-06-26,2.8,2.8,2.6,2.6,4594,EQ,,,
2018-06-27,2.5,2.5,2.5,2.5,1881,EQ,,,
2018-06-28,2.4,2.4,2.4,2.4,475,EQ,,,
2018-06-29,2.3,2.3,2.3,2.3,2840,EQ,,,
2018-07-02,2.2,2.4,2.2,2.35,35301,EQ,,,
2018-07-03,2.35,2.45,2.25,2.25,40499,EQ,,,
2018-07-04,2.25,2.35,2.25,2.35,109,EQ,,,
2018-07-05,2.3,2.45,2.3,2.45,1348,EQ,,,
2018-07-06,2.55,2.55,2.55,2.55,9602,EQ,,,
2018-07-09,2.65,2.65,2.6,2.65,6647,EQ,,,
2018-07-10,2.65,2.7,2.6,2.65,6644,EQ,,,
2018-07-11,2.65,2.65,2.6,2.65,2353,EQ,,,
2018-07-12,2.7,2.75,2.55,2.65,6549,EQ,,,
2018-07-13,2.7,2.75,2.55,2.65,1189,EQ,,,
2018-07-16,2.7,2.7,2.55,2.55,15342,EQ,,,
2018-07-17,2.65,2.65,2.55,2.6,2001,EQ,,,
2018-07-18,2.6,2.6,2.5,2.5,2801,EQ,,,
2018-07-19,2.5,2.5,2.4,2.45,2112,EQ,,,
2018-07-20,2.4,2.55,2.4,2.4,2797,EQ,,,
2018-07-23,2.3,2.45,2.3,2.35,363,EQ,,,
2018-07-24,2.35,2.35,2.25,2.25,6418,EQ,,,
2018-07-25,2.15,2.25,2.15,2.2,34286,EQ,,,
2018-07-26,2.1,2.2,2.1,2.1,56423,EQ,,,
2018-07-27,2.05,2.2,2.0,2.2,60051,EQ,,,
2018-07-30,2.3,2.3,2.15,2.3,9533,EQ,,,
2018-07-31,2.3,2.4,2.2,2.35,4862,EQ,,,
2018-08-01,2.4,2.4,2.25,2.3,4344,EQ,,,
2018-08-02,2.35,2.35,2.25,2.35,903,EQ,,,
2018-08-03,2.3,2.4,2.25,2.25,11772,EQ,,,
2018-08-06,2.35,2.35,2.15,2.3,19578,EQ,,,
2018-08-07,2.4,2.4,2.25,2.4,936,EQ,,,
2018-08-08,2.4,2.45,2.25,2.3,25325,EQ,,,
2018-08-09,2.4,2.4,2.25,2.35,3821,EQ,,,
2018-08-10,2.35,2.55,2.25,2.5,29587,EQ,,,
2018-08-13,2.45,2.75,2.45,2.55,15709,EQ,,,
2018-08-14,2.7,2.7,2.4,2.45,26575,EQ,,,
2018-08-16,2.5,2.5,2.3,2.45,6181,EQ,,,
2018-08-17,2.4,2.5,2.4,2.45,2101,EQ,,,
2018-08-20,2.4,2.4,2.25,2.3,17881,EQ,,,
2018-08-21,2.4,2.4,2.3,2.35,4036,EQ,,,
2018-08-23,2.3,2.45,2.3,2.45,2114,EQ,,,
2018-08-24,2.4,2.65,2.35,2.6,109584,EQ,,,
2018-08-27,2.85,2.85,2.45,2.55,35838,EQ,,,
2018-08-28,2.5,2.7,2.45,2.5,5177,EQ,,,
2018-08-29,2.4,2.6,2.35,2.35,8929,EQ,,,
2018-08-30,2.55,2.55,2.2,2.35,31211,EQ,,,
2018-08-31,2.35,2.45,2.25,2.3,33550,EQ,,,
2018-09-03,2.15,2.4,2.15,2.3,6390,EQ,,,
2018-09-04,2.35,2.35,2.25,2.3,38167,EQ,,,
2018-09-05,2.3,2.5,2.25,2.5,55216,EQ,,,
2018-09-06,2.6,2.75,2.45,2.6,87325,EQ,,,
2018-09-07,2.7,2.7,2.5,2.6,18656,EQ,,,
2018-09-10,2.5,2.6,2.35,2.5,23065,EQ,,,
2018-09-11,2.6,2.7,2.4,2.5,36133,EQ,,,
2018-09-12,2.35,2.7,2.35,2.7,27836,EQ,,,
2018-09-14,2.65,2.95,2.55,2.9,127749,EQ,,,
2018-09-17,3.0,3.15,2.7,3.1,94364,EQ,,,
2018-09-18,3.25,3.25,2.95,2.95,171059,EQ,,,
2018-09-19,2.9,2.95,2.85,2.9,39599,EQ,,,
2018-09-21,2.85,2.85,2.8,2.8,26523,EQ,,,
2018-09-24,2.75,2.8,2.7,2.7,491,EQ,,,
2018-09-25,2.7,2.7,2.6,2.6,2662,EQ,,,
2018-09-26,2.65,2.65,2.55,2.6,10165,EQ,,,
2018-09-27,2.55,2.7,2.55,2.7,25729,EQ,,,
2018-09-28,2.8,2.8,2.6,2.65,23776,EQ,,,
2018-10-01,2.55,2.55,2.55,2.55,1741,EQ,,,
2018-10-03,2.55,2.65,2.45,2.65,37006,EQ,,,
2018-10-04,2.75,2.75,2.55,2.75,10547,EQ,,,
2018-10-05,2.7,2.75,2.65,2.65,12261,EQ,,,
2018-10-08,2.65,2.7,2.45,2.5,3948,EQ,,,
2018-10-09,2.6,2.6,2.3,2.3,16118,EQ,,,
2018-10-10,2.45,2.45,2.3,2.45,2681,EQ,,,
2018-10-11,2.45,2.45,2.25,2.4,4580,EQ,,,
2018-10-12,2.5,2.55,2.4,2.45,5441,EQ,,,
2018-10-15,2.45,2.45,2.25,2.3,13705,EQ,,,
2018-10-16,2.35,2.5,2.3,2.5,13447,EQ,,,
2018-10-17,2.5,2.7,2.35,2.65,32374,EQ,,,
2018-10-19,2.65,2.7,2.5,2.5,14882,EQ,,,
2018-10-22,2.55,2.55,2.35,2.45,6113,EQ,,,
2018-10-23,2.25,2.55,2.25,2.4,36121,EQ,,,
2018-10-24,2.4,2.45,2.25,2.4,5111,EQ,,,
2018-10-25,2.3,2.5,2.3,2.35,14637,EQ,,,
2018-10-26,2.35,2.45,2.25,2.4,12463,EQ,,,
2018-10-29,2.45,2.45,2.3,2.3,1687,EQ,,,
2018-10-30,2.25,2.5,2.25,2.45,27468,EQ,,,
2018-10-31,2.55,2.65,2.55,2.65,8435,EQ,,,
2018-11-01,2.55,2.8,2.55,2.65,18578,EQ,,,
2018-11-02,2.85,2.85,2.5,2.5,50280,EQ,,,
2018-11-05,2.45,2.65,2.4,2.6,15853,EQ,,,
2018-11-06,2.6,2.85,2.35,2.45,111241,EQ,,,
2018-11-07,2.55,2.65,2.5,2.65,17330,EQ,,,
2018-11-09,2.6,2.9,2.6,2.9,12353,EQ,,,
2018-11-12,2.8,3.15,2.8,3.1,173893,EQ,,,
2018-11-13,3.2,3.2,2.95,3.2,84350,EQ,,,
2018-11-14,3.25,3.25,2.9,2.9,91075,EQ,,,
2018-11-15,3.0,3.05,2.7,2.9,25730,EQ,,,
2018-11-16,3.0,3.15,2.7,2.75,88679,EQ,,,
2018-11-19,2.75,2.85,2.5,2.5,133942,EQ,,,
2018-11-20,2.5,2.55,2.25,2.25,104266,EQ,,,
2018-11-21,2.3,2.35,2.2,2.25,33579,EQ,,,
2018-11-22,2.2,2.35,2.2,2.35,12104,EQ,,,
2018-11-26,2.3,2.35,2.25,2.35,4145,EQ,,,
2018-11-27,2.25,2.45,2.25,2.35,48389,EQ,,,
2018-11-28,2.3,2.35,2.25,2.25,52509,EQ,,,
2018-11-29,2.3,2.35,2.2,2.35,34583,EQ,,,
2018-11-30,2.4,2.45,2.35,2.4,28243,EQ,,,
2018-12-03,2.35,2.5,2.35,2.5,47563,EQ,,,
2018-12-04,2.5,2.5,2.4,2.4,26808,EQ,,,
2018-12-05,2.3,2.5,2.3,2.45,63505,EQ,,,
2018-12-06,2.45,2.55,2.45,2.5,2038,EQ,,,
2018-12-07,2.45,2.75,2.4,2.7,56906,EQ,,,
2018-12-10,2.85,2.85,2.45,2.5,44926,EQ,,,
2018-12-11,2.5,2.6,2.4,2.45,9004,EQ,,,
2018-12-12,2.4,2.45,2.35,2.4,23861,EQ,,,
2018-12-13,2.4,2.6,2.3,2.55,27581,EQ,,,
2018-12-14,2.6,2.6,2.45,2.45,11121,EQ,,,
2018-12-17,2.4,2.5,2.3,2.4,57349,EQ,,,
2018-12-18,2.3,2.6,2.3,2.6,139801,EQ,,,
2018-12-19,2.65,2.85,2.45,2.55,147579,EQ,,,
2018-12-20,2.45,2.55,2.4,2.45,48462,EQ,,,
2018-12-21,2.45,2.65,2.4,2.5,107137,EQ,,,
2018-12-24,2.4,2.6,2.4,2.4,219335,EQ,,,
2018-12-26,2.35,2.45,2.3,2.4,36836,EQ,,,
2018-12-27,2.4,2.45,2.35,2.4,27840,EQ,,,
2018-12-28,2.35,2.4,2.3,2.4,55441,EQ,,,
2018-12-31,2.4,2.4,2.25,2.3,43295,EQ,,,
2019-01-01,2.3,2.5,2.3,2.5,82513,EQ,,,
2019-01-02,2.5,2.75,2.5,2.6,82764,EQ,,,
2019-01-03,2.5,2.6,2.45,2.5,44093,EQ,,,
2019-01-04,2.4,2.45,2.4,2.4,74893,EQ,,,
2019-01-07,2.4,2.6,2.4,2.4,66039,EQ,,,
2019-01-08,2.45,2.55,2.4,2.5,15994,EQ,,,
2019-01-09,2.4,2.5,2.35,2.35,88899,EQ,,,
2019-01-10,2.3,2.4,2.3,2.4,44836,EQ,,,
2019-01-11,2.55,2.55,2.4,2.5,79422,EQ,,,
2019-01-14,2.4,2.55,2.4,2.5,27665,EQ,,,
2019-01-15,2.4,2.5,2.35,2.4,59676,EQ,,,
2019-01-16,2.45,2.45,2.3,2.35,46237,EQ,,,
2019-01-17,2.35,2.55,2.3,2.5,153595,EQ,,,
2019-01-18,2.45,2.55,2.35,2.4,40039,EQ,,,
2019-01-21,2.35,2.4,2.3,2.3,63838,EQ,,,
2019-01-22,2.35,2.35,2.25,2.25,55506,EQ,,,
2019-01-23,2.3,2.3,2.25,2.25,2095,EQ,,,
2019-01-24,2.2,2.3,2.2,2.2,13408,EQ,,,
2019-01-25,2.2,2.25,2.15,2.25,25196,EQ,,,
2019-01-28,2.15,2.3,2.1,2.1,27685,EQ,,,
2019-01-29,2.05,2.3,2.05,2.2,15319,EQ,,,
2019-01-30,2.1,2.3,2.1,2.1,20601,EQ,,,
2019-01-31,2.1,2.25,2.05,2.15,37203,EQ,,,
2019-02-01,2.3,2.3,2.1,2.2,37203,EQ,,,
2019-02-04,2.1,2.25,2.1,2.25,3595,EQ,,,
2019-02-05,2.25,2.25,2.1,2.1,968,EQ,,,
2019-02-06,2.0,2.25,2.0,2.15,23904,EQ,,,
2019-02-07,2.1,2.25,2.05,2.25,334,EQ,,,
2019-02-08,2.05,2.15,2.05,2.05,22226,EQ,,,
2019-02-11,2.05,2.15,2.0,2.0,19440,EQ,,,
2019-02-12,2.0,2.1,1.85,2.1,17480,EQ,,,
2019-02-13,2.0,2.05,1.9,1.9,17597,EQ,,,
2019-02-14,1.9,2.05,1.9,2.05,6211,EQ,,,
2019-02-15,2.05,2.05,1.9,2.05,1774,EQ,,,
2019-02-18,1.9,2.1,1.9,2.0,8615,EQ,,,
2019-02-19,1.9,2.0,1.9,2.0,4373,EQ,,,
2019-02-20,2.2,2.2,2.0,2.1,4516,EQ,,,
2019-02-21,2.1,2.1,1.95,2.1,5035,EQ,,,
2019-02-22,1.95,2.2,1.95,2.0,6729,EQ,,,
2019-02-25,2.25,2.25,1.9,2.0,34907,EQ,,,
2019-02-26,2.05,2.1,1.95,2.1,11605,EQ,,,
2019-02-27,2.1,2.1,2.0,2.1,22167,EQ,,,
2019-02-28,2.1,2.5,2.1,2.45,269445,EQ,,,
2019-03-01,2.45,2.9,2.4,2.9,247053,EQ,,,
2019-03-05,2.85,3.1,2.7,2.9,273591,EQ,,,
2019-03-06,2.95,2.95,2.65,2.75,215921,EQ,,,
2019-03-07,2.8,2.8,2.6,2.7,88206,EQ,,,
2019-03-08,2.65,2.75,2.55,2.6,75482,EQ,,,
2019-03-11,2.6,2.85,2.55,2.75,111321,EQ,,,
2019-03-12,2.9,2.9,2.7,2.75,42691,EQ,,,
2019-03-13,2.7,2.8,2.55,2.6,99700,EQ,,,
2019-03-14,2.6,2.8,2.55,2.8,39097,EQ,,,
2019-03-15,2.7,2.7,2.55,2.55,138565,EQ,,,
2019-03-18,2.5,2.65,2.5,2.65,3819,EQ,,,
2019-03-19,2.6,2.65,2.45,2.6,51343,EQ,,,
2019-03-20,2.5,2.6,2.45,2.45,129027,EQ,,,
2019-03-22,2.5,2.5,2.35,2.4,38457,EQ,,,
2019-03-25,2.25,2.4,2.2,2.25,77263,EQ,,,
2019-03-26,2.3,2.3,2.2,2.25,44964,EQ,,,
2019-03-27,2.2,2.25,2.1,2.15,35784,EQ,,,
2019-03-28,2.2,2.3,2.1,2.2,180769,EQ,,,
2019-03-29,2.2,2.25,2.2,2.25,14752,EQ,,,
2019-04-01,2.15,2.3,2.15,2.3,220,EQ,,,
2019-04-02,2.3,2.3,2.25,2.3,25850,EQ,,,
2019-04-03,2.3,2.35,2.25,2.35,11499,EQ,,,
2019-04-04,2.35,2.35,2.2,2.3,1901,EQ,,,
2019-04-05,2.3,2.35,2.2,2.35,7412,EQ,,,
2019-04-08,2.25,2.35,2.25,2.35,8404,EQ,,,
2019-04-09,2.25,2.35,2.25,2.3,38533,EQ,,,
2019-04-10,2.25,2.3,2.2,2.3,25474,EQ,,,
2019-04-11,2.3,2.3,2.2,2.25,5106,EQ,,,
2019-04-12,2.25,2.35,2.2,2.25,42526,EQ,,,
2019-04-15,2.25,2.3,2.2,2.25,10411,EQ,,,
2019-04-16,2.25,2.4,2.2,2.3,48395,EQ,,,
2019-04-18,2.35,2.35,2.25,2.35,18972,EQ,,,
2019-04-22,2.35,2.35,2.25,2.25,7107,EQ,,,
2019-04-23,2.25,2.25,2.25,2.25,788,EQ,,,
2019-04-24,2.25,2.35,2.25,2.3,3047,EQ,,,
2019-04-25,2.25,2.3,2.2,2.3,12938,EQ,,,
2019-04-26,2.3,2.3,2.15,2.2,14950,EQ,,,
2019-04-30,2.15,2.25,2.15,2.25,3414,EQ,,,
2019-05-02,2.25,2.3,2.15,2.25,22548,EQ,,,
2019-05-03,2.15,2.25,2.15,2.2,18484,EQ,,,
2019-05-06,2.1,2.5,2.05,2.45,157163,EQ,,,
2019-05-07,2.75,2.75,2.5,2.6,361063,EQ,,,
2019-05-08,2.6,2.6,2.15,2.3,72823,EQ,,,
2019-05-09,2.3,2.3,2.2,2.25,25397,EQ,,,
2019-05-10,2.2,2.3,2.2,2.2,19866,EQ,,,
2019-05-13,2.2,2.3,2.05,2.3,31032,EQ,,,
2019-05-14,2.3,2.3,2.1,2.25,31508,EQ,,,
2019-05-15,2.3,2.3,2.15,2.2,34352,EQ,,,
2019-05-16,2.15,2.3,2.15,2.25,3552,EQ,,,
2019-05-17,2.15,2.3,2.15,2.25,39378,EQ,,,
2019-05-20,2.35,2.45,2.25,2.4,61209,EQ,,,
2019-05-21,2.5,2.55,2.35,2.5,92567,EQ,,,
2019-05-22,2.45,2.9,2.45,2.85,166309,EQ,,,
2019-05-23,3.0,3.1,2.75,3.0,169085,EQ,,,
2019-05-24,3.15,3.3,2.65,2.75,448894,EQ,,,
2019-05-27,2.9,3.3,2.8,3.3,591548,EQ,,,
2019-05-28,3.55,3.95,3.5,3.95,626829,EQ,,,
2019-05-29,4.25,4.3,4.1,4.3,226903,EQ,,,
2019-05-30,4.65,4.7,4.65,4.7,145203,EQ,,,
2019-05-31,4.85,5.15,4.7,5.15,538034,EQ,,,
2019-06-03,4.9,4.9,4.9,4.9,160249,EQ,,,
2019-06-04,4.7,4.7,4.7,4.7,6498,EQ,,,
2019-06-06,4.5,4.5,4.5,4.5,14503,EQ,,,
2019-06-07,4.3,4.3,4.3,4.3,1421,BE,,,
2019-06-10,4.1,4.1,4.1,4.1,1723,BE,,,
2019-06-11,3.9,3.9,3.9,3.9,3417,BE,,,
2019-06-12,3.75,3.75,3.75,3.75,1536,BE,,,
2019-06-13,3.6,3.6,3.6,3.6,519,BE,,,
2019-06-14,3.45,3.45,3.45,3.45,1818,BE,,,
2019-06-17,3.3,3.3,3.3,3.3,1061,BE,,,
2019-06-18,3.15,3.15,3.15,3.15,913,BE,,,
2019-06-19,3.0,3.0,3.0,3.0,1302,BE,,,
2019-06-20,2.85,2.85,2.85,2.85,5727,BE,,,
2019-06-21,2.75,2.75,2.75,2.75,6293,BE,,,
2019-06-24,2.65,2.65,2.65,2.65,4194,BE,,,
2019-06-25,2.55,2.55,2.55,2.55,512,BE,,,
2019-06-26,2.45,2.45,2.45,2.45,1933,BE,,,
2019-06-27,2.35,2.55,2.35,2.55,109510,BE,,,
2019-06-28,2.5,2.65,2.45,2.65,70285,BE,,,
2019-07-01,2.55,2.75,2.55,2.55,10899,BE,,,
2019-07-02,2.45,2.55,2.45,2.45,8335,BE,,,
2019-07-03,2.5,2.5,2.35,2.35,14602,BE,,,
2019-07-04,2.25,2.35,2.25,2.25,20748,BE,,,
2019-07-05,2.2,2.35,2.2,2.25,15175,BE,,,
2019-07-08,2.2,2.3,2.15,2.15,29953,BE,,,
2019-07-09,2.1,2.15,2.05,2.05,34831,BE,,,
2019-07-10,2.15,2.15,2.05,2.15,25410,BE,,,
2019-07-11,2.25,2.25,2.05,2.15,21865,BE,,,
2019-07-12,2.1,2.25,2.1,2.25,20528,BE,,,
2019-07-15,2.2,2.35,2.2,2.2,20668,BE,,,
2019-07-16,2.3,2.3,2.15,2.2,4006,BE,,,
2019-07-17,2.3,2.3,2.15,2.2,5916,BE,,,
2019-07-18,2.15,2.3,2.15,2.15,13671,BE,,,
2019-07-19,2.1,2.2,2.1,2.15,6548,BE,,,
2019-07-22,2.1,2.2,2.05,2.05,28783,BE,,,
2019-07-23,2.05,2.15,2.05,2.15,9017,BE,,,
2019-07-24,2.25,2.25,2.05,2.05,11895,BE,,,
2019-07-25,2.05,2.15,2.0,2.05,15302,BE,,,
2019-07-26,2.0,2.15,2.0,2.15,1340,BE,,,
2019-07-29,2.1,2.2,2.05,2.1,29474,BE,,,
2019-07-30,2.0,2.15,2.0,2.0,17903,BE,,,
2019-07-31,1.95,2.1,1.9,2.05,8625,BE,,,
2019-08-01,2.0,2.0,1.95,1.95,11919,BE,,,
2019-08-02,1.9,2.0,1.9,2.0,2851,BE,,,
2019-08-05,1.9,2.0,1.9,1.9,2440,BE,,,
2019-08-06,1.9,1.95,1.85,1.95,20231,BE,,,
2019-08-07,1.9,1.95,1.9,1.95,1043,BE,,,
2019-08-08,1.95,1.95,1.95,1.95,3000,BE,,,
2019-08-09,1.95,1.95,1.9,1.9,1989,BE,,,
2019-08-13,1.95,1.95,1.85,1.85,8031,BE,,,
2019-08-14,1.8,1.8,1.8,1.8,5559,BE,,,
2019-08-16,1.8,1.8,1.75,1.75,20081,BE,,,
2019-08-19,1.7,1.8,1.7,1.7,60104,BE,,,
2019-08-20,1.7,1.75,1.65,1.65,721,BE,,,
2019-08-21,1.6,1.7,1.6,1.7,1172,BE,,,
2019-08-22,1.65,1.65,1.65,1.65,2065,BE,,,
2019-08-23,1.65,1.65,1.6,1.6,6227,BE,,,
2019-08-26,1.6,1.6,1.55,1.55,5568,BE,,,
2019-08-27,1.55,1.55,1.5,1.5,1751,BE,,,
2019-08-28,1.45,1.5,1.45,1.5,5693,BE,,,
2019-08-29,1.45,1.55,1.45,1.55,1668,BE,,,
2019-08-30,1.5,1.5,1.5,1.5,7272,BE,,,
2019-09-03,1.5,1.5,1.45,1.45,3013,BE,,,
2019-09-04,1.4,1.4,1.4,1.4,2949,BE,,,
2019-09-05,1.4,1.4,1.35,1.35,1566,BE,,,
2019-09-06,1.35,1.4,1.35,1.4,7120,BE,,,
2019-09-09,1.35,1.45,1.35,1.45,10008,BE,,,
2019-09-11,1.4,1.5,1.4,1.5,2647,BE,,,
2019-09-12,1.55,1.55,1.55,1.55,1161,BE,,,
2019-09-13,1.6,1.6,1.55,1.6,14216,BE,,,
2019-09-16,1.65,1.65,1.65,1.65,143,BE,,,
2019-09-17,1.7,1.7,1.7,1.7,9237,EQ,,,
2019-09-18,1.75,1.75,1.75,1.75,6041,EQ,,,
2019-09-19,1.8,1.8,1.8,1.8,3423,EQ,,,
2019-09-20,1.85,1.85,1.85,1.85,3401,EQ,,,
2019-09-23,1.9,1.9,1.9,1.9,107,EQ,,,
2019-09-24,1.95,1.95,1.95,1.95,7546,EQ,,,
2019-09-25,2.0,2.0,2.0,2.0,140,EQ,,,
2019-09-26,2.1,2.1,2.1,2.1,2922,EQ,,,
2019-09-27,2.2,2.2,2.1,2.2,37354,EQ,,,
2019-09-30,2.3,2.3,2.3,2.3,15167,EQ,103.0,147.25,
2019-10-01,2.4,2.4,2.35,2.35,14759,EQ,79.0,186.82,10799.0
2019-10-03,2.45,2.45,2.35,2.35,16327,EQ,55.0,296.85,9897.0
2019-10-04,2.4,2.45,2.25,2.25,7777,EQ,33.0,235.67,7476.0
2019-10-07,2.3,2.3,2.15,2.15,3372,EQ,19.0,177.47,3352.0
2019-10-09,2.05,2.05,2.05,2.05,1627,EQ,9.0,180.78,1627.0
2019-10-10,2.05,2.05,1.95,1.95,306,EQ,7.0,43.71,306.0
2019-10-11,1.9,1.9,1.9,1.9,171,EQ,5.0,34.2,171.0
2019-10-14,1.85,1.85,1.85,1.85,70,EQ,5.0,14.0,70.0
2019-10-15,1.8,1.8,1.8,1.8,2017,EQ,8.0,252.12,2017.0
2019-10-16,1.75,1.75,1.75,1.75,1025,EQ,5.0,205.0,1025.0
2019-10-17,1.75,1.75,1.7,1.7,1597,EQ,9.0,177.44,1597.0
2019-10-18,1.7,1.7,1.65,1.65,5860,EQ,24.0,244.17,5860.0
2019-10-22,1.7,1.7,1.6,1.65,10595,EQ,49.0,216.22,10144.0
2019-10-23,1.65,1.7,1.6,1.6,751,EQ,10.0,75.1,651.0
2019-10-24,1.6,1.6,1.55,1.6,2527,EQ,13.0,194.38,2527.0
2019-10-25,1.6,1.65,1.55,1.6,1513,EQ,9.0,168.11,1502.0
2019-10-29,1.6,1.65,1.55,1.55,7940,EQ,29.0,273.79,7340.0
2019-10-30,1.55,1.6,1.5,1.6,26823,EQ,39.0,687.77,25720.0
2019-10-31,1.65,1.65,1.55,1.6,11907,EQ,41.0,290.41,11545.0
2019-11-01,1.6,1.65,1.55,1.65,5283,EQ,13.0,406.38,4483.0
2019-11-04,1.65,1.65,1.6,1.65,22509,EQ,526.0,42.79,22115.0
2019-11-05,1.7,1.7,1.6,1.7,7240,EQ,17.0,425.88,6240.0
2019-11-06,1.75,1.75,1.7,1.75,9617,EQ,19.0,506.16,8617.0
2019-11-07,1.8,1.8,1.7,1.7,9193,EQ,37.0,248.46,7618.0
2019-11-08,1.7,1.75,1.7,1.7,4004,EQ,21.0,190.67,1920.0
2019-11-11,1.7,1.75,1.65,1.7,13201,EQ,27.0,488.93,10977.0
2019-11-13,1.75,1.75,1.65,1.65,24302,EQ,33.0,736.42,17502.0
2019-11-14,1.7,1.7,1.65,1.7,4846,EQ,14.0,346.14,4835.0
2019-11-15,1.75,1.75,1.7,1.7,5791,EQ,17.0,340.65,4415.0
2019-11-18,1.75,1.75,1.65,1.7,5301,EQ,18.0,294.5,4269.0
2019-11-19,1.65,1.75,1.65,1.65,14383,EQ,26.0,553.19,9272.0
2019-11-20,1.6,1.7,1.6,1.6,34871,EQ,37.0,942.46,24371.0
2019-11-21,1.6,1.6,1.6,1.6,6890,EQ,6.0,1148.33,6890.0
2019-11-22,1.65,1.65,1.55,1.6,29832,EQ,24.0,1243.0,25814.0
2019-11-25,1.55,1.65,1.55,1.6,11340,EQ,15.0,756.0,11244.0
2019-11-26,1.6,1.65,1.55,1.65,6026,EQ,18.0,334.78,5725.0
2019-11-27,1.7,1.7,1.7,1.7,1190,EQ,3.0,396.67,1190.0
2019-11-28,1.65,1.75,1.65,1.7,1842,EQ,13.0,141.69,1532.0
2019-11-29,1.7,1.75,1.65,1.65,6211,EQ,19.0,326.89,6159.0
2019-12-02,1.6,1.6,1.6,1.6,3824,EQ,14.0,273.14,3824.0
2019-12-03,1.55,1.65,1.55,1.6,20840,EQ,21.0,992.38,16999.0
2019-12-04,1.6,1.65,1.6,1.65,3178,EQ,6.0,529.67,3178.0
2019-12-05,1.65,1.7,1.65,1.65,14979,EQ,16.0,936.19,14874.0
2019-12-06,1.8,1.8,1.8,1.8,5005,EQ,8.0,625.62,5005.0
2019-12-09,1.95,1.95,1.95,1.95,4622,EQ,5.0,924.4,4622.0
2019-12-10,2.1,2.1,2.1,2.1,8590,EQ,17.0,505.29,8590.0
2019-12-11,2.2,2.2,2.2,2.2,5737,EQ,8.0,717.12,5737.0
2019-12-12,2.3,2.3,2.1,2.1,20404,EQ,49.0,416.41,14668.0
2019-12-13,2.0,2.0,2.0,2.0,6504,EQ,24.0,271.0,6504.0
2019-12-16,1.9,1.95,1.9,1.9,8036,EQ,25.0,321.44,8036.0
2019-12-17,1.85,1.9,1.85,1.85,3380,EQ,17.0,198.82,3380.0
2019-12-18,1.8,1.8,1.8,1.8,3654,EQ,8.0,456.75,3654.0
2019-12-19,1.75,1.85,1.75,1.8,4492,EQ,32.0,140.38,4394.0
2019-12-20,1.8,1.8,1.75,1.8,6808,EQ,24.0,283.67,5208.0
2019-12-23,1.8,1.8,1.75,1.75,1386,EQ,12.0,115.5,1386.0
2019-12-24,1.75,1.75,1.7,1.7,925,EQ,6.0,154.17,910.0
2019-12-26,1.7,1.7,1.65,1.65,17876,EQ,20.0,893.8,17861.0
2019-12-27,1.6,1.7,1.6,1.65,117,EQ,7.0,16.71,91.0
2019-12-30,1.7,1.7,1.65,1.65,1636,EQ,6.0,272.67,1501.0
2019-12-31,1.7,1.7,1.65,1.65,2353,EQ,10.0,235.3,2353.0
2020-01-01,1.65,1.65,1.65,1.65,36,EQ,2.0,18.0,36.0
2020-01-02,1.65,1.65,1.65,1.65,88,EQ,1.0,88.0,88.0
2020-01-03,1.65,1.7,1.65,1.65,18575,EQ,16.0,1160.94,18225.0
2020-01-06,1.65,1.7,1.6,1.65,18573,EQ,27.0,687.89,7600.0
2020-01-07,1.7,1.7,1.6,1.65,2211,EQ,19.0,116.37,2063.0
2020-01-08,1.6,1.65,1.6,1.65,6504,EQ,8.0,813.0,5954.0
2020-01-09,1.65,1.65,1.6,1.65,23442,EQ,30.0,781.4,12148.0
2020-01-10,1.65,1.7,1.6,1.6,13562,EQ,27.0,502.3,11154.0
2020-01-13,1.65,1.65,1.55,1.55,8593,EQ,18.0,477.39,7300.0
2020-01-14,1.55,1.6,1.5,1.6,12461,EQ,22.0,566.41,8231.0
2020-01-15,1.6,1.6,1.55,1.6,1711,EQ,10.0,171.1,1686.0
2020-01-16,1.65,1.65,1.55,1.55,2465,EQ,13.0,189.62,1787.0
2020-01-17,1.6,1.6,1.5,1.55,12287,EQ,29.0,423.69,7096.0
2020-01-20,1.5,1.6,1.5,1.6,807,EQ,14.0,57.64,802.0
2020-01-21,1.6,1.6,1.55,1.55,4762,EQ,19.0,250.63,4762.0
2020-01-22,1.6,1.6,1.5,1.5,22397,EQ,40.0,559.92,15342.0
2020-01-23,1.55,1.55,1.45,1.55,15787,EQ,28.0,563.82,10496.0
2020-01-24,1.6,1.6,1.55,1.6,16844,EQ,19.0,886.53,15965.0
2020-01-27,1.65,1.65,1.55,1.6,4994,EQ,13.0,384.15,4570.0
2020-01-28,1.55,1.65,1.55,1.6,12474,EQ,18.0,693.0,11159.0
2020-01-29,1.6,1.65,1.55,1.6,12284,EQ,21.0,584.95,12025.0
2020-01-30,1.6,1.6,1.55,1.6,4687,EQ,11.0,426.09,4592.0
2020-01-31,1.55,1.6,1.55,1.6,7872,EQ,10.0,787.2,7872.0
2020-02-03,1.5,1.55,1.5,1.5,1733,EQ,17.0,101.94,1633.0
2020-02-04,1.5,1.5,1.45,1.5,7117,EQ,19.0,374.58,7008.0
2020-02-05,1.45,1.5,1.45,1.5,3819,EQ,18.0,212.17,3494.0
2020-02-06,1.5,1.5,1.35,1.35,58735,EQ,62.0,947.34,50883.0
2020-02-07,1.4,1.45,1.35,1.45,6763,EQ,17.0,397.82,6528.0
2020-02-10,1.5,1.55,1.35,1.45,51424,EQ,928.0,55.41,33419.0
2020-02-11,1.55,1.55,1.5,1.55,16762,EQ,22.0,761.91,13760.0
2020-02-12,1.5,1.7,1.5,1.7,45611,EQ,80.0,570.14,24287.0
2020-02-13,1.7,1.85,1.6,1.75,25941,EQ,44.0,589.57,22886.0
2020-02-14,1.7,1.7,1.7,1.7,5501,EQ,3.0,1833.67,5500.0
2020-02-17,1.7,1.7,1.65,1.65,386,EQ,3.0,128.67,286.0
2020-02-18,1.6,1.6,1.6,1.6,1307,EQ,3.0,435.67,1307.0
2020-02-20,1.55,1.55,1.55,1.55,1011,EQ,4.0,252.75,1011.0
2020-02-24,1.5,1.5,1.5,1.5,62,EQ,4.0,15.5,62.0
2020-02-25,1.45,1.45,1.45,1.45,5,EQ,1.0,5.0,5.0
2020-02-26,1.4,1.5,1.4,1.45,4185,EQ,14.0,298.93,4175.0
2020-02-27,1.4,1.45,1.4,1.45,2089,EQ,20.0,104.45,1977.0
2020-02-28,1.45,1.5,1.4,1.5,178,EQ,5.0,35.6,178.0
2020-03-02,1.55,1.55,1.55,1.55,6,EQ,3.0,2.0,3.0
2020-03-06,1.5,1.5,1.5,1.5,2,EQ,2.0,1.0,1.0
2020-03-11,1.45,1.45,1.45,1.45,16397,EQ,6.0,2732.83,16397.0
2020-03-12,1.4,1.4,1.4,1.4,1804,EQ,4.0,451.0,1804.0
2020-03-13,1.35,1.35,1.35,1.35,1276,EQ,8.0,159.5,1276.0
2020-03-16,1.35,1.35,1.3,1.3,1520,EQ,7.0,217.14,1520.0
2020-03-17,1.3,1.3,1.25,1.25,2450,EQ,7.0,350.0,2450.0
2020-03-18,1.2,1.2,1.2,1.2,350,EQ,3.0,116.67,350.0
2020-03-19,1.2,1.2,1.15,1.15,3726,EQ,8.0,465.75,3726.0
2020-03-20,1.1,1.1,1.1,1.1,476,EQ,6.0,79.33,476.0
2020-03-23,1.05,1.05,1.05,1.05,150,EQ,1.0,150.0,150.0
2020-03-24,1.0,1.0,1.0,1.0,303,EQ,3.0,101.0,303.0
2020-03-25,0.95,0.95,0.95,0.95,160,EQ,2.0,80.0,160.0
2020-03-26,0.9,0.95,0.9,0.9,1717,EQ,14.0,122.64,1717.0
2020-03-27,0.9,0.9,0.85,0.85,10968,EQ,21.0,522.29,10961.0
2020-03-30,0.85,0.85,0.8,0.8,4145,EQ,12.0,345.42,4145.0
2020-03-31,0.75,0.8,0.75,0.75,34763,EQ,24.0,1448.46,33763.0
2020-04-01,0.8,0.8,0.7,0.8,25382,EQ,32.0,793.19,15601.0
2020-04-03,0.75,0.8,0.75,0.8,3703,EQ,10.0,370.3,3603.0
2020-04-07,0.75,0.85,0.75,0.85,969,EQ,11.0,88.09,968.0
2020-04-08,0.9,0.9,0.9,0.9,2417,EQ,5.0,483.4,2417.0
2020-04-09,0.9,0.95,0.9,0.95,4104,EQ,387.0,10.6,4104.0
2020-04-13,0.95,0.95,0.9,0.95,6308,EQ,,,
2020-04-15,0.9,1.0,0.9,0.9,3652,EQ,6.0,608.67,3652.0
2020-04-16,0.95,0.95,0.9,0.9,3825,EQ,13.0,294.23,3825.0
2020-04-17,0.9,0.95,0.9,0.95,5220,EQ,53.0,98.49,5038.0
2020-04-20,1.0,1.0,1.0,1.0,102,EQ,2.0,51.0,102.0
2020-04-21,0.95,1.05,0.95,1.0,2855,EQ,11.0,259.55,2645.0
2020-04-22,1.05,1.05,0.95,1.05,4854,EQ,22.0,220.64,3845.0
2020-04-23,1.05,1.1,1.0,1.1,10700,EQ,25.0,428.0,9443.0
2020-04-24,1.15,1.15,1.05,1.1,19206,EQ,31.0,619.55,19076.0
2020-04-27,1.1,1.15,1.05,1.1,7603,EQ,29.0,262.17,7374.0
2020-04-28,1.1,1.1,1.05,1.1,23814,EQ,52.0,457.96,20704.0
2020-04-29,1.15,1.15,1.05,1.15,19705,EQ,33.0,597.12,14081.0
2020-04-30,1.15,1.15,1.1,1.1,9665,EQ,15.0,644.33,9665.0
2020-05-04,1.05,1.1,1.05,1.1,10920,EQ,23.0,474.78,10888.0
2020-05-05,1.15,1.15,1.05,1.05,36788,EQ,43.0,855.53,22981.0
2020-05-06,1.05,1.1,1.0,1.05,12365,EQ,19.0,650.79,6563.0
2020-05-07,1.1,1.1,1.0,1.1,25929,EQ,44.0,589.3,18345.0
2020-05-08,1.1,1.1,1.05,1.1,12094,EQ,30.0,403.13,12043.0
2020-05-11,1.05,1.1,1.05,1.1,8429,EQ,19.0,443.63,7429.0
2020-05-12,1.15,1.15,1.05,1.05,12241,EQ,17.0,720.06,9230.0
2020-05-13,1.05,1.1,1.0,1.0,41305,EQ,39.0,1059.1,39760.0
2020-05-14,1.05,1.05,0.95,1.05,9834,EQ,24.0,409.75,9326.0
2020-05-15,1.0,1.05,1.0,1.0,10800,EQ,18.0,600.0,10559.0
2020-05-18,0.95,1.05,0.95,1.0,17161,EQ,21.0,817.19,9909.0
2020-05-19,1.0,1.05,1.0,1.0,1890,EQ,14.0,135.0,1615.0
2020-05-20,1.05,1.05,0.95,1.05,2448,EQ,18.0,136.0,1772.0
2020-05-21,1.05,1.05,1.0,1.0,1362,EQ,13.0,104.77,1362.0
2020-05-22,0.95,1.0,0.95,0.95,32197,EQ,14.0,2299.79,31596.0
2020-05-26,0.95,0.95,0.9,0.95,13125,EQ,24.0,546.88,12130.0
2020-05-27,0.95,1.0,0.95,1.0,12084,EQ,17.0,710.82,12084.0
2020-05-28,1.05,1.05,0.95,1.0,20867,EQ,122.0,171.04,20752.0
2020-05-29,0.95,1.05,0.95,1.0,2538,EQ,13.0,195.23,2499.0
2020-06-01,1.05,1.05,0.95,1.0,30977,EQ,45.0,688.38,18742.0
2020-06-02,1.0,1.05,1.0,1.05,9002,EQ,23.0,391.39,8997.0
2020-06-03,1.05,1.1,1.0,1.05,22030,EQ,51.0,431.96,20928.0
2020-06-04,1.1,1.1,1.0,1.05,36137,EQ,31.0,1165.71,30461.0
2020-06-05,1.1,1.15,1.1,1.15,26162,EQ,46.0,568.74,23157.0
2020-06-08,1.25,1.25,1.2,1.25,26934,EQ,35.0,769.54,26934.0
2020-06-09,1.25,1.35,1.25,1.35,52267,EQ,73.0,715.99,45064.0
2020-06-10,1.35,1.4,1.35,1.4,40336,EQ,28.0,1440.57,40336.0
2020-06-11,1.45,1.45,1.4,1.4,16103,EQ,33.0,487.97,15703.0
2020-06-12,1.4,1.45,1.35,1.4,31936,EQ,33.0,967.76,30926.0
2020-06-15,1.4,1.45,1.35,1.35,34506,EQ,42.0,821.57,32701.0
2020-06-16,1.35,1.35,1.3,1.3,34408,EQ,50.0,688.16,32059.0
2020-06-17,1.25,1.35,1.25,1.35,81366,EQ,44.0,1849.23,52606.0
2020-06-18,1.4,1.4,1.3,1.4,50175,EQ,39.0,1286.54,48486.0
2020-06-19,1.4,1.45,1.35,1.45,56186,EQ,66.0,851.3,30585.0
2020-06-22,1.45,1.5,1.45,1.5,53621,EQ,59.0,908.83,49583.0
2020-06-23,1.5,1.55,1.45,1.55,70402,EQ,50.0,1408.04,61769.0
2020-06-24,1.6,1.6,1.5,1.6,63969,EQ,92.0,695.32,56770.0
2020-06-25,1.6,1.6,1.55,1.55,38199,EQ,62.0,616.11,25560.0
2020-06-26,1.55,1.6,1.5,1.6,64273,EQ,70.0,918.19,55103.0
2020-06-29,1.65,1.65,1.55,1.65,74691,EQ,77.0,970.01,62944.0
2020-06-30,1.65,1.7,1.65,1.7,21593,EQ,51.0,423.39,20078.0
2020-07-01,1.75,1.75,1.65,1.7,97552,EQ,167.0,584.14,69677.0
2020-07-02,1.65,1.65,1.65,1.65,35730,EQ,34.0,1050.88,35729.0
2020-07-03,1.6,1.6,1.6,1.6,1904,EQ,6.0,317.33,1904.0
2020-07-06,1.55,1.55,1.55,1.55,4769,EQ,26.0,183.42,4769.0
2020-07-07,1.5,1.5,1.5,1.5,1466,EQ,8.0,183.25,1466.0
2020-07-08,1.45,1.45,1.45,1.45,1034,EQ,7.0,147.71,1034.0
2020-07-09,1.4,1.4,1.4,1.4,3470,EQ,16.0,216.88,3470.0
2020-07-10,1.4,1.45,1.35,1.4,34482,EQ,64.0,538.78,22357.0
2020-07-13,1.4,1.4,1.35,1.4,29795,EQ,32.0,931.09,29124.0
2020-07-14,1.35,1.35,1.35,1.35,13076,EQ,16.0,817.25,13076.0
2020-07-15,1.35,1.35,1.3,1.3,729,EQ,6.0,121.5,729.0
2020-07-16,1.25,1.25,1.25,1.25,1899,EQ,8.0,237.38,1899.0
2020-07-17,1.25,1.25,1.2,1.2,4688,EQ,18.0,260.44,4688.0
2020-07-20,1.15,1.25,1.15,1.2,43022,EQ,29.0,1483.52,26601.0
2020-07-21,1.15,1.25,1.15,1.25,25240,EQ,80.0,315.5,24098.0
2020-07-22,1.25,1.3,1.2,1.3,20959,EQ,24.0,873.29,13823.0
2020-07-23,1.35,1.35,1.25,1.35,18439,EQ,29.0,635.83,15554.0
2020-07-24,1.35,1.35,1.3,1.3,3893,EQ,22.0,176.95,3855.0
2020-07-27,1.35,1.35,1.3,1.35,31463,EQ,72.0,436.99,26491.0
2020-07-28,1.4,1.4,1.35,1.35,45848,EQ,56.0,818.71,39997.0
2020-07-29,1.35,1.4,1.35,1.4,21756,EQ,38.0,572.53,15314.0
2020-07-30,1.4,1.4,1.35,1.35,23435,EQ,57.0,411.14,23292.0
2020-07-31,1.4,1.4,1.3,1.3,21630,EQ,23.0,940.43,21530.0
2020-08-03,1.3,1.3,1.25,1.3,8313,EQ,24.0,346.38,8313.0
2020-08-04,1.3,1.3,1.25,1.25,25448,EQ,29.0,877.52,19364.0
2020-08-05,1.3,1.3,1.25,1.3,22485,EQ,35.0,642.43,16877.0
2020-08-06,1.3,1.3,1.25,1.3,6200,EQ,24.0,258.33,6200.0
2020-08-07,1.25,1.4,1.2,1.4,47266,EQ,54.0,875.3,32791.0
2020-08-10,1.4,1.4,1.3,1.4,31337,EQ,67.0,467.72,27808.0
2020-08-11,1.45,1.45,1.35,1.45,8427,EQ,30.0,280.9,8218.0
2020-08-12,1.4,1.45,1.35,1.4,38284,EQ,44.0,870.09,27734.0
2020-08-13,1.45,1.45,1.3,1.4,25122,EQ,37.0,678.97,17106.0
2020-08-14,1.4,1.45,1.3,1.35,34407,EQ,47.0,732.06,25705.0
2020-08-17,1.4,1.4,1.3,1.3,32277,EQ,74.0,436.18,28861.0
2020-08-18,1.35,1.4,1.3,1.35,55989,EQ,39.0,1435.62,18268.0
2020-08-19,1.4,1.4,1.3,1.35,75863,EQ,64.0,1185.36,49720.0
2020-08-20,1.4,1.4,1.3,1.35,23885,EQ,33.0,723.79,23885.0
2020-08-21,1.4,1.4,1.25,1.3,61014,EQ,2421.0,25.2,43533.0
2020-08-24,1.35,1.35,1.25,1.35,19622,EQ,28.0,700.79,17455.0
2020-08-25,1.35,1.35,1.25,1.35,36485,EQ,39.0,935.51,25296.0
2020-08-26,1.35,1.35,1.25,1.3,40026,EQ,30.0,1334.2,17430.0
2020-08-27,1.35,1.4,1.3,1.4,200437,EQ,196.0,1022.64,92715.0
2020-08-28,1.4,1.4,1.3,1.35,23273,EQ,62.0,375.37,18183.0
2020-08-31,1.4,1.4,1.3,1.35,13922,EQ,23.0,605.3,11788.0
2020-09-01,1.35,1.35,1.25,1.35,9812,EQ,35.0,280.34,6905.0
2020-09-02,1.3,1.35,1.25,1.3,13213,EQ,22.0,600.59,5768.0
2020-09-03,1.3,1.3,1.25,1.3,11470,EQ,29.0,395.52,7042.0
2020-09-04,1.35,1.35,1.25,1.35,31741,EQ,26.0,1220.81,10911.0
2020-09-07,1.35,1.35,1.3,1.3,6059,EQ,101.0,59.99,6058.0
2020-09-08,1.3,1.35,1.25,1.3,32044,EQ,22.0,1456.55,16833.0
2020-09-09,1.25,1.3,1.25,1.25,9042,EQ,15.0,602.8,7833.0
2020-09-10,1.25,1.3,1.2,1.25,7419,EQ,23.0,322.57,7418.0
2020-09-11,1.2,1.3,1.2,1.3,22941,EQ,19.0,1207.42,22435.0
2020-09-14,1.3,1.3,1.2,1.25,34496,EQ,42.0,821.33,20945.0
2020-09-15,1.3,1.3,1.25,1.3,13820,EQ,28.0,493.57,12677.0
2020-09-16,1.3,1.35,1.2,1.3,12318,EQ,19.0,648.32,12130.0
2020-09-17,1.25,1.3,1.25,1.25,20472,EQ,33.0,620.36,17809.0
2020-09-18,1.3,1.3,1.2,1.25,7403,EQ,22.0,336.5,5741.0
2020-09-21,1.2,1.3,1.2,1.2,19793,EQ,38.0,520.87,13320.0
2020-09-22,1.25,1.25,1.15,1.2,1058,EQ,16.0,66.12,1058.0
2020-09-23,1.25,1.25,1.1,1.15,6177,EQ,43.0,143.65,4983.0
2020-09-24,1.15,1.25,1.1,1.2,14600,EQ,46.0,317.39,7129.0
2020-09-25,1.2,1.25,1.1,1.15,29241,EQ,50.0,584.82,24417.0
2020-09-28,1.25,1.25,1.1,1.2,41524,EQ,,,
2020-09-29,1.2,1.25,1.1,1.2,46025,EQ,40.0,1150.62,33216.0
2020-09-30,1.1,1.2,1.1,1.1,14107,EQ,28.0,503.82,13212.0
2020-10-01,1.15,1.2,1.1,1.15,22311,EQ,35.0,637.46,21100.0
2020-10-05,1.15,1.2,1.1,1.15,9751,EQ,38.0,256.61,8126.0
2020-10-06,1.15,1.2,1.1,1.1,6280,EQ,31.0,202.58,5358.0
2020-10-07,1.1,1.2,1.1,1.2,16040,EQ,26.0,616.92,11331.0
2020-10-08,1.2,1.25,1.1,1.2,12368,EQ,31.0,398.97,10825.0
2020-10-09,1.2,1.2,1.1,1.2,5629,EQ,28.0,201.04,2610.0
2020-10-12,1.15,1.4,1.1,1.4,134112,EQ,362.0,370.48,62366.0
2020-10-13,1.6,1.65,1.5,1.65,164987,EQ,244.0,676.18,133331.0
2020-10-14,1.8,1.8,1.8,1.8,40775,EQ,32.0,1274.22,40775.0
2020-10-15,1.95,1.95,1.95,1.95,17828,EQ,31.0,575.1,17828.0
2020-10-16,2.1,2.1,2.1,2.1,33420,EQ,19.0,1758.95,33420.0
2020-10-19,2.2,2.2,2.2,2.2,16906,EQ,22.0,768.45,16906.0
2020-10-20,2.3,2.3,2.3,2.3,3629,EQ,13.0,279.15,3629.0
2020-10-21,2.4,2.4,2.4,2.4,17260,EQ,18.0,958.89,17260.0
2020-10-22,2.5,2.5,2.5,2.5,10458,EQ,11.0,950.73,10458.0
2020-10-23,2.6,2.6,2.6,2.6,5058,EQ,7.0,722.57,5058.0
2020-10-26,2.7,2.7,2.7,2.7,10955,EQ,12.0,912.92,10955.0
2020-10-27,2.8,2.8,2.8,2.8,8937,EQ,18.0,496.5,8937.0
2020-10-28,2.9,2.9,2.9,2.9,23560,EQ,24.0,981.67,23534.0
2020-10-29,3.0,3.0,3.0,3.0,3029,EQ,11.0,275.36,3029.0
2020-10-30,3.15,3.15,3.15,3.15,4906,EQ,11.0,446.0,4906.0
2020-11-02,3.3,3.3,3.3,3.3,5372,EQ,14.0,383.71,5372.0
2020-11-03,3.45,3.45,3.45,3.45,15652,EQ,17.0,920.71,15652.0
2020-11-04,3.6,3.6,3.6,3.6,4479,EQ,13.0,344.54,4479.0
2020-11-05,3.75,3.75,3.75,3.75,20121,EQ,17.0,1183.59,20121.0
2020-11-06,3.9,3.9,3.6,3.85,688193,EQ,872.0,789.21,514994.0
2020-11-09,3.7,3.75,3.7,3.7,145193,EQ,319.0,455.15,133596.0
2020-11-10,3.7,3.7,3.55,3.55,16982,BE,68.0,249.74,16982.0
2020-11-11,3.4,3.4,3.4,3.4,9501,BE,41.0,231.73,9501.0
2020-11-12,3.25,3.55,3.25,3.55,185006,BE,160.0,1156.29,185006.0
2020-11-13,3.4,3.4,3.4,3.4,22331,BE,111.0,201.18,22331.0
2020-11-17,3.15,3.15,3.1,3.1,21797,BE,127.0,171.63,21797.0
2020-11-18,2.95,2.95,2.95,2.95,23610,BE,118.0,200.08,23610.0
2020-11-19,2.85,2.85,2.85,2.85,27961,BE,97.0,288.26,27961.0
2020-11-20,2.75,2.75,2.75,2.75,24665,BE,110.0,224.23,24665.0
2020-11-23,2.65,2.65,2.65,2.65,30668,BE,138.0,222.23,30668.0
2020-11-24,2.6,2.6,2.55,2.55,35427,BE,131.0,270.44,35427.0
2020-11-25,2.5,2.65,2.45,2.45,128057,BE,212.0,604.04,128057.0
2020-11-26,2.35,2.45,2.35,2.35,56450,BE,199.0,283.67,56450.0
2020-11-27,2.25,2.45,2.25,2.45,27199,BE,96.0,283.32,27199.0
2020-12-01,2.55,2.55,2.55,2.55,26056,BE,87.0,299.49,26056.0
2020-12-02,2.65,2.65,2.65,2.65,52945,BE,70.0,756.36,52945.0
2020-12-03,2.75,2.75,2.75,2.75,19166,BE,16.0,1197.88,19166.0
2020-12-04,2.85,2.85,2.85,2.85,10828,BE,14.0,773.43,10828.0
2020-12-07,2.95,2.95,2.95,2.95,14779,BE,23.0,642.57,14779.0
2020-12-08,3.05,3.05,3.05,3.05,7933,BE,20.0,396.65,7933.0
2020-12-09,3.2,3.2,3.2,3.2,32743,BE,53.0,617.79,32743.0
2020-12-10,3.35,3.35,3.3,3.35,87457,BE,156.0,560.62,87457.0
2020-12-11,3.5,3.5,3.35,3.5,35381,BE,89.0,397.54,35381.0
2020-12-14,3.6,3.65,3.55,3.65,59722,BE,150.0,398.15,59722.0
2020-12-15,3.8,3.8,3.5,3.5,154358,BE,346.0,446.12,154358.0
2020-12-16,3.35,3.35,3.35,3.35,35412,BE,136.0,260.38,35412.0
2020-12-17,3.2,3.2,3.2,3.2,24976,BE,103.0,242.49,24976.0
2020-12-18,3.05,3.05,3.05,3.05,37601,BE,145.0,259.32,37601.0
2020-12-21,2.9,3.2,2.9,3.2,92130,BE,191.0,482.36,92130.0
2020-12-22,3.05,3.35,3.05,3.15,85332,BE,264.0,323.23,85332.0
2020-12-23,3.2,3.3,3.0,3.3,64838,BE,163.0,397.78,64838.0
2020-12-24,3.4,3.45,3.15,3.35,60924,BE,248.0,245.66,60924.0
2020-12-28,3.5,3.5,3.2,3.3,190674,BE,478.0,398.9,190674.0
2020-12-29,3.3,3.45,3.15,3.45,121986,BE,295.0,413.51,121986.0
2020-12-30,3.6,3.6,3.45,3.6,69186,BE,226.0,306.13,69186.0
2020-12-31,3.75,3.75,3.45,3.5,173187,BE,315.0,549.8,173187.0
2021-01-01,3.5,3.65,3.35,3.55,89343,BE,324.0,275.75,89343.0
2021-01-04,3.7,3.7,3.6,3.7,94011,BE,278.0,338.17,94011.0
2021-01-05,3.85,3.85,3.65,3.85,112010,BE,267.0,419.51,112010.0
2021-01-06,4.0,4.0,3.9,4.0,142785,BE,253.0,564.37,142785.0
2021-01-07,4.2,4.2,4.2,4.2,87605,BE,257.0,340.88,87605.0
2021-01-08,4.4,4.4,4.4,4.4,47590,BE,183.0,260.05,47590.0
2021-01-11,4.6,4.6,4.6,4.6,75416,BE,171.0,441.03,75416.0
2021-01-12,4.8,4.8,4.4,4.4,167552,BE,463.0,361.88,167552.0
2021-01-13,4.2,4.2,4.2,4.2,22152,BE,150.0,147.68,22152.0
2021-01-14,4.0,4.0,4.0,4.0,43207,BE,168.0,257.18,43207.0
2021-01-15,3.8,3.8,3.8,3.8,36269,BE,177.0,204.91,36269.0
2021-01-18,3.65,3.8,3.65,3.65,52776,BE,260.0,202.98,52776.0
2021-01-19,3.5,3.8,3.5,3.8,73562,BE,181.0,406.42,73562.0
2021-01-20,3.95,3.95,3.65,3.8,84980,BE,272.0,312.43,84980.0
2021-01-21,3.8,3.9,3.65,3.75,69979,BE,206.0,339.7,69979.0
2021-01-22,3.6,3.85,3.6,3.6,66646,BE,202.0,329.93,66646.0
2021-01-25,3.75,3.75,3.45,3.5,53141,BE,180.0,295.23,53141.0
2021-01-27,3.6,3.65,3.35,3.4,41475,BE,177.0,234.32,41475.0
2021-01-28,3.4,3.4,3.25,3.35,27960,BE,152.0,183.95,27960.0
2021-01-29,3.5,3.5,3.2,3.35,35977,BE,132.0,272.55,35977.0
2021-02-01,3.45,3.5,3.3,3.45,50498,BE,179.0,282.11,50498.0
2021-02-02,3.6,3.6,3.3,3.35,59831,BE,207.0,289.04,59831.0
2021-02-03,3.35,3.5,3.35,3.45,42004,BE,154.0,272.75,42004.0
2021-02-04,3.6,3.6,3.6,3.6,41553,BE,117.0,355.15,41553.0
2021-02-05,3.75,3.75,3.75,3.75,32369,BE,53.0,610.74,32369.0
2021-02-08,3.9,3.9,3.9,3.9,158477,BE,162.0,978.25,158477.0
2021-02-09,4.05,4.05,3.75,3.75,130291,BE,382.0,341.08,130291.0
2021-02-10,3.6,3.6,3.6,3.6,20990,BE,122.0,172.05,20990.0
2021-02-11,3.45,3.45,3.45,3.45,24491,BE,138.0,177.47,24491.0
2021-02-12,3.3,3.6,3.3,3.6,83128,BE,238.0,349.28,83128.0
2021-02-15,3.75,3.75,3.45,3.7,74691,BE,184.0,405.93,74691.0
2021-02-16,3.75,3.75,3.55,3.55,44920,BE,89.0,504.72,44920.0
2021-02-17,3.45,3.55,3.4,3.4,27981,BE,114.0,245.45,27981.0
2021-02-18,3.4,3.4,3.25,3.25,53004,BE,183.0,289.64,53004.0
2021-02-19,3.1,3.1,3.1,3.1,54589,BE,159.0,343.33,54589.0
2021-02-22,2.95,2.95,2.95,2.95,53004,BE,146.0,363.04,53004.0
2021-02-23,2.85,2.85,2.85,2.85,30291,BE,133.0,227.75,30291.0
2021-02-24,2.8,2.8,2.75,2.75,25648,BE,93.0,275.78,25648.0
2021-02-25,2.75,2.75,2.65,2.65,63398,BE,191.0,331.93,63398.0
2021-02-26,2.55,2.55,2.55,2.55,51403,BE,171.0,300.6,51403.0
2021-03-01,2.45,2.45,2.45,2.45,41023,BE,147.0,279.07,41023.0
2021-03-02,2.35,2.55,2.35,2.55,92870,BE,202.0,459.75,92870.0
2021-03-03,2.65,2.65,2.55,2.65,327121,BE,234.0,1397.95,327121.0
2021-03-04,2.75,2.75,2.7,2.75,195884,BE,167.0,1172.96,195884.0
2021-03-05,2.85,2.85,2.65,2.65,213681,BE,208.0,1027.31,213681.0
2021-03-08,2.75,2.75,2.55,2.55,120156,BE,158.0,760.48,120156.0
2021-03-09,2.6,2.6,2.45,2.45,41994,BE,133.0,315.74,41994.0
2021-03-10,2.35,2.35,2.35,2.35,34843,BE,142.0,245.37,34843.0
2021-03-12,2.25,2.45,2.25,2.3,201140,BE,312.0,644.68,201140.0
2021-03-15,2.4,2.4,2.2,2.2,157570,BE,213.0,739.77,157570.0
2021-03-16,2.1,2.25,2.1,2.1,230136,BE,238.0,966.96,230136.0
2021-03-17,2.0,2.15,2.0,2.0,135905,BE,210.0,647.17,135905.0
2021-03-18,1.9,2.05,1.9,1.9,166439,BE,261.0,637.7,166439.0
2021-03-19,1.85,1.95,1.85,1.95,114260,BE,167.0,684.19,114260.0
2021-03-22,2.0,2.0,2.0,2.0,5046,BE,19.0,265.58,5046.0
2021-03-23,2.1,2.1,2.1,2.1,17700,BE,28.0,632.14,17700.0
2021-03-24,2.2,2.2,2.0,2.0,162210,BE,160.0,1013.81,162210.0
2021-03-25,2.0,2.1,1.9,1.95,316499,BE,228.0,1388.15,316499.0
2021-03-26,2.0,2.0,1.9,1.9,255759,BE,185.0,1382.48,255759.0
2021-03-30,1.9,1.95,1.9,1.95,64372,BE,108.0,596.04,64372.0
2021-03-31,2.0,2.0,2.0,2.0,9158,BE,11.0,832.55,9158.0
2021-04-01,2.1,2.1,2.05,2.1,48453,BE,91.0,532.45,48453.0
2021-04-05,2.2,2.2,2.05,2.2,55652,BE,119.0,467.66,55652.0
2021-04-06,2.2,2.3,2.2,2.3,36802,BE,53.0,694.38,36802.0
2021-04-07,2.35,2.4,2.35,2.4,4974,BE,24.0,207.25,4974.0
2021-04-08,2.5,2.5,2.5,2.5,31442,BE,33.0,952.79,31442.0
2021-04-09,2.55,2.6,2.45,2.55,145742,BE,152.0,958.83,145742.0
2021-04-12,2.55,2.6,2.45,2.45,28976,BE,58.0,499.59,28976.0
2021-04-13,2.35,2.35,2.35,2.35,10428,BE,52.0,200.54,10428.0
2021-04-15,2.25,2.25,2.25,2.25,16036,BE,45.0,356.36,16036.0
2021-04-16,2.15,2.15,2.15,2.15,12199,BE,69.0,176.8,12199.0
2021-04-19,2.15,2.15,2.05,2.05,8998,BE,47.0,191.45,8998.0
2021-04-20,1.95,2.15,1.95,2.05,134724,BE,237.0,568.46,134724.0
2021-04-22,2.15,2.15,2.05,2.15,20975,BE,70.0,299.64,20975.0
2021-04-23,2.25,2.25,2.05,2.15,42538,BE,108.0,393.87,42538.0
2021-04-26,2.2,2.25,2.05,2.25,45705,BE,139.0,328.81,45705.0
2021-04-27,2.35,2.35,2.15,2.25,123328,EQ,137.0,900.2,69440.0
2021-04-28,2.25,2.35,2.15,2.15,58530,EQ,92.0,636.2,45595.0
2021-04-29,2.25,2.25,2.05,2.1,58570,EQ,98.0,597.65,54447.0
2021-04-30,2.0,2.15,2.0,2.05,83203,EQ,68.0,1223.57,78072.0
2021-05-03,2.1,2.15,2.0,2.05,57184,EQ,107.0,534.43,39804.0
2021-05-04,2.1,2.15,2.0,2.1,46947,EQ,76.0,617.72,28383.0
2021-05-05,2.15,2.15,2.05,2.15,30715,EQ,73.0,420.75,12937.0
2021-05-06,2.1,2.15,2.05,2.05,71525,EQ,116.0,616.59,30697.0
2021-05-07,2.1,2.15,2.0,2.05,36790,EQ,88.0,418.07,30332.0
2021-05-10,2.1,2.1,2.0,2.1,64518,EQ,131.0,492.5,51412.0
2021-05-11,2.1,2.15,2.05,2.15,58394,EQ,121.0,482.6,47654.0
2021-05-12,2.2,2.2,2.05,2.15,124565,EQ,140.0,889.75,43850.0
2021-05-14,2.2,2.25,2.15,2.15,80437,EQ,120.0,670.31,66603.0
2021-05-17,2.15,2.2,2.1,2.15,14419,EQ,78.0,184.86,10139.0
2021-05-18,2.2,2.2,2.1,2.1,125702,EQ,144.0,872.93,100807.0
2021-05-19,2.15,2.15,2.0,2.05,152310,EQ,155.0,982.65,105309.0
2021-05-20,2.1,2.1,2.0,2.1,78493,EQ,95.0,826.24,42415.0
2021-05-21,2.1,2.1,2.0,2.05,101036,EQ,154.0,656.08,94166.0
2021-05-24,2.1,2.15,2.05,2.15,119285,EQ,159.0,750.22,95057.0
2021-05-25,2.2,2.25,2.1,2.2,90152,EQ,147.0,613.28,87676.0
2021-05-26,2.25,2.3,2.2,2.3,99640,EQ,123.0,810.08,73091.0
2021-05-27,2.4,2.4,2.4,2.4,25198,EQ,40.0,629.95,25198.0
2021-05-28,2.5,2.5,2.3,2.3,212059,EQ,249.0,851.64,149990.0
2021-05-31,2.35,2.4,2.2,2.3,206493,EQ,214.0,964.92,147957.0
2021-06-01,2.3,2.35,2.25,2.3,124401,EQ,174.0,714.95,99071.0
2021-06-02,2.25,2.35,2.25,2.3,72757,EQ,139.0,523.43,54718.0
2021-06-03,2.35,2.4,2.25,2.4,62603,EQ,143.0,437.78,61532.0
2021-06-04,2.4,2.5,2.4,2.45,299874,EQ,1312.0,228.56,165202.0
2021-06-07,2.65,2.65,2.65,2.65,88006,EQ,60.0,1466.77,87956.0
2021-06-08,2.9,2.9,2.9,2.9,39522,EQ,56.0,705.75,39522.0
2021-06-09,3.15,3.15,3.15,3.15,135810,EQ,128.0,1061.02,130534.0
2021-06-10,3.3,3.3,3.0,3.3,817555,EQ,906.0,902.38,462447.0
2021-06-11,3.45,3.45,3.4,3.45,310384,EQ,430.0,721.82,265822.0
2021-06-14,3.6,3.6,3.6,3.6,86169,EQ,107.0,805.32,86164.0
2021-06-15,3.75,3.75,3.75,3.75,170269,EQ,152.0,1120.19,150252.0
2021-06-16,3.85,3.9,3.6,3.6,759246,EQ,817.0,929.31,605961.0
2021-06-17,3.65,3.65,3.45,3.45,43586,BE,144.0,302.68,43586.0
2021-06-18,3.3,3.3,3.3,3.3,25513,BE,92.0,277.32,25513.0
2021-06-21,3.15,3.15,3.15,3.15,48616,BE,118.0,412.0,48616.0
2021-06-22,3.0,3.0,3.0,3.0,146033,BE,232.0,629.45,146033.0
2021-06-23,2.85,3.15,2.85,3.15,367468,BE,470.0,781.85,367468.0
2021-06-24,3.3,3.3,3.05,3.1,216614,BE,271.0,799.31,216614.0
2021-06-25,3.2,3.2,2.95,3.0,235219,BE,293.0,802.8,235219.0
2021-06-28,3.05,3.05,2.85,2.85,163627,BE,256.0,639.17,163627.0
2021-06-29,2.75,2.95,2.75,2.8,144472,BE,282.0,512.31,144472.0
2021-06-30,2.7,2.85,2.7,2.8,132435,BE,239.0,554.12,132435.0
2021-07-01,2.85,2.9,2.7,2.85,111484,BE,227.0,491.12,111484.0
2021-07-02,2.85,2.95,2.8,2.9,214918,BE,240.0,895.49,214918.0
2021-07-05,3.0,3.0,2.9,3.0,199881,BE,279.0,716.42,199881.0
2021-07-06,3.05,3.05,2.9,2.95,109722,BE,208.0,527.51,109722.0
2021-07-07,2.95,2.95,2.85,2.9,53120,BE,130.0,408.62,53120.0
2021-07-08,2.8,2.95,2.8,2.85,59369,BE,113.0,525.39,59369.0
2021-07-09,2.9,2.95,2.85,2.95,82613,BE,131.0,630.63,82613.0
2021-07-12,2.95,3.0,2.9,2.95,82768,BE,175.0,472.96,82768.0
2021-07-13,3.05,3.05,2.85,2.9,162435,BE,173.0,938.93,162435.0
2021-07-14,2.95,2.95,2.8,2.9,46794,BE,114.0,410.47,46794.0
2021-07-15,2.85,3.0,2.8,3.0,165705,BE,166.0,998.22,165705.0
2021-07-16,3.0,3.05,2.9,2.95,217735,BE,218.0,998.78,217735.0
2021-07-19,2.9,2.95,2.85,2.9,45815,BE,129.0,355.16,45815.0
2021-07-20,2.95,2.95,2.8,2.8,103762,EQ,127.0,817.02,61245.0
2021-07-22,2.8,2.85,2.75,2.8,69460,EQ,168.0,413.45,67274.0
2021-07-23,2.85,2.85,2.75,2.85,90350,EQ,174.0,519.25,70587.0
2021-07-26,2.85,2.95,2.85,2.95,152963,EQ,323.0,473.57,152085.0
2021-07-27,2.95,3.0,2.95,2.95,126198,EQ,251.0,502.78,115193.0
2021-07-28,2.95,3.05,2.95,3.05,280795,EQ,313.0,897.11,222917.0
2021-07-29,3.2,3.2,3.2,3.2,119956,EQ,120.0,999.63,89956.0
2021-07-30,3.35,3.35,3.35,3.35,93513,EQ,128.0,730.57,93512.0
2021-08-02,3.5,3.5,3.5,3.5,57825,EQ,96.0,602.34,57825.0
2021-08-03,3.65,3.65,3.35,3.35,180961,EQ,284.0,637.19,147313.0
2021-08-04,3.2,3.2,3.2,3.2,36407,EQ,91.0,400.08,36407.0
2021-08-05,3.05,3.05,3.05,3.05,26500,EQ,98.0,270.41,26500.0
2021-08-06,2.8,3.25,2.8,3.1,205276,EQ,466.0,440.51,159948.0
2021-08-09,3.3,3.3,2.9,2.95,142299,EQ,275.0,517.45,90533.0
2021-08-10,3.1,3.1,2.8,2.9,107027,EQ,175.0,611.58,85092.0
2021-08-11,2.95,2.95,2.75,2.85,78787,EQ,171.0,460.74,52229.0
2021-08-12,2.9,3.1,2.85,3.05,100381,EQ,193.0,520.11,93340.0
2021-08-13,3.2,3.25,2.95,3.1,209341,EQ,366.0,571.97,165524.0
2021-08-16,3.25,3.25,3.0,3.1,181118,EQ,316.0,573.16,126999.0
2021-08-17,3.15,3.2,2.9,2.95,170810,EQ,311.0,549.23,119355.0
2021-08-18,3.0,3.0,2.8,2.85,178519,EQ,236.0,756.44,88532.0
2021-08-20,2.9,2.9,2.65,2.7,137366,EQ,225.0,610.52,111461.0
2021-08-23,2.7,2.85,2.65,2.75,156413,EQ,205.0,762.99,108146.0
2021-08-24,2.8,2.8,2.5,2.6,237593,EQ,385.0,617.12,160919.0
2021-08-25,2.75,2.8,2.65,2.7,84693,EQ,164.0,516.42,78159.0
2021-08-26,2.75,2.9,2.75,2.85,74918,EQ,167.0,448.61,58757.0
2021-08-27,2.9,2.9,2.65,2.75,86758,EQ,157.0,552.6,64846.0
2021-08-30,2.7,2.85,2.65,2.8,53847,EQ,179.0,300.82,36722.0
2021-08-31,2.85,2.85,2.7,2.75,85687,EQ,156.0,549.28,78847.0
2021-09-01,2.75,2.8,2.65,2.75,62025,EQ,100.0,620.25,43190.0
2021-09-02,2.75,2.95,2.7,2.9,139103,EQ,265.0,524.92,85817.0
2021-09-03,2.85,3.1,2.8,3.05,280998,EQ,485.0,579.38,199335.0
2021-09-06,3.15,3.15,2.95,3.0,254557,EQ,316.0,805.56,184027.0
2021-09-07,3.0,3.1,2.9,3.0,54348,EQ,156.0,348.38,36594.0
2021-09-08,2.9,3.1,2.85,2.9,83623,EQ,122.0,685.43,63525.0
2021-09-09,2.95,2.95,2.8,2.9,111798,EQ,136.0,822.04,42908.0
2021-09-13,2.9,3.1,2.85,3.0,121880,EQ,247.0,493.44,73735.0
2021-09-14,2.95,3.15,2.95,2.95,237643,EQ,254.0,935.6,130633.0
2021-09-15,3.0,3.05,2.95,3.0,46952,EQ,104.0,451.46,41708.0
2021-09-16,3.05,3.05,2.9,2.95,121970,EQ,129.0,945.5,94171.0
2021-09-17,3.0,3.0,2.85,2.95,78721,EQ,119.0,661.52,59832.0
2021-09-20,2.9,3.0,2.8,2.85,103336,EQ,148.0,698.22,93894.0
2021-09-21,2.8,2.9,2.8,2.85,26118,EQ,81.0,322.44,23695.0
2021-09-22,2.9,2.9,2.75,2.8,43525,EQ,81.0,537.35,27747.0
2021-09-23,2.85,3.0,2.8,3.0,174765,EQ,318.0,549.58,157081.0
2021-09-24,3.0,3.15,2.9,2.95,253585,EQ,275.0,922.13,196926.0
2021-09-27,2.95,3.05,2.95,2.95,132706,EQ,190.0,698.45,90439.0
2021-09-28,2.95,3.0,2.85,2.9,100017,EQ,119.0,840.48,72832.0
2021-09-29,2.8,2.95,2.8,2.85,84950,EQ,98.0,866.84,73958.0
2021-09-30,2.8,3.1,2.8,2.85,145201,EQ,131.0,1108.4,90686.0
2021-10-01,2.9,2.9,2.8,2.85,68004,EQ,122.0,557.41,64296.0
2021-10-04,2.9,3.0,2.8,2.85,286930,EQ,207.0,1386.14,129629.0
2021-10-05,2.9,2.9,2.8,2.85,42475,EQ,146.0,290.92,32311.0
2021-10-06,2.9,2.95,2.8,2.95,141754,EQ,291.0,487.13,126001.0
2021-10-07,3.0,3.05,2.9,3.0,238379,EQ,294.0,810.81,175562.0
2021-10-08,3.1,3.6,3.1,3.6,1018061,EQ,1217.0,836.53,652219.0
2021-10-11,4.1,4.3,4.05,4.3,2317006,EQ,2092.0,1107.56,1414636.0
2021-10-12,4.55,4.7,3.9,3.95,2064251,EQ,2985.0,691.54,1176676.0
2021-10-13,4.05,4.1,3.65,3.75,667055,EQ,1092.0,610.86,383666.0
2021-10-14,3.75,3.8,3.6,3.6,292126,EQ,655.0,445.99,191244.0
2021-10-18,3.7,3.7,3.35,3.4,301724,EQ,701.0,430.42,223120.0
2021-10-19,3.35,3.45,3.25,3.25,333288,EQ,560.0,595.16,212136.0
2021-10-20,3.15,3.3,3.1,3.15,134595,EQ,388.0,346.89,102485.0
2021-10-21,3.2,3.3,3.1,3.3,263993,EQ,258.0,1023.23,218089.0
2021-10-22,3.4,3.45,3.4,3.45,208409,EQ,239.0,872.0,148550.0
2021-10-25,3.55,3.6,3.3,3.35,112546,EQ,302.0,372.67,71974.0
2021-10-26,3.45,3.45,3.3,3.3,74369,EQ,177.0,420.16,50415.0
2021-10-27,3.35,3.35,3.2,3.2,40647,EQ,150.0,270.98,36271.0
2021-10-28,3.3,3.35,3.15,3.2,116128,EQ,192.0,604.83,107776.0
2021-10-29,3.2,3.25,3.1,3.15,87245,EQ,174.0,501.41,84064.0
2021-11-01,3.2,3.2,3.1,3.15,64185,EQ,171.0,375.35,44907.0
2021-11-02,3.15,3.3,3.15,3.3,169519,EQ,251.0,675.37,132560.0
2021-11-03,3.45,3.45,3.3,3.35,35257,EQ,174.0,202.63,29769.0
2021-11-04,3.45,3.45,3.3,3.4,29007,EQ,174.0,166.71,29769.0
2021-11-08,3.4,3.45,3.3,3.4,117343,EQ,279.0,420.58,68781.0
2021-11-09,3.35,3.5,3.35,3.45,123445,EQ,198.0,623.46,115939.0
2021-11-10,3.5,3.55,3.35,3.4,87445,EQ,175.0,499.69,65736.0
2021-11-11,3.4,3.45,3.3,3.35,110730,EQ,166.0,667.05,90423.0
2021-11-12,3.35,3.45,3.25,3.4,138060,EQ,226.0,610.88,125160.0
2021-11-15,3.4,3.45,3.3,3.45,152381,EQ,267.0,570.72,136724.0
2021-11-16,3.45,3.5,3.35,3.35,68225,EQ,171.0,398.98,52900.0
2021-11-17,3.4,3.4,3.3,3.4,35521,EQ,131.0,271.15,30590.0
2021-11-18,3.45,3.45,3.3,3.3,109070,EQ,167.0,653.11,74632.0
2021-11-22,3.4,3.4,3.3,3.3,77122,EQ,185.0,416.88,54950.0
2021-11-23,3.3,3.4,3.25,3.3,110750,EQ,166.0,667.17,79089.0
2021-11-24,3.35,3.35,3.3,3.3,66465,EQ,138.0,481.63,53704.0
2021-11-25,3.4,3.4,3.3,3.35,100480,EQ,165.0,608.97,90102.0
2021-11-26,3.4,3.4,3.25,3.25,93034,EQ,173.0,537.77,68460.0
2021-11-29,3.25,3.35,3.1,3.2,77594,EQ,206.0,376.67,63373.0
2021-11-30,3.2,3.2,3.05,3.05,143899,EQ,191.0,753.4,123941.0
2021-12-01,3.1,3.2,3.05,3.2,126902,EQ,106.0,1197.19,88649.0
2021-12-02,3.35,3.35,3.15,3.35,261855,EQ,210.0,1246.93,220802.0
2021-12-03,3.35,3.5,3.35,3.5,302531,EQ,379.0,798.23,192627.0
2021-12-06,3.55,3.55,3.35,3.35,313041,EQ,344.0,910.0,206172.0
2021-12-07,3.4,3.5,3.2,3.45,128716,EQ,232.0,554.81,110520.0
2021-12-08,3.55,3.75,3.45,3.6,318850,EQ,438.0,727.97,228422.0
2021-12-09,3.8,3.95,3.55,3.95,594703,EQ,780.0,762.44,403391.0
2021-12-10,4.1,4.1,3.65,3.85,549446,EQ,778.0,706.23,354264.0
2021-12-13,3.9,3.9,3.65,3.8,225864,EQ,502.0,449.93,111565.0
2021-12-14,3.95,4.15,3.75,4.15,735602,EQ,754.0,975.6,532307.0
2021-12-15,4.2,4.2,4.0,4.05,413219,EQ,551.0,749.94,201751.0
2021-12-16,4.1,4.2,4.0,4.05,387747,EQ,456.0,850.32,234369.0
2021-12-17,4.1,4.1,3.8,3.95,241002,EQ,380.0,634.22,164650.0
2021-12-20,3.95,3.95,3.6,3.65,340455,EQ,422.0,806.77,186592.0
2021-12-21,3.8,4.0,3.7,4.0,330223,EQ,384.0,859.96,233856.0
2021-12-22,4.2,4.25,4.0,4.05,360953,EQ,460.0,784.68,235591.0
2021-12-23,4.25,4.25,4.05,4.05,306994,EQ,465.0,660.2,195324.0
2021-12-24,4.1,4.45,3.7,4.45,1049973,EQ,777.0,1351.32,759540.0
2021-12-27,4.85,4.85,4.85,4.85,136625,EQ,199.0,686.56,136625.0
2021-12-28,5.05,5.05,5.05,5.05,68369,EQ,91.0,751.31,68369.0
2021-12-29,5.3,5.3,5.3,5.3,39004,EQ,53.0,735.92,39004.0
2021-12-30,5.55,5.55,5.55,5.55,18089,EQ,62.0,291.76,18089.0
2021-12-31,5.8,5.8,5.8,5.8,36098,EQ,74.0,487.81,36098.0
2022-01-03,6.05,6.05,6.05,6.05,31953,EQ,52.0,614.48,31953.0
2022-01-04,6.35,6.35,6.35,6.35,1228160,BE,1329.0,924.12,1228160.0
2022-01-05,6.65,6.65,6.65,6.65,177921,BE,122.0,1458.37,177921.0
2022-01-06,6.95,6.95,6.95,6.95,65259,BE,103.0,633.58,65259.0
2022-01-07,7.25,7.25,7.25,7.25,83446,BE,75.0,1112.61,83446.0
2022-01-10,7.6,7.6,7.6,7.6,46037,BE,64.0,719.33,46037.0
2022-01-11,7.95,7.95,7.95,7.95,30737,BE,72.0,426.9,30737.0
2022-01-12,8.3,8.3,7.6,8.3,1652246,BE,3623.0,456.04,1652246.0
2022-01-13,8.55,8.55,7.9,7.9,373881,BE,1083.0,345.23,373881.0
2022-01-14,7.55,7.55,7.55,7.55,160378,BE,695.0,230.76,160378.0
2022-01-17,7.2,7.9,7.2,7.9,370066,BE,813.0,455.19,370066.0
2022-01-18,8.25,8.25,7.9,8.25,627789,BE,1716.0,365.84,627789.0
2022-01-19,7.9,8.2,7.85,7.85,208980,BE,660.0,316.64,208980.0
2022-01-20,7.5,7.5,7.5,7.5,77541,BE,345.0,224.76,77541.0
2022-01-21,7.15,7.15,7.15,7.15,65997,BE,356.0,185.38,65997.0
2022-01-24,6.8,6.85,6.8,6.8,220515,BE,493.0,447.29,220515.0
2022-01-25,6.5,6.5,6.5,6.5,56354,BE,305.0,184.77,56354.0
2022-01-27,6.2,6.8,6.2,6.65,468157,BE,1057.0,442.91,468157.0
2022-01-28,6.75,6.95,6.75,6.95,405598,BE,726.0,558.67,405598.0
2022-01-31,7.15,7.25,6.8,7.25,376141,BE,865.0,434.85,376141.0
2022-02-01,7.4,7.4,6.9,6.9,93458,BE,349.0,267.79,93458.0
2022-02-02,6.6,6.6,6.6,6.6,29089,BE,227.0,128.15,29089.0
2022-02-03,6.3,6.9,6.3,6.9,349974,BE,833.0,420.14,349974.0
2022-02-04,6.65,7.0,6.6,6.65,250032,BE,649.0,385.26,250032.0
2022-02-07,6.55,6.85,6.35,6.45,117947,BE,439.0,268.67,117947.0
2022-02-08,6.15,6.6,6.15,6.2,126420,BE,429.0,294.69,126420.0
2022-02-09,6.2,6.3,5.9,5.95,134462,BE,493.0,272.74,134462.0
2022-02-10,5.85,6.2,5.7,6.2,161562,BE,437.0,369.71,161562.0
2022-02-11,6.25,6.25,5.9,6.0,87229,BE,322.0,270.9,87229.0
2022-02-14,5.7,5.9,5.7,5.7,69983,BE,303.0,230.97,69983.0
2022-02-15,5.45,5.75,5.45,5.55,119662,BE,316.0,378.68,119662.0
2022-02-16,5.45,5.8,5.45,5.75,42142,BE,241.0,174.86,42142.0
2022-02-17,5.75,5.95,5.7,5.9,43425,BE,197.0,220.43,43425.0
2022-02-18,6.0,6.0,5.65,5.8,53639,BE,234.0,229.23,53639.0
2022-02-21,5.55,5.7,5.55,5.55,59362,BE,239.0,248.38,59362.0
2022-02-22,5.3,5.7,5.3,5.5,122294,BE,258.0,474.01,122294.0
2022-02-23,5.25,5.6,5.25,5.4,66163,BE,188.0,351.93,66163.0
2022-02-24,5.4,5.6,5.15,5.15,156883,BE,346.0,453.42,156883.0
2022-02-25,4.95,5.4,4.95,5.15,70941,BE,270.0,262.74,70941.0
2022-02-28,5.25,5.25,5.05,5.15,33316,BE,189.0,176.28,33316.0
2022-03-02,5.05,5.25,5.0,5.15,47196,BE,186.0,253.74,47196.0
2022-03-03,5.1,5.4,5.1,5.3,71466,BE,184.0,388.4,71466.0
2022-03-04,5.35,5.55,5.2,5.5,54877,BE,203.0,270.33,54877.0
2022-03-07,5.45,5.55,5.25,5.35,117462,BE,,,
2022-03-08,5.2,5.35,5.2,5.35,45698,BE,147.0,310.87,45698.0
2022-03-09,5.4,5.5,5.3,5.5,54713,BE,214.0,255.67,54713.0
2022-03-10,5.6,5.75,5.45,5.75,62827,BE,130.0,483.28,62827.0
2022-03-11,5.9,6.0,5.75,5.85,194858,BE,321.0,607.03,194858.0
2022-03-14,6.1,6.1,6.05,6.1,135436,BE,99.0,1368.04,135436.0
2022-03-15,6.35,6.4,6.05,6.1,169411,BE,241.0,702.95,169411.0
2022-03-16,6.3,6.3,5.9,6.05,52413,BE,202.0,259.47,52413.0
2022-03-17,6.1,6.15,5.85,5.9,60192,BE,158.0,380.96,60192.0
2022-03-21,5.95,5.95,5.65,5.7,60384,BE,200.0,301.92,60384.0
2022-03-22,5.5,5.8,5.45,5.6,86256,BE,154.0,560.1,86256.0
2022-03-23,5.6,5.85,5.55,5.65,53008,BE,160.0,331.3,53008.0
2022-03-24,5.75,5.75,5.45,5.55,51214,BE,121.0,423.26,51214.0
2022-03-25,5.55,5.65,5.4,5.5,31940,BE,113.0,282.65,31940.0
2022-03-28,5.5,5.7,5.25,5.45,116897,BE,200.0,584.48,116897.0
2022-03-29,5.35,5.5,5.25,5.25,47748,EQ,159.0,300.3,38535.0
2022-03-30,5.35,5.5,5.3,5.5,70845,EQ,132.0,536.7,62383.0
2022-03-31,5.7,5.7,5.5,5.6,88412,EQ,169.0,523.15,77830.0
2022-04-01,5.7,5.7,5.35,5.55,98350,EQ,215.0,457.44,64846.0
2022-04-04,5.6,5.7,5.4,5.6,217522,EQ,396.0,549.3,143351.0
2022-04-05,5.6,5.75,5.45,5.7,245585,EQ,370.0,663.74,206426.0
2022-04-06,5.85,5.95,5.55,5.95,187904,EQ,402.0,467.42,140696.0
2022-04-07,6.15,6.25,5.75,6.05,313464,EQ,424.0,739.3,237993.0
2022-04-08,6.2,6.2,5.7,5.8,123975,EQ,306.0,405.15,100671.0
2022-04-11,5.9,6.35,5.75,6.35,328125,EQ,626.0,524.16,234394.0
2022-04-12,6.65,6.65,6.05,6.05,220785,EQ,392.0,563.23,152362.0
2022-04-13,6.15,6.4,6.0,6.2,164227,EQ,397.0,413.67,90000.0
2022-04-18,6.35,6.35,5.8,5.95,93746,EQ,305.0,307.36,59998.0
2022-04-19,5.85,6.05,5.6,5.7,82422,EQ,253.0,325.78,66165.0
2022-04-20,5.8,5.95,5.55,5.75,84787,EQ,213.0,398.06,43049.0
2022-04-21,5.8,5.9,5.55,5.7,57083,EQ,177.0,322.5,31985.0
2022-04-22,6.0,6.0,5.3,5.45,252676,EQ,306.0,825.74,188908.0
2022-04-25,5.35,5.55,5.05,5.5,111858,EQ,337.0,331.92,68087.0
2022-04-26,5.6,6.05,5.45,6.05,217801,EQ,493.0,441.79,158527.0
2022-04-27,6.0,6.05,5.5,5.6,138645,EQ,425.0,326.22,97628.0
2022-04-28,5.6,6.0,5.3,5.75,208631,EQ,448.0,465.69,116130.0
2022-04-29,5.75,5.75,5.3,5.4,117081,EQ,281.0,416.66,81019.0
2022-05-02,5.45,5.45,5.2,5.3,88507,EQ,233.0,379.86,60443.0
2022-05-04,5.45,5.45,5.1,5.15,154349,EQ,358.0,431.14,106526.0
2022-05-05,5.0,5.35,4.85,5.1,86095,EQ,214.0,402.31,62502.0
2022-05-06,5.1,5.1,4.75,4.9,95502,EQ,221.0,432.14,77819.0
2022-05-09,4.95,4.95,4.5,4.5,102997,EQ,310.0,332.25,67921.0
2022-05-10,4.55,4.7,4.35,4.5,102432,EQ,223.0,459.34,58561.0
2022-05-12,4.45,4.55,4.1,4.25,132296,EQ,233.0,567.79,96877.0
2022-05-13,4.45,4.65,4.3,4.6,94702,EQ,200.0,473.51,55582.0
2022-05-16,4.65,5.05,4.6,4.95,114453,EQ,282.0,405.86,67406.0
2022-05-17,5.0,5.15,4.75,4.85,88596,EQ,226.0,392.02,46155.0
2022-05-18,4.9,5.05,4.75,4.9,55311,EQ,151.0,366.3,28667.0
2022-05-19,4.7,5.0,4.7,4.9,28002,EQ,114.0,245.63,17890.0
2022-05-20,4.9,5.1,4.85,5.0,44492,EQ,135.0,329.57,29041.0
2022-05-23,5.1,5.2,4.85,4.95,70329,EQ,172.0,408.89,38707.0
2022-05-24,5.0,5.0,4.65,4.65,97436,EQ,200.0,487.18,56534.0
2022-05-25,4.75,4.75,4.25,4.3,59783,EQ,169.0,353.75,36228.0
2022-05-26,4.4,4.4,4.0,4.1,70618,EQ,190.0,371.67,58109.0
2022-05-27,4.3,4.4,4.15,4.3,39323,EQ,160.0,245.77,26879.0
2022-05-30,4.5,4.65,4.3,4.6,52380,EQ,165.0,317.45,31966.0
2022-05-31,4.75,4.85,4.2,4.5,101269,EQ,222.0,456.17,61409.0
2022-06-01,4.65,4.7,4.3,4.65,55245,EQ,133.0,415.38,39673.0
2022-06-02,4.75,4.8,4.45,4.5,130161,EQ,241.0,540.09,70916.0
2022-06-03,4.6,4.65,4.5,4.6,49068,EQ,123.0,398.93,37926.0
2022-06-06,4.45,4.6,4.3,4.45,112852,EQ,222.0,508.34,66642.0
2022-06-07,4.5,4.85,4.35,4.75,110000,EQ,278.0,395.68,87842.0
2022-06-08,5.0,5.15,4.5,4.7,142913,EQ,283.0,504.99,95887.0
2022-06-09,4.8,4.8,4.5,4.65,36446,EQ,147.0,247.93,24332.0
2022-06-10,4.75,4.8,4.6,4.6,35616,EQ,141.0,252.6,21062.0
2022-06-13,4.6,4.65,4.15,4.25,381954,EQ,347.0,1100.73,222355.0
2022-06-14,4.0,4.25,3.95,4.1,45122,EQ,159.0,283.79,35138.0
2022-06-15,4.0,4.2,4.0,4.05,39613,EQ,172.0,230.31,26425.0
2022-06-16,4.1,4.25,3.75,3.9,62242,EQ,237.0,262.62,52079.0
2022-06-17,4.05,4.05,3.4,3.75,67463,EQ,208.0,324.34,46778.0
2022-06-20,3.7,3.75,3.3,3.5,158694,EQ,365.0,434.78,98357.0
2022-06-21,3.75,4.2,3.45,3.75,520147,EQ,517.0,1006.09,268774.0
2022-06-22,3.7,4.45,3.65,4.25,563050,EQ,825.0,682.48,259197.0
2022-06-23,4.4,4.6,4.15,4.25,316246,EQ,411.0,769.45,158491.0
2022-06-24,4.3,4.4,4.2,4.3,74876,EQ,151.0,495.87,40418.0
2022-06-27,4.4,4.5,4.15,4.35,40928,EQ,169.0,242.18,30647.0
2022-06-28,4.45,4.45,4.2,4.3,48293,EQ,153.0,315.64,23547.0
2022-06-29,4.3,4.8,4.25,4.3,59565,EQ,145.0,410.79,33541.0
2022-06-30,4.4,4.4,4.05,4.15,37048,EQ,103.0,359.69,30896.0
2022-07-01,4.25,4.25,4.0,4.1,21965,EQ,108.0,203.38,15386.0
2022-07-04,4.35,4.35,4.1,4.2,28692,EQ,125.0,229.54,13534.0
2022-07-05,4.4,4.4,4.05,4.25,88237,EQ,154.0,572.97,53275.0
2022-07-06,4.35,4.35,4.1,4.1,33940,EQ,122.0,278.2,28704.0
2022-07-07,4.05,4.2,4.05,4.2,41670,EQ,105.0,396.86,34693.0
2022-07-08,4.3,4.35,4.15,4.25,18530,EQ,77.0,240.65,16970.0
2022-07-11,4.1,4.25,4.1,4.2,49228,EQ,119.0,413.68,37544.0
2022-07-12,4.2,4.3,4.15,4.2,27418,EQ,115.0,238.42,16970.0
2022-07-13,4.25,4.25,4.15,4.25,28625,EQ,106.0,270.05,15606.0
2022-07-14,4.25,4.3,4.0,4.1,45172,EQ,137.0,329.72,30255.0
2022-07-15,4.1,4.35,3.7,4.2,71643,EQ,139.0,515.42,43701.0
2022-07-18,4.25,4.3,4.15,4.2,39294,EQ,109.0,360.5,22815.0
2022-07-19,4.25,4.25,4.1,4.2,26063,EQ,89.0,292.84,18603.0
2022-07-20,4.25,4.25,4.1,4.1,56213,EQ,121.0,464.57,41288.0
2022-07-21,4.2,4.25,3.95,4.05,78073,EQ,155.0,503.7,34303.0
2022-07-22,4.15,4.2,4.05,4.15,44814,EQ,109.0,411.14,34281.0
2022-07-25,4.15,4.15,4.0,4.0,27059,EQ,121.0,223.63,21381.0
2022-07-26,4.05,4.1,4.0,4.05,48843,EQ,113.0,432.24,31036.0
2022-07-27,4.1,4.1,3.7,3.8,105595,EQ,182.0,580.19,70521.0
2022-07-28,3.9,3.95,3.75,3.8,51282,EQ,139.0,368.94,32952.0
2022-07-29,3.9,3.95,3.75,3.9,119427,EQ,199.0,600.14,65934.0
2022-08-01,3.9,3.95,3.8,3.85,75856,EQ,165.0,459.73,45318.0
2022-08-02,3.95,3.95,3.75,3.85,43766,EQ,109.0,401.52,39106.0
2022-08-03,3.8,4.0,3.8,3.95,54894,EQ,117.0,469.18,41979.0
2022-08-04,4.0,4.0,3.85,3.85,28992,EQ,94.0,308.43,18290.0
2022-08-05,3.95,3.95,3.8,3.9,69430,EQ,126.0,551.03,55831.0
2022-08-08,4.05,4.65,3.95,4.65,500083,EQ,,,
2022-08-10,5.15,5.55,4.2,4.5,1953715,EQ,1507.0,1296.43,476250.0
2022-08-11,4.3,4.8,4.3,4.7,338119,EQ,418.0,808.9,248211.0
2022-08-12,4.8,4.8,4.5,4.55,142683,EQ,237.0,602.04,93535.0
2022-08-16,4.5,4.6,4.15,4.25,175012,EQ,354.0,494.38,144857.0
2022-08-17,4.25,4.3,3.85,4.15,139851,EQ,213.0,656.58,99694.0
2022-08-18,4.15,4.6,4.0,4.3,279404,EQ,348.0,802.89,146127.0
2022-08-19,4.25,4.3,4.1,4.15,94038,EQ,150.0,626.92,75602.0
2022-08-22,4.2,4.25,4.1,4.1,102793,EQ,164.0,626.79,82350.0
2022-08-23,4.15,4.25,4.1,4.15,60052,EQ,106.0,566.53,43148.0
2022-08-24,4.2,4.2,4.05,4.15,84488,EQ,129.0,654.95,59470.0
2022-08-25,4.15,4.15,4.0,4.05,121453,EQ,194.0,626.05,103217.0
2022-08-26,4.0,4.1,4.0,4.0,78352,EQ,137.0,571.91,56866.0
2022-08-29,4.0,4.05,3.9,4.0,66361,EQ,122.0,543.94,53027.0
2022-08-30,4.0,4.05,3.95,4.0,87266,EQ,176.0,495.83,60449.0
2022-09-01,4.0,4.4,3.95,4.25,306491,EQ,269.0,1139.37,179695.0
2022-09-02,4.3,4.3,4.1,4.2,132701,EQ,222.0,597.75,90899.0
2022-09-05,4.25,4.4,4.15,4.35,137250,EQ,218.0,629.59,116069.0
2022-09-06,4.4,4.7,4.3,4.45,272380,EQ,387.0,703.82,145925.0
2022-09-07,4.5,4.85,4.4,4.75,287419,EQ,370.0,776.81,229294.0
2022-09-08,4.85,4.95,4.5,4.55,188456,EQ,309.0,609.89,106155.0
2022-09-09,4.55,4.75,4.4,4.6,156260,EQ,320.0,488.31,93823.0
2022-09-12,4.7,4.7,4.45,4.5,72090,EQ,183.0,393.93,54444.0
2022-09-13,4.6,4.6,4.3,4.4,166669,EQ,225.0,740.75,121308.0
2022-09-14,4.4,4.4,4.15,4.25,90072,EQ,187.0,481.67,58932.0
2022-09-15,4.25,4.5,4.2,4.35,123592,EQ,236.0,523.69,86799.0
2022-09-16,4.35,4.35,4.05,4.15,121951,EQ,235.0,518.94,75810.0
2022-09-19,4.25,4.25,4.05,4.1,61231,EQ,134.0,456.95,46990.0
2022-09-20,4.0,4.2,4.0,4.05,62512,EQ,133.0,470.02,52349.0
2022-09-21,4.0,4.25,4.0,4.1,214642,EQ,219.0,980.1,96001.0
2022-09-22,4.2,4.2,4.05,4.1,88519,EQ,119.0,743.86,54363.0
2022-09-23,4.1,4.15,4.05,4.05,80982,EQ,109.0,742.95,62965.0
2022-09-26,4.1,4.1,3.9,4.05,115195,EQ,239.0,481.99,86134.0
2022-09-27,4.05,4.1,3.9,4.0,35098,EQ,163.0,215.33,27543.0
2022-09-28,4.05,4.05,3.95,4.0,56959,EQ,102.0,558.42,37046.0
2022-09-29,4.05,4.05,3.95,4.0,10982,EQ,128.0,85.8,6604.0
2022-09-30,4.05,4.05,3.9,3.95,24804,EQ,208.0,119.25,13794.0
2022-10-03,4.0,4.05,3.9,3.95,25554,EQ,198.0,129.06,24248.0
2022-10-04,4.05,4.05,3.95,3.95,36106,EQ,188.0,192.05,23738.0
2022-10-06,4.05,4.05,3.95,3.95,35683,EQ,83.0,429.92,33553.0
2022-10-07,4.0,4.0,3.9,3.95,27939,EQ,162.0,172.46,20727.0
2022-10-10,4.0,4.0,3.9,3.95,58802,EQ,108.0,544.46,54807.0
2022-10-11,4.0,4.0,3.95,4.0,11584,EQ,79.0,146.63,11548.0
2022-10-12,4.0,4.05,3.95,3.95,96883,EQ,100.0,968.83,90832.0
2022-10-13,4.0,4.0,3.9,4.0,39343,EQ,70.0,562.04,37910.0
2022-10-14,4.0,4.0,3.95,4.0,50494,EQ,147.0,343.5,50354.0
2022-10-17,4.05,4.05,3.9,4.0,39445,EQ,87.0,453.39,33244.0
2022-10-18,4.05,4.05,3.95,3.95,48612,EQ,143.0,339.94,46074.0
2022-10-19,4.05,4.05,3.95,3.95,45426,EQ,98.0,463.53,37797.0
2022-10-20,4.05,4.05,3.95,4.0,13429,EQ,322.0,41.7,10113.0
2022-10-21,4.0,4.0,3.9,3.9,39915,EQ,84.0,475.18,31215.0
2022-10-24,4.05,4.05,3.9,3.95,11330,EQ,87.0,130.23,7105.0
2022-10-25,4.05,4.05,3.9,3.9,21263,EQ,212.0,100.3,12923.0
2022-10-27,4.05,4.05,3.9,3.95,57598,EQ,213.0,270.41,41784.0
2022-10-28,3.9,4.0,3.9,3.9,33918,EQ,117.0,289.9,28595.0
2022-10-31,4.0,4.05,3.9,3.95,18852,EQ,169.0,111.55,17029.0
2022-11-01,3.9,4.0,3.9,3.95,12686,EQ,53.0,239.36,11885.0
2022-11-02,3.9,4.0,3.85,3.9,48066,EQ,138.0,348.3,41186.0
2022-11-03,3.95,3.95,3.9,3.95,22639,EQ,74.0,305.93,20434.0
2022-11-04,4.0,4.0,3.8,3.9,49025,EQ,66.0,742.8,33284.0
2022-11-07,4.0,4.0,3.9,3.95,45169,EQ,123.0,367.23,36559.0
2022-11-09,3.95,4.7,3.95,4.7,613241,EQ,439.0,1396.9,432518.0
2022-11-10,4.65,4.7,4.2,4.3,826612,EQ,675.0,1224.61,417909.0
2022-11-11,4.4,4.45,4.1,4.15,189765,EQ,279.0,680.16,101062.0
2022-11-14,4.25,4.25,4.05,4.05,206320,EQ,208.0,991.92,72577.0
2022-11-15,4.15,4.2,4.0,4.1,86845,EQ,208.0,417.52,72577.0
2022-11-16,4.05,4.2,3.9,4.0,180431,EQ,286.0,630.88,111946.0
2022-11-17,4.0,4.05,3.95,3.95,75702,EQ,131.0,577.88,59817.0
2022-11-18,4.05,4.05,3.9,4.0,105626,EQ,136.0,776.66,76226.0
2022-11-21,4.05,4.15,3.9,4.05,81046,EQ,170.0,476.74,56741.0
2022-11-22,4.25,4.25,4.0,4.05,30529,EQ,109.0,280.08,19063.0
2022-11-23,4.15,4.15,4.0,4.1,40494,EQ,96.0,421.81,29067.0
2022-11-24,4.05,4.3,4.05,4.15,151594,EQ,204.0,743.11,104765.0
2022-11-25,4.25,4.25,4.1,4.1,39309,EQ,136.0,289.04,25193.0
2022-11-28,4.15,4.15,4.05,4.05,61959,EQ,123.0,503.73,50933.0
2022-11-29,4.1,4.1,4.0,4.05,21894,EQ,70.0,312.77,13325.0
2022-11-30,4.1,4.15,4.05,4.1,57403,EQ,90.0,637.81,52455.0
2022-12-01,4.1,4.15,4.05,4.1,38102,EQ,129.0,295.36,34256.0
2022-12-02,4.1,4.9,4.0,4.9,1884003,EQ,1611.0,1169.46,933466.0
2022-12-05,5.1,5.85,4.8,5.85,2544557,EQ,2900.0,877.43,1049043.0
2022-12-06,6.3,6.4,6.15,6.4,2273037,EQ,1938.0,1172.88,959072.0
2022-12-07,6.6,6.9,5.8,5.85,1436173,EQ,1918.0,748.79,743885.0
2022-12-08,5.85,6.25,5.55,6.0,560054,EQ,856.0,654.27,363178.0
2022-12-09,6.05,6.05,5.7,5.85,177426,EQ,347.0,511.31,145414.0
2022-12-12,5.9,6.0,5.7,5.7,161121,EQ,357.0,451.32,92857.0
2022-12-13,5.9,5.9,5.3,5.35,212421,EQ,455.0,466.86,130480.0
2022-12-14,5.3,5.45,5.1,5.15,127209,EQ,275.0,462.58,91579.0
2022-12-15,5.35,5.35,4.9,5.05,95847,BE,240.0,399.36,95847.0
2022-12-16,4.85,5.3,4.85,5.3,126653,BE,209.0,606.0,126653.0
2022-12-19,5.45,5.45,5.1,5.2,59121,BE,157.0,376.57,59121.0
2022-12-20,5.25,5.3,5.1,5.2,92321,BE,192.0,480.84,92321.0
2022-12-21,5.2,5.2,4.95,5.0,50974,BE,187.0,272.59,50974.0
2022-12-22,5.0,5.1,4.75,4.8,102888,BE,213.0,483.04,102888.0
2022-12-23,4.6,4.65,4.6,4.6,30010,BE,138.0,217.46,30010.0
2022-12-26,4.6,4.75,4.4,4.6,61602,BE,199.0,309.56,61602.0
2022-12-27,4.6,4.8,4.5,4.8,30440,BE,115.0,264.7,30440.0
2022-12-28,4.95,4.95,4.65,4.85,43919,BE,105.0,418.28,43919.0
2022-12-29,4.9,4.9,4.65,4.8,27296,BE,96.0,284.33,27296.0
2022-12-30,4.8,5.0,4.7,4.85,73903,BE,161.0,459.02,73903.0
2023-01-02,5.05,5.05,4.8,5.05,50766,BE,130.0,390.51,50766.0
2023-01-03,5.15,5.2,4.95,5.05,30389,BE,110.0,276.26,30389.0
2023-01-04,5.1,5.3,4.9,5.05,54338,BE,143.0,379.99,54338.0
2023-01-05,5.15,5.15,4.9,5.05,27834,BE,81.0,343.63,27834.0
2023-01-06,5.05,5.15,4.85,5.0,51433,BE,130.0,395.64,51433.0
2023-01-09,5.0,5.2,4.9,5.1,34917,BE,103.0,339.0,34917.0
2023-01-10,5.2,5.2,4.9,5.0,32556,BE,96.0,339.12,32556.0
2023-01-11,5.0,5.0,4.75,4.8,37060,BE,102.0,363.33,37060.0
2023-01-12,4.9,4.9,4.6,4.75,71841,BE,107.0,671.41,71841.0
2023-01-13,4.85,4.95,4.7,4.85,28614,BE,94.0,304.4,28614.0
2023-01-16,4.95,4.95,4.75,4.9,24453,BE,89.0,274.75,24453.0
2023-01-17,4.9,4.9,4.65,4.75,31356,BE,73.0,429.53,31356.0
2023-01-18,4.75,4.85,4.55,4.75,47109,BE,102.0,461.85,47109.0
2023-01-19,4.75,4.75,4.6,4.65,45466,BE,92.0,494.2,45466.0
2023-01-20,4.75,4.75,4.55,4.7,28216,BE,92.0,306.7,28216.0
2023-01-23,4.7,4.7,4.5,4.55,86951,BE,115.0,756.1,86951.0
2023-01-24,4.65,4.65,4.55,4.6,23458,BE,80.0,293.23,23458.0
2023-01-25,4.6,4.6,4.45,4.55,14426,BE,69.0,209.07,14426.0
2023-01-27,4.55,4.55,4.35,4.35,101550,BE,143.0,710.14,101550.0
2023-01-30,4.35,4.35,4.2,4.3,21750,BE,79.0,275.32,21750.0
2023-01-31,4.35,4.4,4.15,4.25,14566,BE,76.0,191.66,14566.0
2023-02-01,4.35,4.45,4.15,4.35,39167,BE,95.0,412.28,39167.0
2023-02-02,4.35,4.4,4.25,4.35,14508,BE,59.0,245.9,14508.0
2023-02-03,4.25,4.4,4.25,4.35,40926,BE,82.0,499.1,40926.0
2023-02-06,4.35,4.35,4.25,4.25,19787,BE,76.0,260.36,19787.0
2023-02-07,4.35,4.35,4.1,4.25,42542,BE,79.0,538.51,42542.0
2023-02-08,4.25,4.45,4.05,4.25,73549,BE,120.0,612.91,73549.0
2023-02-09,4.35,4.35,4.1,4.1,59720,BE,97.0,615.67,59720.0
2023-02-10,4.05,4.25,4.0,4.05,49296,BE,96.0,513.5,49296.0
2023-02-13,4.15,4.15,4.0,4.05,19882,BE,64.0,310.66,19882.0
2023-02-14,4.1,4.1,4.0,4.0,58715,BE,81.0,724.88,58715.0
2023-02-15,4.1,4.1,4.0,4.05,29205,BE,42.0,695.36,29205.0
2023-02-16,4.05,4.1,4.0,4.0,22971,BE,73.0,314.67,22971.0
2023-02-17,4.0,4.1,4.0,4.05,18029,BE,43.0,419.28,18029.0
2023-02-20,4.0,4.1,4.0,4.05,16263,BE,61.0,266.61,16263.0
2023-02-21,4.05,4.05,3.95,4.0,63100,BE,80.0,788.75,63100.0
2023-02-22,4.0,4.05,3.95,4.0,18540,BE,36.0,515.0,18540.0
2023-02-23,3.9,4.2,3.9,4.0,38519,BE,56.0,687.84,38519.0
2023-02-24,4.1,4.15,3.85,4.0,26191,BE,59.0,443.92,26191.0
2023-02-27,4.1,4.1,3.85,4.0,13125,BE,50.0,262.5,13125.0
2023-02-28,3.95,4.05,3.85,3.95,14799,EQ,132.0,112.11,10521.0
2023-03-01,3.95,4.1,3.95,4.0,62532,EQ,543.0,115.16,38886.0
2023-03-02,4.05,4.05,3.9,3.95,14639,EQ,90.0,162.66,14613.0
2023-03-03,3.95,4.1,3.9,3.9,78758,EQ,230.0,342.43,57535.0
2023-03-06,3.9,4.0,3.9,3.95,60321,EQ,80.0,754.01,57834.0
2023-03-08,3.9,4.05,3.9,3.95,15011,EQ,634.0,23.68,13628.0
2023-03-09,3.9,4.05,3.9,4.0,12881,EQ,60.0,214.68,12828.0
2023-03-10,3.95,4.0,3.85,3.95,20727,EQ,359.0,57.74,17429.0
2023-03-13,4.05,4.05,3.9,3.9,31333,EQ,62.0,505.37,31253.0
2023-03-14,3.85,3.9,3.7,3.8,52537,EQ,458.0,114.71,51838.0
2023-03-15,3.9,3.9,3.7,3.8,10635,EQ,437.0,24.34,8403.0
2023-03-16,3.95,3.95,3.65,3.75,8768,EQ,91.0,96.35,6345.0
2023-03-17,3.85,3.9,3.75,3.8,12108,EQ,55.0,220.15,7811.0
2023-03-20,3.75,3.9,3.75,3.75,8184,EQ,262.0,31.24,7516.0
2023-03-21,3.6,3.85,3.6,3.7,19908,EQ,288.0,69.12,18303.0
2023-03-22,3.7,3.75,3.6,3.7,12969,EQ,38.0,341.29,8296.0
2023-03-23,3.7,3.7,3.6,3.65,11242,EQ,79.0,142.3,10524.0
2023-03-24,3.55,3.65,3.5,3.55,21514,EQ,71.0,303.01,14239.0
2023-03-27,3.6,3.6,3.4,3.5,28227,EQ,76.0,371.41,27673.0
2023-03-28,3.45,3.65,3.35,3.45,31003,EQ,87.0,356.36,27524.0
2023-03-29,3.45,3.6,3.3,3.55,26371,EQ,303.0,87.03,12614.0
2023-03-31,3.65,3.7,3.4,3.55,40924,EQ,124.0,330.03,32312.0
2023-04-03,3.45,3.7,3.45,3.7,29422,EQ,79.0,372.43,24877.0
2023-04-05,3.75,3.85,3.7,3.8,17193,EQ,85.0,202.27,13388.0
2023-04-06,3.9,3.9,3.8,3.8,20671,EQ,78.0,265.01,17373.0
2023-04-10,3.9,3.9,3.65,3.85,26947,EQ,67.0,402.19,22394.0
2023-04-11,4.2,4.2,4.0,4.1,57106,EQ,102.0,559.86,34696.0
2023-04-12,4.25,4.25,3.95,4.1,57584,EQ,132.0,436.24,43131.0
2023-04-13,4.05,4.15,4.0,4.0,29592,EQ,80.0,369.9,22934.0
2023-04-17,4.1,4.1,3.9,3.95,21812,EQ,86.0,253.63,18015.0
2023-04-18,3.95,4.05,3.9,4.0,21521,EQ,47.0,457.89,17262.0
2023-04-19,4.0,4.05,3.8,3.9,33138,EQ,76.0,436.03,26516.0
2023-04-20,3.9,4.0,3.8,3.95,19676,EQ,68.0,289.35,16065.0
2023-04-21,3.95,3.95,3.85,3.85,35830,EQ,74.0,484.19,22955.0
2023-04-24,3.95,3.95,3.8,3.85,20807,EQ,74.0,281.18,19673.0
2023-04-25,3.9,3.9,3.8,3.9,11282,EQ,62.0,181.97,11167.0
2023-04-26,3.9,3.9,3.75,3.9,20940,EQ,51.0,410.59,15551.0
2023-04-27,3.9,3.9,3.7,3.9,8979,EQ,53.0,169.42,6784.0
2023-04-28,3.9,3.9,3.8,3.85,32136,EQ,87.0,369.38,24063.0
2023-05-02,3.9,3.9,3.8,3.8,37529,EQ,82.0,457.67,33328.0
2023-05-03,3.85,3.9,3.8,3.85,19593,EQ,72.0,272.12,15202.0
2023-05-04,3.85,3.95,3.8,3.85,35689,EQ,53.0,673.38,22012.0
2023-05-05,3.85,3.9,3.6,3.8,75276,EQ,131.0,574.63,36192.0
2023-05-08,3.85,3.9,3.75,3.8,36402,EQ,88.0,413.66,25306.0
2023-05-09,3.8,3.85,3.75,3.75,19464,EQ,72.0,270.33,18483.0
2023-05-10,3.85,3.85,3.7,3.85,18692,EQ,60.0,311.53,10707.0
2023-05-11,3.85,3.85,3.75,3.85,30025,EQ,65.0,461.92,20023.0
2023-05-12,3.7,3.85,3.7,3.85,30455,EQ,58.0,525.09,24705.0
2023-05-15,3.85,3.9,3.75,3.85,20231,EQ,67.0,301.96,19120.0
2023-05-16,3.85,3.95,3.8,3.9,31233,EQ,54.0,578.39,29860.0
2023-05-17,3.85,3.9,3.85,3.85,9307,EQ,48.0,193.9,8804.0
2023-05-18,3.9,3.95,3.85,3.9,40972,EQ,63.0,650.35,40486.0
2023-05-19,3.95,3.95,3.85,3.95,37241,EQ,67.0,555.84,34001.0
2023-05-22,3.85,4.0,3.85,3.95,44412,EQ,66.0,672.91,40390.0
2023-05-23,4.0,4.0,3.85,3.9,30091,EQ,80.0,376.14,15765.0
2023-05-24,3.95,3.95,3.8,3.85,29053,EQ,59.0,492.42,20811.0
2023-05-25,3.85,3.95,3.5,3.9,62409,EQ,100.0,624.09,35894.0
2023-05-26,3.85,3.95,3.85,3.9,17820,EQ,55.0,324.0,15307.0
2023-05-29,3.95,3.95,3.85,3.9,23761,EQ,105.0,226.3,13392.0
2023-05-30,3.9,3.95,3.85,3.85,32490,EQ,43.0,755.58,22377.0
2023-05-31,3.85,4.0,3.85,3.95,39711,EQ,75.0,529.48,34913.0
2023-06-01,3.9,4.3,3.9,4.3,89289,EQ,156.0,572.37,70221.0
2023-06-02,4.45,4.7,4.45,4.7,117064,EQ,72.0,1625.89,104567.0
2023-06-05,5.05,5.1,4.3,4.5,595667,EQ,532.0,1119.67,223656.0
2023-06-06,4.55,4.75,4.45,4.6,253293,EQ,231.0,1096.51,195521.0
2023-06-07,4.7,4.95,4.6,4.65,173663,EQ,254.0,683.71,108771.0
2023-06-08,4.75,4.75,4.55,4.55,162317,EQ,223.0,727.88,135034.0
2023-06-09,4.55,4.65,4.5,4.5,97667,EQ,154.0,634.2,66558.0
2023-06-12,4.6,4.7,4.5,4.5,70602,EQ,106.0,666.06,32824.0
2023-06-13,4.5,4.55,4.3,4.35,136910,EQ,155.0,883.29,114723.0
2023-06-14,4.45,4.45,4.1,4.25,175176,EQ,184.0,952.04,96226.0
2023-06-15,4.25,4.25,4.15,4.2,73944,EQ,81.0,912.89,71424.0
2023-06-16,4.15,4.25,4.15,4.2,98812,EQ,115.0,859.23,85290.0
2023-06-19,3.9,4.35,3.9,4.2,58300,EQ,170.0,342.94,33189.0
2023-06-20,4.2,4.2,4.1,4.1,39282,EQ,100.0,392.82,29272.0
2023-06-21,4.15,4.15,4.0,4.05,92938,EQ,124.0,749.5,67918.0
2023-06-22,4.05,4.1,4.0,4.0,53518,EQ,102.0,524.69,43007.0
2023-06-23,4.0,4.05,3.95,3.95,29589,EQ,77.0,384.27,25667.0
2023-06-26,4.1,4.1,3.9,3.9,32682,EQ,99.0,330.12,21649.0
2023-06-27,4.0,4.1,3.95,4.0,116597,EQ,115.0,1013.89,52968.0
2023-06-28,4.0,4.05,3.95,4.0,34271,EQ,66.0,519.26,32131.0
2023-06-30,4.0,4.05,3.8,3.85,48917,EQ,163.0,300.1,42210.0
2023-07-03,3.85,4.0,3.8,4.0,35457,EQ,133.0,266.59,27381.0
2023-07-04,4.0,4.0,3.9,3.95,42401,EQ,98.0,432.66,28663.0
2023-07-05,4.0,4.0,3.9,3.95,18901,EQ,76.0,248.7,13606.0
2023-07-06,3.9,4.0,3.9,4.0,38921,EQ,92.0,423.05,28449.0
2023-07-07,4.0,4.0,3.9,3.95,24767,EQ,80.0,309.59,20502.0
2023-07-10,3.95,4.1,3.85,4.05,58891,EQ,125.0,471.13,53262.0
2023-07-11,4.15,4.15,3.9,3.9,87007,EQ,120.0,725.06,79144.0
2023-07-12,4.0,4.0,3.9,3.9,21283,EQ,55.0,386.96,13672.0
2023-07-13,3.9,3.95,3.85,3.85,24992,EQ,78.0,320.41,23229.0
2023-07-14,3.9,3.95,3.85,3.9,57803,EQ,87.0,664.4,35948.0
2023-07-17,3.95,4.0,3.9,3.9,27343,EQ,100.0,273.43,11777.0
2023-07-18,3.95,4.0,3.9,3.9,49888,EQ,69.0,723.01,45881.0
2023-07-19,3.95,4.05,3.95,4.0,76140,EQ,88.0,865.23,42353.0
2023-07-20,4.05,4.05,3.95,4.05,45810,EQ,76.0,602.76,32232.0
2023-07-21,4.0,4.45,3.95,4.35,395695,EQ,383.0,1033.15,219125.0
2023-07-24,4.6,4.75,4.45,4.75,419643,EQ,425.0,987.4,266974.0
2023-07-25,4.95,5.2,4.95,5.2,1477643,EQ,1232.0,1199.39,736283.0
2023-07-26,5.45,5.45,5.35,5.45,1200569,EQ,1390.0,863.72,566879.0
2023-07-27,5.35,5.35,5.2,5.2,74656,EQ,297.0,251.37,74604.0
2023-07-28,5.0,5.1,4.95,4.95,157057,EQ,245.0,641.05,109915.0
2023-07-31,4.75,5.1,4.7,4.7,513946,EQ,555.0,926.03,256197.0
2023-08-01,4.6,4.85,4.55,4.8,321660,EQ,334.0,963.05,138858.0
2023-08-02,4.8,4.85,4.6,4.6,123869,EQ,252.0,491.54,91052.0
2023-08-03,4.6,4.65,4.4,4.4,162994,EQ,273.0,597.05,110892.0
2023-08-04,4.3,4.4,4.2,4.3,217404,EQ,281.0,773.68,154099.0
2023-08-07,4.35,4.5,4.1,4.2,277693,EQ,220.0,1262.24,185636.0
2023-08-08,4.25,4.3,4.1,4.15,135452,EQ,199.0,680.66,82505.0
2023-08-09,4.15,4.35,4.1,4.3,161670,EQ,204.0,792.5,121177.0
2023-08-10,4.3,4.45,4.25,4.35,63460,EQ,126.0,503.65,48301.0
2023-08-11,4.45,4.45,4.25,4.3,84865,EQ,145.0,585.28,53927.0
2023-08-14,4.3,4.3,4.1,4.1,277061,EQ,198.0,1399.3,214843.0
2023-08-16,4.1,4.25,4.0,4.2,54239,EQ,157.0,345.47,31012.0
2023-08-17,4.15,4.35,4.1,4.25,97483,EQ,136.0,716.79,60083.0
2023-08-18,4.3,4.35,4.1,4.15,99041,EQ,129.0,767.76,65237.0
2023-08-21,4.2,4.25,4.15,4.15,48797,EQ,106.0,460.35,34947.0
2023-08-22,4.15,4.2,4.1,4.15,49538,EQ,90.0,550.42,44076.0
2023-08-23,4.15,4.2,4.1,4.15,56215,EQ,130.0,432.42,54550.0
2023-08-24,4.15,4.15,4.05,4.15,96318,EQ,140.0,687.99,58301.0
2023-08-25,4.1,4.15,4.05,4.05,112044,EQ,133.0,842.44,80063.0
2023-08-28,4.05,4.15,4.0,4.1,150098,EQ,156.0,962.17,118149.0
2023-08-29,4.05,4.3,4.05,4.25,199216,EQ,154.0,1293.61,157652.0
2023-08-30,4.25,4.25,4.05,4.1,116570,EQ,149.0,782.35,87776.0
2023-08-31,4.15,4.15,4.05,4.15,47337,EQ,78.0,606.88,30952.0
2023-09-01,4.15,4.15,4.0,4.05,128160,EQ,153.0,837.65,110859.0
2023-09-04,4.05,4.1,4.0,4.1,199256,EQ,168.0,1186.05,133772.0
2023-09-05,4.1,4.15,4.05,4.05,100121,EQ,134.0,747.17,85198.0
2023-09-06,4.05,4.15,4.0,4.1,65097,EQ,107.0,608.38,46693.0
2023-09-07,4.1,4.15,4.05,4.15,83853,EQ,127.0,660.26,71649.0
2023-09-08,4.15,4.35,4.1,4.35,275324,EQ,163.0,1689.1,185650.0
2023-09-11,4.5,4.55,4.45,4.55,173731,EQ,214.0,811.83,112340.0
2023-09-12,4.7,4.7,4.35,4.35,182353,EQ,269.0,677.89,125294.0
2023-09-13,4.4,4.45,4.15,4.15,137724,EQ,197.0,699.11,86004.0
2023-09-14,4.15,4.35,4.05,4.35,178312,EQ,210.0,849.1,137993.0
2023-09-15,4.4,4.45,4.3,4.3,107353,EQ,186.0,577.17,75528.0
2023-09-18,4.35,4.35,4.2,4.25,81666,EQ,146.0,559.36,58617.0
2023-09-20,4.2,4.3,4.15,4.2,69712,EQ,152.0,458.63,52642.0
2023-09-21,4.25,4.25,4.1,4.15,57355,EQ,122.0,470.12,26295.0
2023-09-22,4.1,4.25,4.1,4.2,59201,EQ,93.0,636.57,52104.0
2023-09-25,4.25,4.3,4.15,4.15,43767,EQ,122.0,358.75,30161.0
2023-09-26,4.2,4.2,4.1,4.15,44960,EQ,122.0,368.52,29827.0
2023-09-27,4.15,4.2,4.1,4.1,21221,EQ,65.0,326.48,15572.0
2023-09-28,4.1,4.25,4.1,4.15,47514,EQ,100.0,475.14,27475.0
2023-09-29,4.2,4.25,4.1,4.25,54062,EQ,94.0,575.13,44011.0
2023-10-03,4.2,4.2,4.1,4.1,94028,EQ,146.0,644.03,78997.0
2023-10-04,4.15,4.15,4.1,4.15,32025,EQ,114.0,280.92,31755.0
2023-10-05,4.1,4.2,4.0,4.1,107830,EQ,134.0,804.7,79594.0
2023-10-06,4.1,4.25,4.05,4.2,143200,EQ,123.0,1164.23,107446.0
2023-10-09,4.2,4.35,4.1,4.2,126481,EQ,135.0,936.9,47334.0
2023-10-10,4.15,4.3,4.15,4.15,50675,EQ,93.0,544.89,28533.0
2023-10-11,4.2,4.35,4.1,4.35,152653,EQ,82.0,1861.62,117645.0
2023-10-12,4.55,4.55,4.3,4.35,282678,EQ,253.0,1117.3,164181.0
2023-10-13,4.4,4.55,4.25,4.45,163706,EQ,211.0,775.86,122584.0
2023-10-16,4.55,4.65,4.5,4.6,464114,EQ,263.0,1764.69,244028.0
2023-10-17,4.65,4.8,4.5,4.55,165438,EQ,262.0,631.44,107930.0
2023-10-18,4.6,4.6,4.35,4.35,87552,EQ,137.0,639.07,42740.0
2023-10-19,4.35,4.55,4.25,4.45,176511,EQ,160.0,1103.19,50054.0
2023-10-20,4.55,4.65,4.5,4.65,219319,EQ,212.0,1034.52,171080.0
2023-10-23,4.75,4.85,4.45,4.45,367137,EQ,273.0,1344.82,186074.0
2023-10-25,4.5,4.5,4.25,4.25,92664,EQ,146.0,634.68,52100.0
2023-10-26,4.2,4.2,4.05,4.2,87774,EQ,159.0,552.04,48606.0
2023-10-27,4.2,4.4,4.2,4.3,77316,EQ,140.0,552.26,34281.0
2023-10-30,4.3,4.35,4.15,4.2,57771,EQ,115.0,502.36,38432.0
2023-10-31,4.15,4.4,4.15,4.3,152603,EQ,211.0,723.24,71493.0
2023-11-01,4.35,4.4,4.15,4.2,134009,EQ,127.0,1055.19,80169.0
2023-11-02,4.3,4.35,4.2,4.25,30497,EQ,66.0,462.08,21948.0
2023-11-03,4.3,4.3,4.2,4.3,54600,EQ,79.0,691.14,22915.0
2023-11-06,4.3,4.4,4.25,4.35,74343,EQ,124.0,599.54,51356.0
2023-11-07,4.35,4.35,4.25,4.35,30515,EQ,81.0,376.73,16715.0
2023-11-08,4.35,4.35,4.25,4.3,43428,EQ,114.0,380.95,25938.0
2023-11-09,4.25,4.3,4.2,4.25,62805,EQ,126.0,498.45,25053.0
2023-11-10,4.2,4.45,4.2,4.45,345600,EQ,258.0,1339.53,117016.0
2023-11-12,4.55,4.65,4.4,4.45,154480,EQ,189.0,817.35,85401.0
2023-11-13,4.5,4.55,4.35,4.45,170116,EQ,217.0,783.94,125513.0
2023-11-15,4.5,4.55,4.4,4.45,56087,EQ,168.0,333.85,43789.0
2023-11-16,4.5,4.5,4.3,4.3,107582,EQ,141.0,762.99,70282.0
2023-11-17,4.3,4.4,4.3,4.4,44281,EQ,106.0,417.75,40523.0
2023-11-20,4.4,4.45,4.35,4.4,107271,EQ,165.0,650.13,87012.0
2023-11-21,4.45,4.6,4.35,4.6,364199,EQ,219.0,1663.01,213333.0
2023-11-22,4.75,4.8,4.6,4.8,255752,EQ,201.0,1272.4,144619.0
2023-11-23,5.0,5.0,4.6,4.6,555421,EQ,415.0,1338.36,287493.0
2023-11-24,4.6,4.8,4.55,4.75,154627,EQ,205.0,754.28,88490.0
2023-11-28,4.95,4.95,4.95,4.95,146697,EQ,99.0,1481.79,135462.0
2023-11-29,5.15,5.15,5.15,5.15,89459,EQ,54.0,1656.65,89459.0
2023-11-30,5.4,5.4,5.35,5.4,929896,EQ,432.0,2152.54,518081.0
2023-12-01,5.6,5.65,5.55,5.65,245911,EQ,205.0,1199.57,211909.0
2023-12-04,5.9,5.9,5.7,5.9,496540,EQ,385.0,1289.71,343699.0
2023-12-05,6.15,6.15,6.15,6.15,218772,EQ,212.0,1031.94,163731.0
2023-12-06,6.45,6.45,6.3,6.45,693338,EQ,670.0,1034.83,498805.0
2023-12-07,6.75,6.75,6.75,6.75,159908,EQ,164.0,975.05,159807.0
2023-12-08,7.05,7.05,6.45,6.45,1039499,EQ,1030.0,1009.22,727615.0
2023-12-11,6.15,6.15,6.15,6.15,124273,EQ,257.0,483.55,124273.0
2023-12-12,5.85,5.85,5.85,5.85,62401,BE,158.0,394.94,62401.0
2023-12-13,5.55,5.55,5.55,5.55,94295,BE,172.0,548.23,94295.0
2023-12-14,5.3,5.3,5.3,5.3,71859,BE,192.0,374.27,71859.0
2023-12-15,5.1,5.55,5.05,5.55,284932,BE,295.0,965.87,284932.0
2023-12-18,5.55,5.65,5.3,5.35,408936,BE,516.0,792.51,408936.0
2023-12-19,5.3,5.3,5.1,5.15,160288,BE,319.0,502.47,160288.0
2023-12-20,5.1,5.4,4.9,5.0,386162,BE,430.0,898.05,386162.0
2023-12-21,5.05,5.25,4.9,5.15,139775,BE,264.0,529.45,139775.0
2023-12-22,5.15,5.25,5.0,5.1,64410,BE,195.0,330.31,64410.0
2023-12-26,5.25,5.35,5.15,5.35,164442,BE,199.0,826.34,164442.0
2023-12-27,5.55,5.6,5.3,5.45,163621,BE,338.0,484.09,163621.0
2023-12-28,5.5,5.7,5.4,5.45,103005,BE,207.0,497.61,103005.0
2023-12-29,5.55,5.55,5.25,5.35,107043,BE,219.0,488.78,107043.0
2024-01-01,5.15,5.4,5.15,5.3,81819,BE,150.0,545.46,81819.0
2024-01-02,5.35,5.35,5.2,5.25,60048,BE,157.0,382.47,60048.0
2024-01-03,5.3,5.5,5.2,5.5,167885,BE,185.0,907.49,167885.0
2024-01-04,5.7,5.75,5.55,5.75,202449,BE,308.0,657.3,202449.0
2024-01-05,6.0,6.0,5.75,6.0,249361,BE,409.0,609.68,249361.0
2024-01-08,6.15,6.15,5.7,5.75,256179,BE,455.0,563.03,256179.0
2024-01-09,5.8,6.0,5.8,6.0,118411,BE,297.0,398.69,118411.0
2024-01-10,6.15,6.15,5.7,5.75,260019,BE,351.0,740.79,260019.0
2024-01-11,5.65,5.65,5.65,5.65,47961,BE,95.0,504.85,47961.0
2024-01-12,5.55,5.55,5.55,5.55,46194,BE,81.0,570.3,46194.0
2024-01-15,5.45,5.45,5.45,5.45,259888,BE,112.0,2320.43,259888.0
2024-01-16,5.4,5.45,5.35,5.35,63300,BE,71.0,891.55,63300.0
2024-01-17,5.3,5.3,5.25,5.25,39506,BE,74.0,533.86,39506.0
2024-01-18,5.15,5.35,5.15,5.3,23792,BE,62.0,383.74,23792.0
2024-01-19,5.4,5.4,5.2,5.2,28842,BE,94.0,306.83,28842.0
2024-01-20,5.2,5.25,5.2,5.2,19120,BE,49.0,390.2,19120.0
2024-01-23,5.15,5.15,5.1,5.1,63456,BE,84.0,755.43,63456.0
2024-01-24,5.1,5.15,5.1,5.15,96126,BE,83.0,1158.14,96126.0
2024-01-25,5.1,5.15,5.1,5.15,37683,BE,47.0,801.77,37683.0
2024-01-29,5.2,5.25,5.2,5.25,83422,BE,42.0,1986.24,83422.0
2024-01-30,5.35,5.35,5.35,5.35,37555,BE,43.0,873.37,37555.0
2024-01-31,5.45,5.45,5.45,5.45,68604,BE,54.0,1270.44,68604.0
2024-02-01,5.45,5.5,5.45,5.5,64531,BE,71.0,908.89,64531.0
2024-02-02,5.5,5.5,5.4,5.4,36393,BE,63.0,577.67,36393.0
2024-02-05,5.4,5.5,5.4,5.5,46987,BE,67.0,701.3,46987.0
2024-02-06,5.6,5.6,5.6,5.6,227171,BE,118.0,1925.18,227171.0
2024-02-07,5.65,5.7,5.65,5.7,103411,BE,65.0,1590.94,103411.0
2024-02-08,5.7,5.7,5.6,5.6,32287,BE,71.0,454.75,32287.0
2024-02-09,5.5,5.5,5.5,5.5,4414,BE,28.0,157.64,4414.0
2024-02-12,5.5,5.5,5.4,5.4,9971,BE,27.0,369.3,9971.0
2024-02-13,5.3,5.3,5.3,5.3,57671,BE,41.0,1406.61,57671.0
2024-02-14,5.2,5.2,5.2,5.2,12042,BE,56.0,215.04,12042.0
2024-02-15,5.15,5.25,5.15,5.25,19314,BE,58.0,333.0,19314.0
2024-02-16,5.25,5.35,5.25,5.3,39028,BE,43.0,907.63,39028.0
2024-02-19,5.55,5.55,5.55,5.55,103802,BE,84.0,1235.74,103802.0
2024-02-20,5.8,5.8,5.8,5.8,50403,BE,78.0,646.19,50403.0
2024-02-21,6.05,6.05,5.9,6.0,961407,BE,465.0,2067.54,961407.0
2024-02-22,5.8,6.0,5.7,5.7,100107,BE,201.0,498.04,100107.0
2024-02-23,5.85,5.85,5.55,5.7,157253,BE,354.0,444.22,157253.0
2024-02-26,5.8,5.95,5.5,5.9,189788,BE,323.0,587.58,189788.0
2024-02-27,6.0,6.05,5.8,5.85,118854,BE,265.0,448.51,118854.0
2024-02-28,5.8,5.85,5.55,5.55,159335,BE,260.0,612.83,159335.0
2024-02-29,5.5,5.8,5.3,5.55,181570,BE,238.0,762.9,181570.0
2024-03-01,5.55,5.8,5.55,5.75,99975,BE,182.0,549.31,99975.0
2024-03-02,5.9,5.95,5.6,5.75,9833,BE,71.0,138.49,9833.0
2024-03-04,5.95,6.0,5.7,5.85,301455,BE,459.0,656.76,301455.0
2024-03-05,6.0,6.0,5.6,5.75,173907,BE,238.0,730.7,173907.0
2024-03-06,5.9,5.9,5.5,5.65,143077,BE,207.0,691.19,143077.0
2024-03-07,5.65,5.7,5.45,5.6,45066,BE,160.0,281.66,45066.0
2024-03-11,5.8,5.8,5.5,5.5,68837,BE,148.0,465.11,68837.0
2024-03-12,5.5,5.6,5.25,5.3,55682,BE,165.0,337.47,55682.0
2024-03-13,5.1,5.3,5.05,5.05,52869,BE,166.0,318.49,52869.0
2024-03-14,4.8,5.0,4.8,4.95,105026,BE,278.0,377.79,105026.0
2024-03-15,4.95,5.15,4.95,5.1,80729,BE,142.0,568.51,80729.0
2024-03-18,5.15,5.3,4.95,5.05,63160,EQ,190.0,332.42,32898.0
2024-03-19,4.95,5.2,4.8,4.9,102185,EQ,273.0,374.3,51886.0
2024-03-20,4.95,5.0,4.75,4.95,30890,EQ,168.0,183.87,25367.0
2024-03-21,5.0,5.05,4.8,4.9,61878,EQ,154.0,401.81,53754.0
2024-03-22,5.0,5.0,4.75,4.95,42223,EQ,181.0,233.28,25635.0
2024-03-26,4.95,5.1,4.95,5.0,39883,EQ,160.0,249.27,26645.0
2024-03-27,5.05,5.05,4.75,4.8,91186,EQ,221.0,412.61,49527.0
2024-03-28,4.8,4.9,4.6,4.8,72558,EQ,213.0,340.65,50472.0
2024-04-01,4.85,5.0,4.85,5.0,73276,EQ,108.0,678.48,68421.0
2024-04-02,5.0,5.25,5.0,5.25,98367,EQ,150.0,655.78,62653.0
2024-04-03,5.25,5.5,5.25,5.5,189618,EQ,220.0,861.9,126044.0
2024-04-04,5.65,5.65,5.3,5.4,91593,EQ,299.0,306.33,57614.0
2024-04-05,5.45,5.45,5.1,5.4,64183,EQ,176.0,364.68,54447.0
2024-04-08,5.35,5.6,5.35,5.5,135710,EQ,235.0,577.49,91610.0
2024-04-09,5.5,5.6,5.3,5.35,52995,EQ,203.0,261.06,37600.0
2024-04-10,5.5,5.5,5.35,5.4,64305,EQ,141.0,456.06,50204.0
2024-04-12,5.3,5.45,5.2,5.25,38353,EQ,176.0,217.91,26670.0
2024-04-15,5.0,5.15,4.85,5.0,117062,EQ,313.0,374.0,61902.0
2024-04-16,4.85,5.2,4.85,5.05,45735,EQ,226.0,202.37,22181.0
2024-04-18,5.05,5.25,5.05,5.2,51498,EQ,142.0,362.66,32526.0
2024-04-19,5.1,5.1,4.85,5.0,67477,EQ,199.0,339.08,46789.0
2024-04-22,5.1,5.5,5.05,5.5,225723,EQ,308.0,732.87,154292.0
2024-04-23,5.95,6.05,5.8,6.05,506862,EQ,387.0,1309.72,355660.0
2024-04-24,6.65,6.65,6.35,6.65,1051494,EQ,637.0,1650.7,691042.0
2024-04-25,6.7,6.85,6.35,6.35,1091660,EQ,829.0,1316.84,680989.0
2024-04-26,6.05,6.65,6.05,6.4,1339249,EQ,899.0,1489.71,695700.0
2024-04-29,6.35,6.7,6.35,6.7,1133006,EQ,723.0,1567.09,630684.0
2024-04-30,6.9,7.0,6.4,6.4,942812,EQ,813.0,1159.67,520567.0
2024-05-02,6.35,6.7,6.25,6.7,985383,EQ,683.0,1442.73,538247.0
2024-05-03,6.9,6.95,6.5,6.65,442698,EQ,514.0,861.28,214155.0
2024-05-06,6.65,6.75,6.35,6.35,155469,EQ,344.0,451.94,96345.0
2024-05-07,6.25,6.6,6.2,6.4,239175,EQ,373.0,641.22,146648.0
2024-05-08,6.45,6.5,6.2,6.25,207269,EQ,307.0,675.14,132665.0
2024-05-09,6.3,6.3,5.95,5.95,122947,EQ,252.0,487.88,86071.0
2024-05-10,5.95,6.15,5.9,6.05,231276,EQ,309.0,748.47,148321.0
2024-05-13,6.15,6.15,5.85,5.9,82096,EQ,289.0,284.07,66639.0
2024-05-14,5.95,6.15,5.9,6.15,131698,EQ,168.0,783.92,76482.0
2024-05-15,6.3,6.45,6.25,6.3,396864,EQ,315.0,1259.89,252193.0
2024-05-16,6.35,6.6,6.25,6.6,500652,EQ,386.0,1297.03,232003.0
2024-05-17,6.6,6.65,6.3,6.4,464889,EQ,357.0,1302.21,205562.0
2024-05-18,6.3,6.4,6.2,6.25,113202,EQ,114.0,993.0,96304.0
2024-05-21,6.25,6.45,6.25,6.4,357850,EQ,324.0,1104.48,278445.0
2024-05-22,6.4,6.45,6.25,6.3,108935,EQ,245.0,444.63,83297.0
2024-05-23,6.3,6.35,6.15,6.2,145922,EQ,298.0,489.67,101025.0
2024-05-24,6.2,6.25,6.1,6.1,80638,EQ,180.0,447.99,53113.0
2024-05-27,6.15,6.2,6.05,6.05,143601,EQ,265.0,541.89,101580.0
2024-05-28,6.05,6.3,6.0,6.05,91607,EQ,266.0,344.39,68201.0
2024-05-29,6.15,6.15,5.85,5.85,187431,EQ,305.0,614.53,119048.0
2024-05-30,5.9,5.9,5.7,5.75,120645,EQ,245.0,492.43,60196.0
2024-05-31,5.7,5.75,5.5,5.55,166430,EQ,263.0,632.81,110346.0
2024-06-03,5.6,5.75,5.55,5.7,135049,EQ,352.0,383.66,85769.0
2024-06-04,5.7,5.7,5.45,5.45,188354,EQ,257.0,732.89,136758.0
2024-06-05,5.55,5.7,5.2,5.6,267838,EQ,282.0,949.78,166155.0
2024-06-06,5.55,5.85,5.55,5.75,86418,EQ,259.0,333.66,43819.0
2024-06-07,6.15,6.25,5.85,6.0,253334,EQ,354.0,715.63,148637.0
2024-06-10,6.0,6.11,5.8,5.81,132045,EQ,344.0,383.85,76667.0
2024-06-11,6.0,6.0,5.75,5.77,109368,EQ,280.0,390.6,75844.0
2024-06-12,5.88,6.05,5.73,5.96,136225,EQ,312.0,436.62,88591.0
2024-06-13,6.04,6.05,5.84,5.85,86020,EQ,259.0,332.12,59058.0
2024-06-14,5.9,5.99,5.31,5.65,198298,EQ,372.0,533.06,169680.0
2024-06-18,5.72,5.87,5.51,5.54,254964,EQ,293.0,870.18,166286.0
2024-06-19,5.65,5.67,5.51,5.57,60976,EQ,243.0,250.93,39107.0
2024-06-20,5.57,5.84,5.51,5.57,101943,EQ,278.0,366.7,59499.0
2024-06-21,5.51,5.74,5.51,5.6,51083,EQ,289.0,176.76,40663.0
2024-06-24,5.76,5.76,5.59,5.61,175275,EQ,347.0,505.12,101642.0
2024-06-25,5.7,6.17,5.61,6.17,1655303,EQ,1231.0,1344.68,804216.0
2024-06-26,6.17,6.28,5.94,6.06,815784,EQ,1443.0,565.34,557030.0
2024-06-27,5.85,6.04,5.78,5.79,157532,EQ,373.0,422.34,114083.0
2024-06-28,5.87,5.87,5.45,5.65,749721,EQ,856.0,875.84,588445.0
2024-07-01,5.66,5.85,5.65,5.77,140046,EQ,1100.0,127.31,93613.0
2024-07-02,5.77,6.34,5.77,6.28,1138602,EQ,1428.0,797.34,560113.0
2024-07-03,6.28,6.4,5.85,6.16,491826,EQ,823.0,597.6,316213.0
2024-07-04,6.16,6.54,5.99,6.39,1022274,EQ,1467.0,696.85,535350.0
2024-07-05,6.53,7.02,6.5,7.02,1148467,EQ,1159.0,990.91,711098.0
2024-07-08,7.19,7.33,6.58,6.87,781609,EQ,4616.0,169.33,536059.0
2024-07-09,6.87,6.87,6.45,6.59,359605,EQ,885.0,406.33,245599.0
2024-07-10,6.8,6.8,6.21,6.44,258472,EQ,940.0,274.97,150311.0
2024-07-11,6.7,6.72,6.4,6.58,223100,EQ,586.0,380.72,138327.0
2024-07-12,6.63,7.23,6.5,7.02,780661,EQ,1427.0,547.06,415686.0
2024-07-15,7.29,7.29,6.7,6.86,521974,EQ,1069.0,488.28,289842.0
2024-07-16,6.94,7.08,6.6,6.72,395508,EQ,672.0,588.55,240684.0
2024-07-18,6.72,6.84,6.16,6.57,421327,EQ,828.0,508.85,217374.0
2024-07-19,6.72,6.72,6.06,6.17,262435,EQ,1060.0,247.58,163455.0
2024-07-22,6.34,6.34,6.12,6.16,156368,EQ,512.0,305.41,108145.0
2024-07-23,6.2,6.61,5.85,6.52,582648,EQ,3470.0,167.91,323850.0
2024-07-24,6.7,6.77,6.15,6.68,217725,EQ,686.0,317.38,136150.0
2024-07-25,6.75,6.75,6.45,6.59,190347,EQ,472.0,403.28,135037.0
2024-07-26,6.78,6.78,6.61,6.69,123791,EQ,876.0,141.31,73131.0
2024-07-29,6.64,6.99,6.52,6.68,158017,EQ,568.0,278.2,100049.0
2024-07-30,6.89,7.34,6.77,7.34,788953,EQ,2201.0,358.45,554198.0
2024-07-31,7.84,8.07,7.51,8.07,1046103,EQ,2074.0,504.39,612161.0
2024-08-01,8.5,8.67,7.81,7.96,1123883,EQ,3077.0,365.25,695901.0
2024-08-02,7.97,8.19,7.59,8.04,354943,EQ,893.0,397.47,203517.0
2024-08-05,8.29,8.83,7.44,7.61,338801,EQ,1365.0,248.21,204770.0
2024-08-06,7.63,7.98,7.0,7.16,222808,EQ,660.0,337.59,148286.0
2024-08-07,7.38,7.87,7.21,7.87,295178,EQ,708.0,416.92,209655.0
2024-08-08,7.65,8.26,7.47,7.69,273547,BE,519.0,527.07,273547.0
2024-08-09,7.69,7.99,7.4,7.61,120320,BE,345.0,348.75,120320.0
2024-08-12,7.74,7.78,7.32,7.41,89121,BE,310.0,287.49,89121.0
2024-08-13,7.42,7.45,7.1,7.12,65548,BE,297.0,220.7,65548.0
2024-08-14,7.18,7.18,6.76,6.8,178146,BE,321.0,554.97,178146.0
2024-08-16,6.83,6.99,6.55,6.73,69390,BE,249.0,278.67,69390.0
2024-08-19,6.54,6.73,6.54,6.65,90904,BE,256.0,355.09,90904.0
2024-08-20,6.68,6.98,6.68,6.98,70278,BE,182.0,386.14,70278.0
2024-08-21,7.32,7.32,7.32,7.32,79703,BE,64.0,1245.36,79703.0
2024-08-22,7.52,7.68,7.52,7.68,197396,BE,305.0,647.2,197396.0
2024-08-23,8.06,8.06,8.0,8.06,198897,BE,275.0,723.26,198897.0
2024-08-26,8.4,8.4,7.95,8.19,300146,BE,796.0,377.07,300146.0
2024-08-27,8.19,8.34,7.78,7.78,128783,BE,342.0,376.56,128783.0
2024-08-28,7.78,7.78,7.4,7.43,93255,BE,306.0,304.75,93255.0
2024-08-29,7.4,7.4,7.05,7.09,188696,BE,453.0,416.55,188696.0
2024-08-30,7.19,7.44,7.07,7.43,127485,BE,349.0,365.29,127485.0
2024-09-02,7.7,7.8,7.6,7.8,85780,BE,224.0,382.95,85780.0
2024-09-03,8.0,8.19,7.7,7.87,121258,BE,338.0,358.75,121258.0
2024-09-04,7.6,8.13,7.56,8.01,108845,BE,272.0,400.17,108845.0
2024-09-05,8.01,8.3,8.01,8.1,113977,BE,339.0,336.22,113977.0
2024-09-06,8.28,8.28,7.72,7.8,81906,BE,274.0,298.93,81906.0
2024-09-09,7.95,7.95,7.61,7.68,65273,BE,256.0,254.97,65273.0
2024-09-10,7.75,7.79,7.47,7.66,70547,BE,222.0,317.78,70547.0
2024-09-11,7.51,7.8,7.51,7.72,35689,BE,154.0,231.75,35689.0
2024-09-12,7.66,7.88,7.4,7.57,56889,BE,232.0,245.21,56889.0
2024-09-13,7.4,7.68,7.4,7.53,39358,BE,199.0,197.78,39358.0
2024-09-16,7.74,7.74,7.21,7.29,77899,BE,286.0,272.37,77899.0
2024-09-17,7.44,7.44,7.11,7.23,47340,BE,197.0,240.3,47340.0
2024-09-18,7.23,7.54,7.01,7.2,41849,BE,184.0,227.44,41849.0
2024-09-19,7.01,7.28,6.84,6.94,158069,BE,322.0,490.9,158069.0
2024-09-20,7.08,7.08,6.59,6.71,145475,BE,283.0,514.05,145475.0
2024-09-23,6.71,6.9,6.71,6.82,103218,BE,232.0,444.91,103218.0
2024-09-24,6.7,6.85,6.65,6.66,138888,BE,242.0,573.92,138888.0
2024-09-25,6.66,6.78,6.64,6.72,55295,BE,198.0,279.27,55295.0
2024-09-26,6.8,7.05,6.72,7.05,100549,BE,200.0,502.74,100549.0
2024-09-27,7.39,7.39,7.07,7.22,302891,BE,257.0,1178.56,302891.0
2024-09-30,7.44,7.44,7.07,7.17,54999,BE,168.0,327.38,54999.0
2024-10-01,7.12,7.39,7.06,7.15,152878,BE,218.0,701.28,152878.0
2024-10-03,7.15,7.15,6.96,7.09,41362,BE,134.0,308.67,41362.0
2024-10-04,7.2,7.2,6.98,6.98,73594,BE,188.0,391.46,73594.0
2024-10-07,6.96,7.15,6.63,6.69,44911,BE,170.0,264.18,44911.0
2024-10-08,7.0,7.02,6.52,6.92,41886,EQ,265.0,158.06,28566.0
2024-10-09,7.22,7.22,6.74,7.02,58706,EQ,262.0,224.07,38950.0
2024-10-10,7.3,7.3,6.81,6.98,71891,EQ,222.0,323.83,55929.0
2024-10-11,7.18,7.32,6.9,7.02,94353,EQ,222.0,425.01,33248.0
2024-10-14,6.9,7.1,6.81,6.97,54111,EQ,187.0,289.36,33821.0
2024-10-15,7.1,7.1,6.75,6.8,54510,EQ,160.0,340.69,39924.0
2024-10-16,6.9,7.02,6.55,6.89,51820,EQ,221.0,234.48,33343.0
2024-10-17,6.8,7.1,6.71,6.78,39996,EQ,204.0,196.06,26111.0
2024-10-18,6.95,6.95,6.55,6.71,50364,EQ,190.0,265.07,33920.0
2024-10-21,6.94,6.94,6.56,6.6,33564,EQ,192.0,174.81,20881.0
2024-10-22,6.73,6.73,6.27,6.28,81721,EQ,255.0,320.47,62909.0
2024-10-23,6.47,6.47,6.0,6.08,98460,EQ,278.0,354.17,57717.0
2024-10-24,5.91,6.15,5.91,6.1,34621,EQ,168.0,206.08,17439.0
2024-10-25,6.15,6.15,5.81,5.94,83067,EQ,284.0,292.49,55194.0
2024-10-28,6.19,6.23,5.94,6.23,212905,EQ,234.0,909.85,127232.0
2024-10-29,6.3,6.3,6.01,6.06,122958,EQ,269.0,457.09,70870.0
2024-10-30,6.18,6.36,6.09,6.31,206309,EQ,408.0,505.66,153696.0
2024-10-31,6.49,6.62,6.32,6.6,48340,EQ,393.0,123.0,33110.0
2024-11-01,6.81,6.89,6.6,6.82,33651,EQ,318.0,105.82,25173.0
2024-11-04,6.98,7.16,6.75,6.82,98177,EQ,592.0,165.84,65243.0
2024-11-05,7.0,7.0,6.85,6.92,49409,EQ,283.0,174.59,39501.0
2024-11-06,6.98,6.98,6.65,6.75,92644,EQ,450.0,205.88,72537.0
2024-11-07,6.89,6.89,6.66,6.67,32772,EQ,290.0,113.01,23293.0
2024-11-08,6.73,6.77,6.6,6.68,20242,EQ,324.0,62.48,15531.0
2024-11-11,6.76,6.77,6.45,6.47,46662,EQ,342.0,136.44,33864.0
2024-11-12,6.47,6.59,6.27,6.34,24052,EQ,273.0,88.1,17881.0
2024-11-13,6.34,6.46,6.11,6.23,20545,EQ,243.0,84.55,12018.0
2024-11-14,6.15,6.47,6.12,6.27,64584,EQ,319.0,202.46,38219.0
2024-11-18,6.5,6.5,6.17,6.28,21576,EQ,264.0,81.73,11481.0
2024-11-19,6.5,6.5,5.96,6.07,56547,EQ,226.0,250.21,37284.0
2024-11-21,6.35,6.35,5.76,5.87,100236,EQ,302.0,331.91,64951.0
2024-11-22,5.97,6.16,5.8,5.98,154716,EQ,447.0,346.12,63547.0
2024-11-25,5.98,6.25,5.98,6.2,94864,EQ,431.0,220.1,71506.0
2024-11-26,6.38,6.38,6.15,6.23,26597,EQ,258.0,103.09,15519.0
2024-11-27,6.37,6.48,6.14,6.4,101945,EQ,334.0,305.22,56596.0
2024-11-28,6.54,6.54,6.23,6.26,72620,EQ,307.0,236.55,51661.0
2024-11-29,6.29,6.39,6.25,6.29,32807,EQ,181.0,181.25,23200.0
2024-12-02,6.39,6.39,6.24,6.27,40516,EQ,321.0,126.22,29585.0
2024-12-03,6.21,6.58,6.18,6.49,164936,EQ,349.0,472.6,132211.0
2024-12-04,6.58,6.81,6.5,6.81,90798,EQ,311.0,291.95,47237.0
2024-12-05,7.08,7.08,6.72,6.75,111311,EQ,416.0,267.57,51907.0
2024-12-06,6.75,6.92,6.51,6.57,59650,EQ,306.0,194.93,34208.0
2024-12-09,6.64,6.75,6.4,6.44,46322,EQ,368.0,125.88,33554.0
2024-12-10,6.49,6.55,6.35,6.41,47499,EQ,307.0,154.72,26311.0
2024-12-11,6.53,7.05,6.35,7.05,310610,EQ,544.0,570.97,156974.0
2024-12-12,7.39,7.75,7.37,7.75,585522,EQ,840.0,697.05,312814.0
2024-12-13,7.87,8.49,7.02,7.38,1602779,EQ,3975.0,403.21,552246.0
2024-12-16,7.79,7.94,7.24,7.61,278427,EQ,987.0,282.09,137481.0
2024-12-17,7.78,7.78,7.01,7.27,355269,EQ,1126.0,315.51,175633.0
2024-12-18,7.19,7.2,6.68,6.74,431055,EQ,1338.0,322.16,256129.0
2024-12-19,6.78,6.78,6.54,6.63,145102,EQ,627.0,231.42,68200.0
2024-12-20,6.8,6.93,6.6,6.64,172214,EQ,662.0,260.14,87885.0
2024-12-23,6.88,6.89,6.65,6.74,118625,EQ,404.0,293.63,67017.0
2024-12-24,6.67,6.86,6.6,6.63,80985,EQ,362.0,223.72,53731.0
2024-12-26,6.74,6.74,6.5,6.51,74747,EQ,325.0,229.99,56803.0
2024-12-27,6.57,6.73,6.5,6.64,90530,EQ,462.0,195.95,59777.0
2024-12-30,6.64,7.3,6.55,7.1,223256,EQ,601.0,371.47,152090.0
2024-12-31,7.34,7.34,6.8,6.87,172258,EQ,619.0,278.28,83177.0
2025-01-01,6.84,7.07,6.6,6.98,82233,EQ,461.0,178.38,64417.0
2025-01-02,6.84,7.03,6.35,6.75,161556,EQ,494.0,327.04,87524.0
2025-01-03,6.87,6.87,6.6,6.7,72830,EQ,351.0,207.49,55903.0
2025-01-06,6.51,7.29,6.4,6.43,112260,EQ,482.0,232.9,69545.0
2025-01-07,6.64,6.64,6.42,6.5,81939,EQ,297.0,275.89,53890.0
2025-01-08,6.43,6.64,6.4,6.46,85037,EQ,364.0,233.62,55749.0
2025-01-09,6.56,6.57,6.35,6.4,89418,EQ,354.0,252.59,49579.0
2025-01-10,6.57,6.57,6.15,6.28,131286,EQ,444.0,295.69,74401.0
2025-01-13,6.4,6.66,6.01,6.1,122857,EQ,511.0,240.42,60560.0
2025-01-14,6.34,6.45,6.01,6.1,93995,EQ,385.0,244.14,44027.0
2025-01-15,6.33,6.33,6.05,6.15,38478,EQ,301.0,127.83,24466.0
2025-01-16,6.34,6.34,6.21,6.27,40980,EQ,265.0,154.64,28245.0
2025-01-17,6.4,6.89,6.2,6.89,249233,EQ,515.0,483.95,218059.0
2025-01-20,6.97,7.57,6.97,7.1,417859,EQ,1036.0,403.34,238681.0
2025-01-21,7.09,7.09,6.55,6.63,140512,EQ,506.0,277.69,97192.0
2025-01-22,6.5,6.66,6.47,6.56,77481,EQ,339.0,228.56,40410.0
2025-01-23,6.46,6.75,6.45,6.64,33673,EQ,453.0,74.33,18453.0
2025-01-24,6.56,6.67,6.46,6.49,69662,EQ,306.0,227.65,55074.0
2025-01-27,6.35,6.49,6.25,6.38,90415,EQ,352.0,256.86,54796.0
2025-01-28,6.31,6.46,6.24,6.29,92260,EQ,251.0,367.57,61808.0
2025-01-29,6.21,6.51,6.21,6.31,90537,EQ,215.0,421.1,70784.0
2025-01-30,6.54,6.54,6.3,6.38,54436,EQ,236.0,230.66,41932.0
2025-01-31,6.58,6.6,6.37,6.54,119868,EQ,307.0,390.45,101517.0
2025-02-01,6.42,6.8,6.42,6.69,48132,EQ,240.0,200.55,40476.0
2025-02-03,6.84,6.85,6.68,6.77,107776,EQ,327.0,329.59,85788.0
2025-02-04,6.92,6.98,6.69,6.87,41387,EQ,257.0,161.04,30973.0
2025-02-05,7.05,7.07,6.82,6.97,84036,EQ,249.0,337.49,66597.0
2025-02-06,7.2,7.2,6.61,6.77,103792,EQ,273.0,380.19,79808.0
2025-02-07,6.92,6.99,6.62,6.84,61887,EQ,262.0,236.21,40143.0
2025-02-10,6.97,6.97,6.32,6.47,84030,EQ,339.0,247.88,44530.0
2025-02-11,6.79,6.79,6.25,6.36,75291,EQ,297.0,253.51,53252.0
2025-02-12,5.86,6.5,5.8,6.4,39187,EQ,191.0,205.17,31607.0
2025-02-13,6.54,6.65,6.38,6.51,19603,EQ,186.0,105.39,11874.0
2025-02-14,6.51,6.51,6.11,6.15,64917,EQ,188.0,345.3,55212.0
2025-02-17,6.3,6.49,5.72,6.15,94110,EQ,331.0,284.32,55693.0
2025-02-18,6.2,6.2,5.86,5.93,30121,EQ,369.0,81.63,19764.0
2025-02-19,5.99,6.4,5.31,5.82,99918,EQ,338.0,295.62,60539.0
2025-02-20,5.94,6.89,5.87,6.1,51854,EQ,323.0,160.54,27853.0
2025-02-21,6.29,6.29,6.02,6.21,17563,EQ,170.0,103.31,11494.0
2025-02-24,6.09,6.24,5.86,6.15,53915,EQ,288.0,187.2,27780.0
2025-02-25,6.19,6.19,5.91,6.01,11022,EQ,170.0,64.84,6666.0
2025-02-27,6.13,6.13,5.65,5.84,29748,EQ,199.0,149.49,20538.0
2025-02-28,5.84,5.97,5.41,5.63,49932,EQ,284.0,175.82,32807.0
2025-03-03,5.6,5.94,5.4,5.5,79994,EQ,338.0,236.67,39792.0
2025-03-04,5.5,5.94,5.41,5.85,48681,EQ,270.0,180.3,30405.0
2025-03-05,6.0,6.1,5.62,5.84,56909,EQ,402.0,141.56,27466.0
2025-03-06,6.11,6.4,5.39,5.92,79137,EQ,377.0,209.91,32398.0
2025-03-07,6.04,6.06,5.84,6.01,29620,EQ,157.0,188.66,16686.0
2025-03-10,6.08,6.21,5.65,5.88,54975,EQ,208.0,264.3,24634.0
2025-03-11,6.05,6.05,5.7,5.92,30280,EQ,210.0,144.19,14267.0
2025-03-12,6.12,6.12,5.67,5.84,29160,EQ,197.0,148.02,18709.0
2025-03-13,6.05,6.05,5.5,5.6,30433,EQ,340.0,89.51,18472.0
2025-03-17,5.84,5.84,5.51,5.57,52866,EQ,287.0,184.2,26220.0
2025-03-18,5.57,5.7,5.45,5.57,21152,EQ,179.0,118.17,11511.0
2025-03-19,5.64,5.74,5.55,5.64,69431,EQ,263.0,264.0,37014.0
2025-03-20,5.64,6.71,5.64,6.06,386863,EQ,1230.0,314.52,186473.0
2025-03-21,6.39,7.2,6.3,6.49,1554435,EQ,1955.0,795.11,239599.0
2025-03-24,6.48,6.48,5.8,6.21,179792,EQ,504.0,356.73,90615.0
2025-03-25,6.12,6.8,6.0,6.46,244613,EQ,583.0,419.58,167794.0
2025-03-26,6.5,6.58,6.23,6.31,50940,EQ,176.0,289.43,33766.0
2025-03-27,6.31,6.37,5.66,6.03,129672,EQ,458.0,283.13,92183.0
2025-03-28,5.91,6.74,5.91,6.26,72122,EQ,224.0,321.97,50725.0
2025-04-01,6.26,6.58,6.14,6.31,52179,EQ,185.0,282.05,31170.0
2025-04-02,6.39,6.39,5.75,6.23,115931,EQ,304.0,381.35,63997.0
2025-04-03,6.25,6.34,6.07,6.23,68509,EQ,167.0,410.23,26550.0
2025-04-04,6.3,6.33,6.05,6.15,38495,EQ,160.0,240.59,23854.0
2025-04-07,6.15,6.15,5.8,5.95,34305,EQ,213.0,161.06,20970.0
2025-04-08,6.08,6.08,5.81,5.89,48060,EQ,220.0,218.45,32992.0
2025-04-09,5.9,5.97,5.8,5.89,13376,EQ,129.0,103.69,11743.0
2025-04-11,5.89,6.28,5.89,5.96,21740,EQ,170.0,127.88,16702.0
2025-04-15,6.25,6.25,6.01,6.07,19950,EQ,166.0,120.18,17064.0
2025-04-16,6.23,6.59,5.95,6.26,151476,EQ,492.0,307.88,97456.0
2025-04-17,6.34,6.43,6.07,6.22,27476,EQ,262.0,104.87,18356.0
2025-04-21,6.1,6.78,6.05,6.3,249275,EQ,465.0,536.08,151582.0
2025-04-22,6.36,7.56,6.2,7.48,1126306,EQ,1436.0,784.34,756527.0
2025-04-23,7.93,8.97,7.18,8.97,3440976,EQ,4974.0,691.79,1163825.0
2025-04-24,9.29,9.86,8.97,9.86,2189318,EQ,3404.0,643.16,878937.0
2025-04-25,10.48,10.84,10.17,10.84,2350777,EQ,3283.0,716.05,864679.0
2025-04-28,11.45,11.92,11.41,11.92,780244,EQ,1197.0,651.83,393172.0
2025-04-29,11.32,11.32,11.32,11.32,182864,BE,428.0,427.25,182864.0
2025-04-30,10.75,10.75,10.75,10.75,24325,BE,160.0,152.03,24325.0
2025-05-02,10.21,10.21,10.21,10.21,36095,BE,182.0,198.32,36095.0
2025-05-05,9.69,9.69,9.69,9.69,68663,BE,166.0,413.63,68663.0
2025-05-06,9.2,9.2,9.2,9.2,38971,BE,117.0,333.09,38971.0
2025-05-07,8.74,8.74,8.74,8.74,27009,BE,109.0,247.79,27009.0
2025-05-08,8.3,8.3,8.3,8.3,40323,BE,93.0,433.58,40323.0
2025-05-09,7.88,7.88,7.88,7.88,55272,BE,103.0,536.62,55272.0
2025-05-12,7.61,8.27,7.53,8.27,245420,BE,569.0,431.32,245420.0
2025-05-13,8.2,8.64,7.85,8.27,346414,BE,544.0,636.79,346414.0
2025-05-14,8.31,8.48,8.05,8.39,189313,BE,408.0,464.0,189313.0
2025-05-15,8.64,8.64,8.12,8.25,114957,BE,279.0,412.03,114957.0
2025-05-16,8.15,8.66,8.12,8.65,152587,BE,316.0,482.87,152587.0
2025-05-19,8.66,9.08,8.65,9.08,101091,BE,336.0,300.87,101091.0
2025-05-20,9.08,9.5,8.71,8.94,162356,BE,401.0,404.88,162356.0
2025-05-21,9.24,9.24,8.71,8.87,63555,BE,238.0,267.04,63555.0
2025-05-22,8.71,9.14,8.53,8.68,53302,BE,201.0,265.18,53302.0
2025-05-23,8.95,8.95,8.4,8.46,63092,BE,259.0,243.6,63092.0
2025-05-26,8.17,8.61,8.05,8.15,221684,BE,315.0,703.76,221684.0
2025-05-27,8.14,8.14,7.74,7.74,133838,BE,286.0,467.97,133838.0
2025-05-28,7.74,7.8,7.38,7.59,95243,BE,333.0,286.02,95243.0
2025-05-29,7.36,7.6,7.21,7.21,162193,BE,316.0,513.27,162193.0
2025-05-30,7.16,7.57,6.95,7.57,247755,BE,268.0,924.46,247755.0
2025-06-02,7.6,7.79,7.27,7.31,167530,BE,351.0,477.29,167530.0
2025-06-03,7.2,7.25,6.94,6.98,213550,BE,255.0,837.45,213550.0
2025-06-04,7.0,7.0,6.7,6.75,103966,BE,257.0,404.54,103966.0
2025-06-05,6.75,7.08,6.7,7.08,81840,BE,147.0,556.73,81840.0
2025-06-06,7.29,7.29,7.0,7.04,91903,BE,258.0,356.21,91903.0
2025-06-09,6.92,7.2,6.92,7.16,47085,BE,137.0,343.69,47085.0
2025-06-10,7.1,7.2,6.8,6.88,201267,BE,311.0,647.16,201267.0
2025-06-11,6.87,7.04,6.7,6.98,55492,BE,184.0,301.59,55492.0
2025-06-12,7.15,7.15,6.94,7.03,94355,BE,133.0,709.44,94355.0
2025-06-13,6.76,7.06,6.76,6.97,69124,BE,131.0,527.66,69124.0
2025-06-16,7.06,7.06,6.85,6.93,40505,BE,122.0,332.01,40505.0
2025-06-17,6.8,7.04,6.8,6.85,29348,BE,134.0,219.01,29348.0
2025-06-18,6.95,7.0,6.7,6.85,43604,BE,153.0,284.99,43604.0
2025-06-19,6.97,6.97,6.72,6.89,43480,BE,115.0,378.09,43480.0
2025-06-20,6.89,6.95,6.7,6.87,17023,BE,95.0,179.19,17023.0
2025-06-23,6.87,6.94,6.61,6.71,37966,BE,107.0,354.82,37966.0
2025-06-24,6.87,7.04,6.76,6.8,26861,BE,117.0,229.58,26861.0
2025-06-25,6.93,6.94,6.73,6.88,35876,BE,109.0,329.14,35876.0
2025-06-26,6.97,7.2,6.95,7.05,26424,BE,97.0,272.41,26424.0
2025-06-27,7.03,7.15,6.85,7.09,21780,BE,94.0,231.7,21780.0
2025-06-30,7.3,7.3,6.81,7.0,61990,BE,151.0,410.53,61990.0
2025-07-01,6.75,7.19,6.75,6.9,21325,BE,83.0,256.93,21325.0
2025-07-02,6.9,7.09,6.75,6.94,25825,BE,62.0,416.53,25825.0
2025-07-03,7.08,7.08,6.8,6.89,37366,BE,134.0,278.85,37366.0
2025-07-04,6.89,7.1,6.7,7.01,41398,BE,134.0,308.94,41398.0
2025-07-07,7.01,7.36,7.0,7.07,70915,BE,148.0,479.16,70915.0
2025-07-08,6.8,7.15,6.8,6.89,50835,BE,91.0,558.63,50835.0
2025-07-09,7.06,7.14,6.91,7.0,49612,BE,107.0,463.66,49612.0
2025-07-10,7.09,7.15,6.83,7.04,42622,BE,143.0,298.06,42622.0
2025-07-11,7.1,7.1,6.82,7.0,19387,BE,85.0,228.08,19387.0
2025-07-14,6.99,7.0,6.82,6.88,22141,BE,90.0,246.01,22141.0
2025-07-15,6.7,7.0,6.7,6.93,15587,BE,98.0,159.05,15587.0
2025-07-16,6.99,6.99,6.78,6.81,49409,BE,149.0,331.6,49409.0
2025-07-17,6.95,6.96,6.65,6.8,39615,BE,137.0,289.16,39615.0
2025-07-18,6.7,6.87,6.7,6.74,39793,BE,90.0,442.14,39793.0
2025-07-21,6.77,6.85,6.6,6.7,27286,BE,113.0,241.47,27286.0
2025-07-22,6.88,6.88,6.61,6.74,19171,BE,87.0,220.36,19171.0
2025-07-23,6.7,6.79,6.61,6.7,71873,BE,87.0,826.13,71873.0
2025-07-24,6.7,6.84,6.65,6.7,17228,BE,75.0,229.71,17228.0
2025-07-25,6.83,6.88,6.7,6.8,46678,BE,78.0,598.44,46678.0
2025-07-28,6.9,6.95,6.62,6.82,24563,BE,96.0,255.86,24563.0
2025-07-29,6.65,6.85,6.51,6.82,34488,BE,106.0,325.36,34488.0
2025-07-30,6.88,6.88,6.75,6.76,17751,BE,71.0,250.01,17751.0
2025-07-31,6.76,6.85,6.63,6.75,40598,BE,117.0,346.99,40598.0
2025-08-01,6.85,6.85,6.64,6.79,34174,BE,107.0,319.38,34174.0
2025-08-04,6.51,7.34,6.51,6.79,78883,EQ,430.0,183.45,52938.0
2025-08-05,6.79,6.97,6.72,6.93,26142,EQ,123.0,212.54,16268.0
2025-08-06,7.01,7.24,6.91,6.94,88358,EQ,369.0,239.45,55299.0
2025-08-07,6.97,7.14,6.8,6.83,48161,EQ,223.0,215.97,37306.0
2025-08-08,6.82,6.98,6.6,6.71,40841,EQ,142.0,287.61,28142.0
2025-08-11,6.42,6.88,6.42,6.75,24111,EQ,143.0,168.61,19429.0
2025-08-12,6.89,6.89,6.65,6.69,21702,EQ,146.0,148.64,18258.0
2025-08-13,6.7,6.82,6.45,6.55,33260,EQ,276.0,120.51,21271.0
2025-08-14,6.38,6.85,6.05,6.31,110025,EQ,410.0,268.35,51661.0
2025-08-18,6.18,6.38,6.08,6.15,31479,EQ,271.0,116.16,25689.0
2025-08-19,6.15,6.48,6.01,6.39,99743,EQ,332.0,300.43,81572.0
2025-08-20,6.33,6.4,6.1,6.27,81446,EQ,189.0,430.93,64336.0
2025-08-21,6.3,6.74,6.25,6.56,80361,EQ,217.0,370.33,68763.0
2025-08-22,6.56,6.85,6.42,6.66,13638,EQ,229.0,59.55,10441.0
2025-08-25,6.66,6.98,6.31,6.65,42162,EQ,176.0,239.56,35226.0
2025-08-26,6.68,6.7,6.54,6.63,28970,EQ,104.0,278.56,25888.0
2025-08-28,6.51,6.76,6.51,6.64,6515,EQ,112.0,58.17,4668.0
2025-08-29,6.7,6.8,6.41,6.46,21246,EQ,132.0,160.95,15738.0
2025-09-01,6.49,6.74,6.47,6.52,10165,EQ,124.0,81.98,8995.0
2025-09-02,6.49,7.17,6.45,7.13,245513,EQ,464.0,529.12,154124.0
2025-09-03,7.34,7.49,7.05,7.38,162674,EQ,497.0,327.31,83870.0
2025-09-04,7.85,8.11,7.7,8.11,413028,EQ,335.0,1232.92,363606.0
2025-09-05,8.49,8.89,8.02,8.22,869315,EQ,1788.0,486.19,474134.0
2025-09-08,8.23,8.49,7.8,7.8,306704,EQ,519.0,590.95,160765.0
2025-09-09,7.6,7.79,7.41,7.47,199925,EQ,410.0,487.62,129613.0
2025-09-10,7.53,7.84,7.11,7.33,384002,EQ,943.0,407.21,147285.0
2025-09-11,7.29,7.32,7.1,7.12,95178,EQ,321.0,296.5,50033.0
2025-09-12,7.2,7.3,6.91,7.04,132308,EQ,452.0,292.72,82860.0
2025-09-15,7.3,7.39,7.08,7.39,148736,EQ,487.0,305.41,109714.0
2025-09-16,7.56,7.75,7.39,7.66,162998,EQ,681.0,239.35,111843.0
2025-09-17,7.81,7.95,7.41,7.6,87567,EQ,534.0,163.98,53045.0
2025-09-18,7.74,7.74,7.35,7.44,74409,EQ,315.0,236.22,49021.0
2025-09-19,7.46,7.7,7.44,7.61,150442,EQ,490.0,307.02,92198.0
2025-09-22,7.7,7.97,7.56,7.63,80495,EQ,568,141.72,39863
2025-09-23,7.71,7.72,7.35,7.38,48141,EQ,326,147.67,32394
2025-09-24,7.38,7.57,7.15,7.18,71632,EQ,300,238.77,47605
2025-09-25,6.95,7.35,6.95,7.13,40298,EQ,191,210.98,32008
2025-09-26,7.33,7.33,6.93,7.01,60673,EQ,173,350.71,34365
2025-09-29,7.04,7.3,6.65,6.7,166003,EQ,339,489.68,96187
2025-09-30,6.8,6.8,6.56,6.61,78101,EQ,298,262.08,45721
2025-10-01,6.5,6.77,6.5,6.7,54904,EQ,238,230.69,40070
2025-10-03,6.82,6.82,6.69,6.79,37607,EQ,256,146.9,28051
2025-10-06,6.79,6.95,6.66,6.7,41086,EQ,246,167.02,25689
2025-10-07,6.6,6.81,6.6,6.74,14442,EQ,139,103.9,11498
2025-10-08,6.8,7.1,6.68,6.96,72097,EQ,268,269.02,50081
2025-10-09,7.09,7.22,6.91,6.96,25475,EQ,184,138.45,17790
2025-10-10,6.99,7.39,6.36,6.74,87888,EQ,256,343.31,60974
2025-10-13,7.1,7.1,6.61,6.72,49541,EQ,239,207.28,17739
2025-10-14,6.76,6.99,6.76,6.85,44027,EQ,178,247.34,38811
2025-10-15,6.8,6.99,6.59,6.66,113720,EQ,301,377.81,88179
2025-10-16,6.84,6.84,6.57,6.67,13533,EQ,160,84.58,11983
2025-10-17,6.69,6.74,6.43,6.56,55711,EQ,159,350.38,33142
2025-10-20,6.57,6.77,6.57,6.7,35049,EQ,117,299.56,22644
2025-10-21,6.85,6.85,6.61,6.74,15114,EQ,133,113.64,13695
2025-10-23,6.83,7.19,6.62,6.84,95476,EQ,288,331.51,67611
2025-10-24,6.94,6.94,6.67,6.75,62964,EQ,191,329.65,43911
2025-10-27,6.79,7.0,6.68,6.7,65366,EQ,245,266.8,43292
2025-10-28,6.62,6.79,6.62,6.65,30251,EQ,177,170.91,24774
2025-10-29,6.6,6.9,6.6,6.74,79581,EQ,277,287.3,63204
2025-10-30,6.8,6.86,6.61,6.61,125020,EQ,296,422.36,99493
2025-10-31,6.62,6.7,6.6,6.61,28019,EQ,218,128.53,25270
2025-11-03,6.61,6.62,6.15,6.34,162052,EQ,425,381.3,124316
2025-11-04,6.22,6.4,6.22,6.31,67670,EQ,246,275.08,50628
2025-11-06,6.37,6.37,6.06,6.15,59519,EQ,316,188.35,43235
2025-11-07,6.25,6.25,5.85,6.07,40202,EQ,311,129.27,26884
2025-11-10,6.24,6.3,6.05,6.13,88773,EQ,283,313.69,51386
2025-11-11,6.01,6.15,5.55,5.94,166319,EQ,478,347.95,112003
2025-11-12,6.1,6.22,5.86,5.94,80531,EQ,266,302.75,59586
2025-11-13,6.04,6.1,5.9,5.92,39859,EQ,242,164.71,32197
2025-11-14,5.92,6.14,5.92,5.98,45030,EQ,207,217.54,29713
2025-11-17,5.98,6.56,5.95,6.49,142315,EQ,508,280.15,95812
2025-11-18,6.69,6.69,6.22,6.33,75657,EQ,303,249.69,46379
2025-11-19,6.38,6.39,6.02,6.24,45804,EQ,192,238.56,32483
2025-11-20,6.07,6.43,6.07,6.15,44523,EQ,182,244.63,28412
2025-11-21,6.06,6.29,6.06,6.15,36034,EQ,158,228.06,27498
2025-11-24,6.06,6.3,6.06,6.24,28004,EQ,118,237.32,20202
2025-11-25,6.29,6.3,6.16,6.19,94341,EQ,164,575.25,87677
2025-11-26,6.15,6.29,6.15,6.16,58880,EQ,186,316.56,48499
2025-11-27,6.27,6.27,6.1,6.2,24848,EQ,103,241.24,19939
2025-11-28,6.17,6.28,6.11,6.16,11195,EQ,101,110.84,9064
2025-12-01,6.16,6.48,6.03,6.09,67515,EQ,201,335.9,57813
2025-12-02,6.3,6.3,6.01,6.09,16657,EQ,112,148.72,13895
2025-12-03,6.06,6.25,6.06,6.19,20330,EQ,121,168.02,16159
2025-12-04,6.07,6.26,5.85,6.04,26651,EQ,165,161.52,21656
2025-12-05,6.1,6.21,5.85,6.0,36398,EQ,183,198.9,30860
2025-12-08,6.14,6.14,5.01,5.64,126535,EQ,432,292.91,77576
2025-12-09,5.64,5.98,5.46,5.89,41404,EQ,267,155.07,32819
2025-12-10,5.95,6.14,5.8,5.9,52523,EQ,202,260.01,29000
2025-12-11,6.0,6.08,5.77,5.91,33996,EQ,179,189.92,15550
2025-12-12,5.97,5.97,5.78,5.91,29937,EQ,156,191.9,25889
2025-12-15,5.9,6.1,5.61,5.86,26756,EQ,194,137.92,17775
2025-12-16,5.86,6.07,5.82,5.91,27761,EQ,144,192.78,16501
2025-12-17,5.91,5.98,5.74,5.82,23303,EQ,183,127.34,21264
2025-12-18,5.82,6.0,5.73,5.76,30705,EQ,141,217.77,24586
2025-12-19,5.76,5.89,5.7,5.8,28205,EQ,118,239.03,23508
2025-12-22,5.8,5.88,5.7,5.71,52358,EQ,197,265.78,45388
2025-12-23,5.56,5.87,5.47,5.52,121900,EQ,366,333.06,103119
2025-12-24,5.6,5.63,5.46,5.5,47190,EQ,156,302.5,40798
2025-12-26,5.61,5.69,5.11,5.22,86816,EQ,595,145.91,64599
2025-12-29,5.5,6.26,5.33,6.24,856585,EQ,1366,627.08,485410
2025-12-30,6.64,6.7,5.76,6.0,1068719,EQ,2086,512.33,426411
2025-12-31,6.25,6.6,5.9,5.96,115569,EQ,736,157.02,53443
2026-01-01,5.95,6.2,5.9,6.03,82738,EQ,462,179.09,50488
2026-01-02,6.08,6.14,5.91,6.04,42320,EQ,277,152.78,25821
2026-01-05,6.06,6.06,5.75,5.82,29971,EQ,385,77.85,23172
2026-01-06,5.83,6.0,5.6,5.86,28640,EQ,232,123.45,22195
2026-01-07,6.2,6.2,5.62,5.93,41878,EQ,293,142.93,18178
2026-01-08,5.95,5.95,5.62,5.76,47779,EQ,192,248.85,42317
2026-01-09,5.95,5.95,5.68,5.71,41371,EQ,209,197.95,33091
2026-01-12,5.82,5.82,5.56,5.66,36916,EQ,171,215.88,29031
2026-01-13,5.72,5.79,5.61,5.64,20812,EQ,133,156.48,12861
2026-01-14,5.57,5.68,5.33,5.53,48584,EQ,218,222.86,35294
2026-01-16,5.7,5.7,5.15,5.29,94949,EQ,398,238.57,69577
2026-01-19,5.32,5.49,4.84,5.17,99797,EQ,307,325.07,67504
2026-01-20,4.9,5.74,4.9,5.41,90089,EQ,404,222.99,60963
2026-01-21,5.42,5.79,5.05,5.15,68731,EQ,503,136.64,51377
2026-01-22,5.16,5.49,5.05,5.17,32110,EQ,180,178.39,21640
2026-01-23,5.06,5.38,5.06,5.17,17385,EQ,212,82.0,10605
2026-01-27,5.17,5.74,5.05,5.1,53775,EQ,194,277.19,30700
2026-01-28,5.2,5.48,5.03,5.37,56011,EQ,195,287.24,30516
2026-01-29,5.37,5.41,5.16,5.23,24632,EQ,128,192.44,181872026-02-01,5.68,5.68,5.0,5.22,61528,EQ,231,266.35,24352
2026-02-02,5.06,5.25,5.06,5.21,24519,EQ,159,154.21,15753
2026-02-03,5.1,5.35,4.6,5.11,62712,EQ,345,181.77,38439
2026-02-04,5.29,5.29,5.07,5.26,24698,EQ,167,147.89,20626
2026-02-05,5.26,5.37,5.12,5.13,12442,EQ,97,128.27,89412026-02-06,5.13,5.37,4.7,5.09,52907,EQ,354,149.45,30996
2026-02-09,5.34,5.34,4.75,5.15,26288,EQ,202,130.14,20319
2026-02-10,5.15,5.33,5.15,5.32,37914,EQ,182,208.32,31353
2026-02-11,5.2,5.4,5.15,5.2,59803,EQ,147,406.82,39838
2026-02-12,5.2,5.4,5.01,5.1,59589,EQ,212,281.08,39264
2026-02-13,5.09,5.23,5.0,5.12,35415,EQ,238,148.8,22677
2026-02-16,5.01,5.19,4.99,5.02,33437,EQ,250,133.75,23121
2026-02-17,5.02,5.27,5.02,5.11,26575,EQ,143,185.84,21537
2026-02-18,5.24,5.24,5.02,5.18,28647,EQ,137,209.1,22837
2026-02-19,5.06,5.28,5.06,5.15,8688,EQ,146,59.51,5825
2026-02-20,5.28,5.28,5.01,5.12,17144,EQ,101,169.74,10357
2026-02-23,5.14,6.14,5.04,5.42,140103,EQ,268,522.77,89519
2026-02-24,5.52,5.65,5.21,5.3,18136,EQ,198,91.6,15385
2026-02-25,5.24,5.45,5.11,5.13,14448,EQ,226,63.93,10645
2026-02-26,5.45,5.75,4.52,5.13,146933,EQ,465,315.98,81272
2026-02-27,5.4,6.0,4.73,5.55,811790,EQ,1233,658.39,117277
2026-03-02,5.48,5.48,5.07,5.18,59644,EQ,298,200.15,42152
2026-03-04,5.07,5.07,4.71,4.99,141952,EQ,379,374.54,104905
2026-03-05,4.9,5.19,4.9,5.07,36713,EQ,228,161.02,31028
2026-03-06,4.92,5.07,4.9,4.91,63547,EQ,182,349.16,52895
2026-03-04,5.07,5.07,4.71,4.99,141952,EQ,379,374.54,104905
2026-03-05,4.9,5.19,4.9,5.07,36713,EQ,228,161.02,31028
2026-03-06,4.92,5.07,4.9,4.91,63547,EQ,182,349.16,52895
2026-03-09,4.98,4.98,4.71,4.87,41144,EQ,226,182.05,28950
2026-03-10,4.98,5.01,4.81,4.94,22337,EQ,104,214.78,17832
2026-03-11,5.01,5.21,4.91,4.98,23679,EQ,254,93.22,18007
2026-03-12,4.72,5.1,4.72,5.0,11305,EQ,185,61.11,6035
2026-03-13,5.03,5.03,4.71,4.84,35695,EQ,181,197.21,28083
2026-03-16,4.95,5.03,4.06,4.14,422473,EQ,1484,284.69,252339
2026-03-17,4.17,4.35,4.14,4.2,125935,EQ,498,252.88,69088
2026-03-18,4.14,4.32,4.14,4.27,62071,EQ,279,222.48,55699
2026-03-19,4.27,4.37,4.15,4.19,20379,EQ,155,131.48,13489
2026-03-20,4.11,4.37,4.11,4.18,40446,EQ,235,172.11,36855
