Date,Open,High,Low,Close,Volume,Series,TOTAL_TRADES,QTY_PER_TRADE,DLV_QTY
2008-05-16,1478.45,1478.45,1438.1,1462.95,931435,EQ,,,
2008-05-20,1449.0,1451.0,1380.55,1392.4,1410954,EQ,,,
2008-05-21,1380.0,1386.0,1355.0,1377.35,2615126,EQ,,,
2008-05-22,1390.0,1390.0,1301.2,1323.75,1596771,EQ,,,
2008-05-23,1333.0,1355.0,1280.2,1290.4,1654737,EQ,,,
2008-05-26,1270.0,1270.0,1230.0,1246.15,1202960,EQ,,,
2008-05-27,1270.0,1295.8,1251.0,1259.9,1778754,EQ,,,
2008-05-28,1270.0,1277.85,1225.0,1272.3,1321562,EQ,,,
2008-05-29,1287.8,1297.0,1210.65,1240.1,1518666,EQ,,,
2008-05-30,1247.85,1270.0,1206.35,1230.25,1621448,EQ,,,
2008-06-02,1232.0,1250.0,1165.0,1170.95,1794846,EQ,,,
2008-06-03,1167.7,1167.7,1085.5,1126.8,2001430,EQ,,,
2008-06-04,1134.0,1134.0,1061.1,1070.45,1820509,EQ,,,
2008-06-05,1067.0,1154.7,1011.05,1128.45,2596462,EQ,,,
2008-06-06,1150.0,1165.0,1083.0,1099.65,2375035,EQ,,,
2008-06-09,1041.0,1080.0,1005.0,1036.45,2458771,EQ,,,
2008-06-10,1043.75,1059.0,976.35,1008.75,2901721,EQ,,,
2008-06-11,1055.55,1067.0,1010.1,1021.8,1289043,EQ,,,
2008-06-12,1010.0,1054.7,980.0,1048.25,1662578,EQ,,,
2008-06-13,1050.0,1069.0,1007.0,1021.9,1354737,EQ,,,
2008-06-16,1055.0,1076.7,1020.0,1061.6,1703613,EQ,,,
2008-06-17,1069.5,1112.0,1045.5,1103.95,1773546,EQ,,,
2008-06-18,1082.55,1126.0,1065.35,1074.55,1349919,EQ,,,
2008-06-19,1059.05,1059.05,1008.0,1013.35,1287814,EQ,,,
2008-06-20,1020.0,1020.0,942.4,959.85,2280245,EQ,,,
2008-06-23,950.05,955.0,901.4,917.5,2036550,EQ,,,
2008-06-24,911.0,938.0,895.6,909.3,2023813,EQ,,,
2008-06-25,899.35,955.0,871.6,946.65,1680817,EQ,,,
2008-06-26,962.0,972.0,930.45,961.15,2880675,EQ,,,
2008-06-27,932.0,940.0,874.55,886.55,2148844,EQ,,,
2008-06-30,870.0,903.0,751.55,783.55,3364022,EQ,,,
2008-07-01,800.0,805.5,688.25,701.35,3850338,EQ,,,
2008-07-02,682.0,805.4,660.25,786.55,6650213,EQ,,,
2008-07-03,818.85,818.85,695.0,723.55,5806414,EQ,,,
2008-07-04,728.8,793.65,703.4,771.8,5032626,EQ,,,
2008-07-07,778.0,839.9,762.8,779.45,3726549,EQ,,,
2008-07-08,755.0,780.0,706.35,755.3,6359569,EQ,,,
2008-07-09,794.9,844.95,785.0,835.75,6049159,EQ,,,
2008-07-10,824.0,862.0,810.1,856.15,5337035,EQ,,,
2008-07-11,875.0,879.0,791.2,801.25,4600690,EQ,,,
2008-07-14,791.0,844.7,781.35,818.05,3859191,EQ,,,
2008-07-15,785.0,799.95,752.35,768.45,2522274,EQ,,,
2008-07-16,779.0,802.6,743.0,766.85,3586631,EQ,,,
2008-07-17,802.15,822.0,771.0,807.3,4166544,EQ,,,
2008-07-18,810.0,864.95,801.1,856.05,3831805,EQ,,,
2008-07-21,872.5,880.0,827.0,859.9,3533092,EQ,,,
2008-07-22,879.0,934.45,840.0,919.6,5638241,EQ,,,
2008-07-23,961.65,1069.9,961.65,1016.7,5186996,EQ,,,
2008-07-24,1001.55,1064.9,996.1,1029.0,5121080,EQ,,,
2008-07-25,1007.0,1016.0,962.0,983.8,3746768,EQ,,,
2008-07-28,995.05,1025.7,975.0,986.5,3513450,EQ,,,
2008-07-29,969.6,975.0,900.0,909.1,3385259,EQ,,,
2008-07-30,944.8,978.95,906.65,971.2,2662575,EQ,,,
2008-07-31,969.0,995.7,955.0,965.1,3591115,EQ,,,
2008-08-01,940.0,1019.0,924.0,1010.25,4242557,EQ,,,
2008-08-04,1001.25,1035.0,991.85,1002.95,3291489,EQ,,,
2008-08-05,999.9,1050.0,995.0,1046.35,3165684,EQ,,,
2008-08-06,1075.0,1093.65,1005.5,1012.25,3325541,EQ,,,
2008-08-07,1011.0,1049.8,1000.0,1024.75,2663926,EQ,,,
2008-08-08,1015.0,1039.0,996.0,1032.0,2494774,EQ,,,
2008-08-11,1074.5,1112.9,1045.0,1101.65,3274190,EQ,,,
2008-08-12,1115.0,1121.0,1073.55,1095.85,3576823,EQ,,,
2008-08-13,1080.0,1105.0,1058.0,1066.2,2548757,EQ,,,
2008-08-14,1060.0,1066.0,980.5,986.15,3049068,EQ,,,
2008-08-18,985.05,1005.0,963.15,972.4,2288440,EQ,,,
2008-08-19,960.0,1003.7,951.0,993.15,2528816,EQ,,,
2008-08-20,995.0,1024.0,995.0,1009.85,2240731,EQ,,,
2008-08-21,1000.0,1008.8,947.1,955.35,2056768,EQ,,,
2008-08-22,938.8,988.5,930.4,980.45,2670454,EQ,,,
2008-08-25,1000.0,1020.0,979.65,985.85,1962906,EQ,,,
2008-08-26,971.0,1004.9,965.0,1001.9,1828531,EQ,,,
2008-08-27,1010.1,1013.05,960.5,965.7,1949165,EQ,,,
2008-08-28,965.9,989.0,923.7,932.95,2693035,EQ,,,
2008-08-29,965.0,998.0,951.0,991.75,2810136,EQ,,,
2008-09-01,984.0,989.35,953.2,983.05,2169062,EQ,,,
2008-09-02,1005.0,1049.85,986.5,1043.0,3333410,EQ,,,
2008-09-04,1025.0,1042.0,997.5,1017.55,2634488,EQ,,,
2008-09-05,999.65,1029.9,975.0,1017.0,2906699,EQ,,,
2008-09-08,1053.0,1109.0,1051.1,1058.55,2863342,EQ,,,
2008-09-09,1040.05,1087.8,1026.55,1071.0,2947419,EQ,,,
2008-09-10,1060.0,1083.0,1017.95,1034.95,2581527,EQ,,,
2008-09-11,1025.0,1026.9,985.0,992.55,2461137,EQ,,,
2008-09-12,1020.0,1020.0,918.1,929.7,4064190,EQ,,,
2008-09-15,905.0,905.0,816.25,839.45,3716304,EQ,,,
2008-09-16,800.0,850.9,775.0,843.35,4506783,EQ,,,
2008-09-17,853.85,853.85,822.0,830.45,3788673,EQ,,,
2008-09-18,710.25,860.0,702.65,848.4,4032820,EQ,,,
2008-09-19,899.0,907.0,864.0,892.05,3495829,EQ,,,
2008-09-22,902.0,915.0,871.05,878.9,3299425,EQ,,,
2008-09-23,860.0,888.7,851.0,863.6,2774940,EQ,,,
2008-09-24,867.0,900.0,867.0,888.35,3014038,EQ,,,
2008-09-25,888.0,897.25,861.0,876.25,2322584,EQ,,,
2008-09-26,851.65,889.8,841.1,849.55,2493118,EQ,,,
2008-09-29,859.0,859.0,772.6,793.7,3468614,EQ,,,
2008-09-30,769.0,819.0,761.0,790.25,4632608,EQ,,,
2008-10-01,800.0,818.7,761.1,780.6,3081429,EQ,,,
2008-10-03,731.0,785.0,730.0,740.65,2801535,EQ,,,
2008-10-06,728.6,728.7,626.0,636.3,3495673,EQ,,,
2008-10-07,655.0,673.8,622.2,649.85,3184761,EQ,,,
2008-10-08,629.0,645.0,578.4,638.55,3139570,EQ,,,
2008-10-10,610.0,610.0,501.0,513.85,4946818,EQ,,,
2008-10-13,525.0,612.95,520.5,599.4,3384740,EQ,,,
2008-10-14,660.0,660.0,625.0,633.0,3546327,EQ,,,
2008-10-15,610.05,620.0,538.1,555.45,3516489,EQ,,,
2008-10-16,529.0,566.7,496.0,557.8,5690706,EQ,,,
2008-10-17,560.0,582.0,480.0,491.0,4480214,EQ,,,
2008-10-20,499.0,521.9,467.35,479.4,4551298,EQ,,,
2008-10-21,485.0,524.8,483.0,505.0,4528647,EQ,,,
2008-10-22,489.9,511.0,470.0,471.9,3878275,EQ,,,
2008-10-23,459.0,488.0,441.25,447.45,4118370,EQ,,,
2008-10-24,412.65,447.6,371.8,382.6,3148617,EQ,,,
2008-10-27,372.0,403.0,352.75,396.45,3355613,EQ,,,
2008-10-28,405.0,444.65,405.0,437.8,854571,EQ,,,
2008-10-29,458.7,462.6,420.25,428.8,3355985,EQ,,,
2008-10-31,444.0,465.35,432.0,457.5,2788013,EQ,,,
2008-11-03,452.65,552.0,452.65,534.4,3983483,EQ,,,
2008-11-04,541.9,549.4,502.0,543.25,4986523,EQ,,,
2008-11-05,588.8,588.8,511.3,520.7,4219207,EQ,,,
2008-11-06,496.0,530.0,491.0,505.55,4795061,EQ,,,
2008-11-07,506.0,572.0,502.35,559.25,4026696,EQ,,,
2008-11-10,571.0,627.9,561.15,623.2,4748951,EQ,,,
2008-11-11,604.5,624.0,565.65,578.45,5502945,EQ,,,
2008-11-12,563.0,596.95,509.3,539.6,6324130,EQ,,,
2008-11-14,588.0,588.0,505.0,512.15,6055275,EQ,,,
2008-11-17,509.7,522.0,452.1,482.3,5535716,EQ,,,
2008-11-18,465.25,496.4,450.5,474.4,5944542,EQ,,,
2008-11-19,475.0,495.0,453.0,457.05,4812674,EQ,,,
2008-11-20,440.0,440.0,414.0,424.8,4042869,EQ,,,
2008-11-21,420.0,505.0,420.0,485.4,4732319,EQ,,,
2008-11-24,478.65,519.2,466.8,503.95,6825572,EQ,,,
2008-11-25,505.0,534.65,495.0,498.5,5321585,EQ,,,
2008-11-26,500.0,522.5,484.0,519.7,5505561,EQ,,,
2008-11-28,515.0,515.0,485.0,503.95,4852418,EQ,,,
2008-12-01,510.0,525.9,454.1,467.15,4596820,EQ,,,
2008-12-02,450.35,498.0,447.25,492.05,6624081,EQ,,,
2008-12-03,503.0,512.5,486.2,506.9,5632046,EQ,,,
2008-12-04,510.0,553.7,500.0,546.15,5070757,EQ,,,
2008-12-05,545.1,561.2,525.0,532.1,4374144,EQ,,,
2008-12-08,548.0,576.95,547.0,553.55,3955925,EQ,,,
2008-12-10,562.0,607.65,553.05,602.35,5287529,EQ,,,
2008-12-11,606.35,619.5,580.1,604.65,5403066,EQ,,,
2008-12-12,585.0,663.85,556.65,650.4,6732914,EQ,,,
2008-12-15,659.7,675.0,642.5,653.65,5025899,EQ,,,
2008-12-16,650.1,650.1,613.1,634.25,5849167,EQ,,,
2008-12-17,644.0,644.0,532.55,544.35,6895356,EQ,,,
2008-12-18,555.0,608.0,540.0,601.05,6781993,EQ,,,
2008-12-19,600.0,636.5,585.35,619.65,7258532,EQ,,,
2008-12-22,624.9,638.45,595.1,601.1,5616718,EQ,,,
2008-12-23,584.8,608.4,578.55,589.5,5528807,EQ,,,
2008-12-24,584.55,595.5,566.35,577.45,4225462,EQ,,,
2008-12-26,582.9,604.9,528.05,543.05,4616755,EQ,,,
2008-12-29,539.9,567.8,518.6,562.05,7767727,EQ,,,
2008-12-30,572.45,595.4,560.6,585.25,5018893,EQ,,,
2008-12-31,591.9,601.8,570.25,579.5,4992242,EQ,,,
2009-01-01,590.0,617.9,583.35,611.95,3596535,EQ,,,
2009-01-02,619.9,639.0,615.0,629.85,4575775,EQ,,,
2009-01-05,640.05,670.0,637.0,666.65,4705274,EQ,,,
2009-01-06,669.9,669.9,631.0,646.75,4721987,EQ,,,
2009-01-07,651.0,661.0,531.0,558.6,5066616,EQ,,,
2009-01-09,526.65,578.8,484.0,508.15,5896495,EQ,,,
2009-01-12,510.0,511.0,466.5,480.65,5242410,EQ,,,
2009-01-13,478.0,510.0,468.0,476.35,4703442,EQ,,,
2009-01-14,485.0,542.0,485.0,523.35,4175314,EQ,,,
2009-01-15,501.05,517.0,480.1,502.9,5224848,EQ,,,
2009-01-16,509.85,548.7,501.35,540.95,4909870,EQ,,,
2009-01-19,543.0,551.0,530.0,535.35,3473443,EQ,,,
2009-01-20,528.7,564.7,514.2,551.4,5627366,EQ,,,
2009-01-21,538.0,553.0,515.0,520.35,5082534,EQ,,,
2009-01-22,525.0,539.4,480.5,486.4,5178697,EQ,,,
2009-01-23,481.4,508.0,474.25,487.3,5231028,EQ,,,
2009-01-27,499.0,545.0,496.0,539.4,5133832,EQ,,,
2009-01-28,544.9,560.0,531.0,556.6,4435618,EQ,,,
2009-01-29,552.0,570.0,544.4,555.85,5146349,EQ,,,
2009-01-30,545.0,588.9,535.55,582.9,5057219,EQ,,,
2009-02-02,574.45,577.2,515.0,520.55,4892157,EQ,,,
2009-02-03,525.0,544.0,505.65,523.15,7464330,EQ,,,
2009-02-04,530.1,544.7,514.0,520.15,5205204,EQ,,,
2009-02-05,522.35,530.0,507.3,519.85,4789797,EQ,,,
2009-02-06,526.9,548.8,526.0,540.85,4202142,EQ,,,
2009-02-09,540.1,581.6,540.1,578.05,4631152,EQ,,,
2009-02-10,575.0,596.9,546.1,563.5,8038633,EQ,,,
2009-02-11,541.05,554.3,527.2,541.3,7623600,EQ,,,
2009-02-12,537.55,561.45,531.55,550.15,5518185,EQ,,,
2009-02-13,559.85,579.6,559.75,569.85,6201076,EQ,,,
2009-02-16,567.9,578.4,527.2,533.25,5317232,EQ,,,
2009-02-17,528.8,528.8,507.65,518.9,4107268,EQ,,,
2009-02-18,548.7,548.7,493.35,501.25,8182341,EQ,,,
2009-02-19,491.65,513.95,491.65,508.4,5773810,EQ,,,
2009-02-20,498.95,504.95,486.2,489.95,3962923,EQ,,,
2009-02-24,480.55,495.9,467.35,489.25,5066859,EQ,,,
2009-02-25,495.0,517.4,495.0,506.85,4389353,EQ,,,
2009-02-26,500.0,514.9,500.0,509.4,4426820,EQ,,,
2009-02-27,508.0,511.4,478.35,491.05,5015380,EQ,,,
2009-03-02,479.0,479.8,442.0,446.45,4548792,EQ,,,
2009-03-03,448.0,459.0,433.2,436.3,6378843,EQ,,,
2009-03-04,440.1,462.0,438.25,456.25,5844424,EQ,,,
2009-03-05,458.0,466.5,436.05,442.5,6048999,EQ,,,
2009-03-06,436.15,455.9,428.4,451.75,6127409,EQ,,,
2009-03-09,440.0,449.0,435.0,439.2,3520748,EQ,,,
2009-03-12,459.0,459.0,436.3,441.95,3863370,EQ,,,
2009-03-13,454.5,469.3,451.3,466.65,3439293,EQ,,,
2009-03-16,470.55,476.4,445.6,464.6,8196415,EQ,,,
2009-03-17,466.0,475.9,458.0,464.35,5110027,EQ,,,
2009-03-18,468.4,495.0,468.4,480.3,5489685,EQ,,,
2009-03-19,486.0,495.0,473.7,485.15,4168118,EQ,,,
2009-03-20,484.0,487.95,471.15,483.1,3696150,EQ,,,
2009-03-23,494.0,537.9,492.1,530.4,4548502,EQ,,,
2009-03-24,530.1,546.7,503.25,508.3,6668222,EQ,,,
2009-03-25,505.0,541.5,505.0,537.65,7216069,EQ,,,
2009-03-26,542.0,569.4,534.15,564.25,6821242,EQ,,,
2009-03-27,525.3,577.85,525.3,567.75,8716120,EQ,,,
2009-03-30,550.05,554.0,496.0,502.85,6663472,EQ,,,
2009-03-31,511.0,532.4,504.35,515.55,7749109,EQ,,,
2009-04-01,520.0,559.7,507.2,550.0,7972831,EQ,,,
2009-04-02,570.0,596.75,564.0,575.25,7310933,EQ,,,
2009-04-06,598.7,615.85,555.6,612.5,12436225,EQ,,,
2009-04-08,591.0,626.0,572.25,618.2,9619007,EQ,,,
2009-04-09,633.8,668.0,612.85,655.1,11075499,EQ,,,
2009-04-13,666.0,679.8,637.35,664.6,6749908,EQ,,,
2009-04-15,650.0,725.65,640.1,710.2,7213876,EQ,,,
2009-04-16,715.2,733.2,628.0,644.85,10297564,EQ,,,
2009-04-17,656.0,697.2,645.5,658.55,7844741,EQ,,,
2009-04-20,674.0,712.45,662.25,696.0,10135889,EQ,,,
2009-04-21,676.2,689.5,662.0,673.85,8346219,EQ,,,
2009-04-22,680.0,702.0,660.05,668.35,6656104,EQ,,,
2009-04-23,672.0,716.65,662.1,712.35,7028200,EQ,,,
2009-04-24,716.0,747.0,703.4,740.5,5775820,EQ,,,
2009-04-27,730.5,751.5,701.35,710.85,5989415,EQ,,,
2009-04-28,712.9,723.9,654.0,661.55,7111375,EQ,,,
2009-04-29,670.0,699.25,670.0,695.2,5903158,EQ,,,
2009-05-04,715.95,768.0,715.95,750.45,4998365,EQ,,,
2009-05-05,751.1,805.4,742.85,795.15,6764431,EQ,,,
2009-05-06,799.4,831.4,781.6,800.8,8494504,EQ,,,
2009-05-07,809.0,832.0,802.0,811.8,5031697,EQ,,,
2009-05-08,814.0,817.0,756.35,768.65,4667154,EQ,,,
2009-05-11,780.0,792.9,746.55,763.0,4574857,EQ,,,
2009-05-12,765.0,795.0,752.0,789.9,4774829,EQ,,,
2009-05-13,796.9,825.0,773.6,798.0,7292609,EQ,,,
2009-05-14,782.9,818.4,765.3,809.6,5545685,EQ,,,
2009-05-15,829.95,847.7,808.35,820.2,4119317,EQ,,,
2009-05-18,889.0,1050.0,889.0,1011.05,17291,EQ,,,
2009-05-19,1050.0,1139.4,907.65,1063.6,7053171,EQ,,,
2009-05-20,1035.0,1127.8,1032.75,1094.25,3189301,EQ,,,
2009-05-21,1070.5,1130.0,1070.5,1112.25,3434265,EQ,,,
2009-05-22,1110.0,1148.0,1081.55,1121.3,3838911,EQ,,,
2009-05-25,1101.0,1148.8,1055.0,1134.05,2367785,EQ,,,
2009-05-26,1125.0,1165.0,1105.5,1121.9,3370927,EQ,,,
2009-05-27,1174.8,1297.0,1146.0,1288.35,6782177,EQ,,,
2009-05-28,1292.0,1312.0,1237.0,1271.9,4423409,EQ,,,
2009-05-29,1280.0,1322.9,1260.2,1272.0,3558149,EQ,,,
2009-06-01,1296.0,1324.4,1285.4,1301.9,2000693,EQ,,,
2009-06-02,1306.2,1319.9,1215.1,1243.15,3516318,EQ,,,
2009-06-03,1274.4,1274.5,1211.2,1231.25,2456732,EQ,,,
2009-06-04,1224.0,1285.0,1212.0,1273.8,2451351,EQ,,,
2009-06-05,1281.1,1292.8,1212.65,1226.75,2001565,EQ,,,
2009-06-08,1240.0,1244.7,1108.55,1123.25,2900571,EQ,,,
2009-06-09,1122.0,1165.05,1095.35,1148.45,2376749,EQ,,,
2009-06-10,1184.0,1246.8,1159.0,1217.0,2623745,EQ,,,
2009-06-11,1224.7,1235.0,1170.0,1192.8,2359690,EQ,,,
2009-06-12,1200.0,1255.0,1170.1,1180.6,3385520,EQ,,,
2009-06-15,1170.0,1247.7,1148.55,1196.9,4129839,EQ,,,
2009-06-16,1185.75,1282.65,1171.15,1269.45,4037989,EQ,,,
2009-06-17,1260.0,1334.5,1240.25,1261.9,5966443,EQ,,,
2009-06-18,1269.0,1296.7,1175.1,1199.95,4228272,EQ,,,
2009-06-19,1230.0,1275.35,1178.55,1262.15,3641587,EQ,,,
2009-06-22,1299.0,1368.7,1200.0,1208.35,3113800,EQ,,,
2009-06-23,1183.0,1234.15,1156.0,1223.4,3942902,EQ,,,
2009-06-24,1240.0,1268.5,1215.65,1259.85,2766886,EQ,,,
2009-06-25,1272.0,1285.0,1224.3,1238.25,2341297,EQ,,,
2009-06-26,1258.95,1271.8,1220.25,1264.5,2353242,EQ,,,
2009-06-29,1269.0,1299.9,1252.0,1268.4,2287582,EQ,,,
2009-06-30,1282.0,1283.4,1183.3,1196.7,2497739,EQ,,,
2009-07-01,1210.0,1246.8,1165.05,1232.35,3097228,EQ,,,
2009-07-02,1245.0,1268.0,1211.1,1252.85,3177001,EQ,,,
2009-07-03,1206.65,1299.8,1206.65,1291.85,2721999,EQ,,,
2009-07-06,1311.0,1346.95,1106.15,1130.75,7186766,EQ,,,
2009-07-07,1150.0,1172.0,1095.1,1157.5,4413579,EQ,,,
2009-07-08,1129.1,1145.0,1063.15,1074.6,4587341,EQ,,,
2009-07-09,1091.0,1119.0,1055.2,1100.75,3643511,EQ,,,
2009-07-10,1110.0,1121.8,1005.0,1028.15,3666472,EQ,,,
2009-07-13,1009.0,1016.4,951.0,964.45,4247485,EQ,,,
2009-07-14,992.0,1057.0,988.8,1054.1,3764683,EQ,,,
2009-07-15,1071.0,1111.0,1061.5,1104.7,2774762,EQ,,,
2009-07-16,1133.0,1135.8,1033.3,1060.4,3679959,EQ,,,
2009-07-17,1075.1,1166.65,1075.1,1152.6,4395327,EQ,,,
2009-07-20,1162.25,1178.0,1099.3,1134.8,3559477,EQ,,,
2009-07-21,1135.5,1172.75,1111.15,1127.75,3644220,EQ,,,
2009-07-22,1140.0,1168.9,1076.45,1090.7,3450204,EQ,,,
2009-07-23,1106.65,1176.85,1106.65,1166.15,3403715,EQ,,,
2009-07-24,1196.0,1199.0,1136.4,1168.8,3912894,EQ,,,
2009-07-27,1174.9,1187.5,1141.0,1163.7,2779521,EQ,,,
2009-07-28,1170.0,1223.4,1157.0,1210.4,3600651,EQ,,,
2009-07-29,1204.85,1213.7,1130.0,1165.2,4176112,EQ,,,
2009-07-30,1169.0,1192.9,1138.2,1184.0,2596338,EQ,,,
2009-07-31,1205.0,1223.9,1185.5,1205.55,2679755,EQ,,,
2009-08-03,1210.0,1242.0,1173.65,1221.95,2482334,EQ,,,
2009-08-04,1230.0,1233.0,1168.0,1187.45,3424337,EQ,,,
2009-08-05,1209.8,1225.0,1195.0,1213.2,3431332,EQ,,,
2009-08-06,1205.0,1228.0,1168.0,1175.95,3201691,EQ,,,
2009-08-07,1164.45,1173.0,1132.0,1146.8,2934723,EQ,,,
2009-08-10,1165.0,1186.0,1136.4,1143.1,2509231,EQ,,,
2009-08-11,1150.0,1171.7,1126.1,1140.7,1979142,EQ,,,
2009-08-12,1126.0,1137.0,1095.5,1129.25,2246821,EQ,,,
2009-08-13,1146.0,1174.0,1140.1,1167.5,1762735,EQ,,,
2009-08-14,1160.05,1206.0,1156.65,1188.15,2152292,EQ,,,
2009-08-17,1156.0,1172.0,1096.05,1110.65,2236508,EQ,,,
2009-08-18,1115.0,1155.0,1098.6,1135.35,2154893,EQ,,,
2009-08-19,1112.65,1144.8,1067.4,1081.3,2622833,EQ,,,
2009-08-20,1110.0,1113.0,1088.75,1094.85,2000382,EQ,,,
2009-08-21,1089.0,1117.35,1072.75,1107.3,2108820,EQ,,,
2009-08-24,1147.0,1147.0,1126.05,1137.75,1275026,EQ,,,
2009-08-25,1126.0,1154.0,1082.0,1140.5,2200977,EQ,,,
2009-08-26,1140.5,1157.4,1102.85,1147.0,1488190,EQ,,,
2009-08-27,1144.0,1152.0,1131.0,1139.5,1876598,EQ,,,
2009-08-28,1138.0,1175.0,1130.0,1169.4,2468851,EQ,,,
2009-08-31,1162.0,1168.0,1140.25,1145.75,1601704,EQ,,,
2009-09-01,1155.0,1172.0,1108.1,1124.75,1707205,EQ,,,
2009-09-02,1114.95,1137.55,1108.2,1121.25,1587999,EQ,,,
2009-09-03,1126.0,1141.4,1115.0,1118.75,1005003,EQ,,,
2009-09-04,1125.0,1147.95,1109.25,1143.85,1253824,EQ,,,
2009-09-07,1150.0,1166.0,1145.0,1160.6,1036009,EQ,,,
2009-09-08,1169.0,1229.0,1166.1,1204.65,3409991,EQ,,,
2009-09-09,1210.0,1210.0,1180.05,1192.35,1547714,EQ,,,
2009-09-10,1210.0,1216.5,1167.0,1174.0,1540246,EQ,,,
2009-09-11,1182.0,1188.8,1154.2,1164.9,1254015,EQ,,,
2009-09-14,1159.95,1179.9,1150.0,1169.65,917413,EQ,,,
2009-09-15,1209.9,1212.0,1178.8,1204.2,1273070,EQ,,,
2009-09-16,1220.0,1225.45,1183.05,1191.0,1641852,EQ,,,
2009-09-17,1205.0,1208.4,1170.0,1191.5,1156062,EQ,,,
2009-09-18,1180.0,1261.0,1180.0,1243.15,3296713,EQ,,,
2009-09-22,1245.0,1260.0,1228.0,1245.75,1817581,EQ,,,
2009-09-23,1230.05,1249.7,1212.1,1216.7,1407440,EQ,,,
2009-09-24,1200.35,1224.9,1193.6,1215.0,1515440,EQ,,,
2009-09-25,1191.0,1226.8,1191.0,1207.3,1420648,EQ,,,
2009-09-29,1220.0,1224.0,1203.0,1214.4,997134,EQ,,,
2009-09-30,1215.0,1238.4,1205.35,1221.25,1465823,EQ,,,
2009-10-01,1224.0,1229.9,1200.0,1207.0,889432,EQ,,,
2009-10-05,1190.0,1250.0,1185.65,1221.2,1899557,EQ,,,
2009-10-06,1225.1,1292.0,1192.35,1283.35,3089143,EQ,,,
2009-10-07,1298.0,1319.0,1261.25,1268.9,2804230,EQ,,,
2009-10-08,1283.0,1339.7,1270.2,1331.65,2348406,EQ,,,
2009-10-09,1340.0,1343.4,1285.65,1293.6,1635320,EQ,,,
2009-10-12,1310.0,1369.7,1296.0,1358.0,2715587,EQ,,,
2009-10-14,1360.1,1404.5,1308.4,1320.3,3549567,EQ,,,
2009-10-15,1322.0,1340.0,1267.85,1276.85,2622525,EQ,,,
2009-10-16,1282.0,1320.0,1279.45,1296.4,1470694,EQ,,,
2009-10-17,1317.65,1317.65,1287.55,1298.8,248490,EQ,,,
2009-10-20,1303.0,1324.0,1286.2,1304.3,1722114,EQ,,,
2009-10-21,1300.0,1324.95,1285.0,1290.55,1366836,EQ,,,
2009-10-22,1294.3,1295.0,1241.0,1250.2,1483379,EQ,,,
2009-10-23,1270.0,1275.0,1222.8,1231.1,1225475,EQ,,,
2009-10-26,1239.0,1245.0,1190.1,1201.3,1192728,EQ,,,
2009-10-27,1195.0,1195.0,1150.0,1163.3,1248397,EQ,,,
2009-10-28,1159.55,1177.0,1130.1,1138.65,1041561,EQ,,,
2009-10-29,1150.0,1150.0,1093.5,1108.8,1476551,EQ,,,
2009-10-30,1124.95,1141.0,1045.0,1056.35,2255269,EQ,,,
2009-11-03,1055.0,1060.8,975.0,991.45,3325789,EQ,,,
2009-11-04,1010.0,1038.85,990.2,1030.9,1753614,EQ,,,
2009-11-05,1028.0,1100.0,996.0,1088.8,2480611,EQ,,,
2009-11-06,1137.0,1142.0,1080.05,1093.1,2398105,EQ,,,
2009-11-09,1100.0,1123.0,1073.8,1117.05,1619178,EQ,,,
2009-11-10,1130.0,1183.4,1093.0,1100.85,3308496,EQ,,,
2009-11-11,1101.0,1172.9,1101.0,1162.55,1897248,EQ,,,
2009-11-12,1163.0,1173.6,1125.0,1141.7,1910196,EQ,,,
2009-11-13,1140.1,1167.9,1122.0,1154.8,1640127,EQ,,,
2009-11-16,1169.0,1176.75,1157.0,1166.1,1224810,EQ,,,
2009-11-17,1166.0,1198.0,1146.1,1188.9,1868635,EQ,,,
2009-11-18,1200.0,1200.0,1140.0,1145.8,2692548,EQ,,,
2009-11-19,1154.0,1158.9,1096.55,1103.95,2026368,EQ,,,
2009-11-20,1100.0,1109.5,1063.0,1098.45,2931838,EQ,,,
2009-11-23,1089.0,1109.0,1075.0,1090.6,1881967,EQ,,,
2009-11-24,1100.0,1100.0,1057.7,1070.65,2143800,EQ,,,
2009-11-25,1065.0,1086.7,1051.15,1059.7,2894471,EQ,,,
2009-11-26,1058.0,1067.7,1025.35,1033.7,2117733,EQ,,,
2009-11-27,1015.65,1048.0,990.15,1041.2,2242308,EQ,,,
2009-11-30,1057.0,1069.9,1041.4,1047.45,1460648,EQ,,,
2009-12-01,1055.9,1092.4,1051.15,1080.6,2270244,EQ,,,
2009-12-02,1090.0,1090.0,1055.1,1060.6,1296074,EQ,,,
2009-12-03,1066.75,1082.0,1047.15,1056.6,1854140,EQ,,,
2009-12-04,1049.0,1089.0,1044.2,1065.65,2006677,EQ,,,
2009-12-07,1065.0,1073.65,1045.2,1051.05,1428921,EQ,,,
2009-12-08,1040.0,1076.0,1031.35,1074.1,1160847,EQ,,,
2009-12-09,1065.0,1068.8,1050.15,1054.45,1406703,EQ,,,
2009-12-10,1057.0,1076.55,1051.0,1062.5,1170336,EQ,,,
2009-12-11,1072.1,1078.5,1053.1,1067.4,1381674,EQ,,,
2009-12-14,1070.0,1084.4,1052.25,1057.7,1286253,EQ,,,
2009-12-15,1060.0,1071.0,1032.35,1041.55,1121749,EQ,,,
2009-12-16,1045.0,1051.8,1023.95,1039.95,1173025,EQ,,,
2009-12-17,1030.0,1043.95,988.0,1033.45,1353297,EQ,,,
2009-12-18,1028.0,1040.0,1021.65,1029.0,1024506,EQ,,,
2009-12-21,1030.1,1036.5,1021.0,1026.9,919554,EQ,,,
2009-12-22,1035.0,1046.0,1031.35,1035.7,654809,EQ,,,
2009-12-23,1041.0,1075.5,1036.0,1069.75,1224756,EQ,,,
2009-12-24,1075.0,1109.9,1070.35,1102.65,2101579,EQ,,,
2009-12-29,1108.0,1143.7,1102.2,1131.75,1851093,EQ,,,
2009-12-30,1135.0,1157.0,1130.35,1150.35,1726534,EQ,,,
2009-12-31,1125.0,1163.2,1117.85,1146.75,1276482,EQ,,,
2010-01-04,1152.0,1176.6,1133.2,1171.35,1322373,EQ,,,
2010-01-05,1180.4,1198.0,1173.15,1192.3,1728903,EQ,,,
2010-01-06,1194.9,1196.8,1159.55,1163.75,1790902,EQ,,,
2010-01-07,1168.0,1181.65,1158.35,1165.8,951911,EQ,,,
2010-01-08,1197.0,1197.0,1153.55,1164.05,1184570,EQ,,,
2010-01-11,1180.9,1180.9,1158.9,1161.6,1069958,EQ,,,
2010-01-12,1164.1,1167.55,1125.0,1133.35,1483132,EQ,,,
2010-01-13,1127.0,1148.0,1115.45,1139.7,1357355,EQ,,,
2010-01-14,1148.55,1148.9,1120.1,1125.1,1110021,EQ,,,
2010-01-15,1138.7,1140.9,1122.1,1126.05,753041,EQ,,,
2010-01-18,1123.0,1142.8,1120.05,1128.75,845596,EQ,,,
2010-01-19,1131.0,1153.05,1120.4,1123.2,1985973,EQ,,,
2010-01-20,1139.0,1141.35,1104.1,1109.9,1051072,EQ,,,
2010-01-21,1110.0,1116.0,1067.8,1074.1,1101724,EQ,,,
2010-01-22,1060.0,1075.0,1044.0,1058.85,1089693,EQ,,,
2010-01-25,1053.0,1068.8,1045.0,1061.6,619343,EQ,,,
2010-01-27,1054.7,1061.25,1023.0,1032.6,1530056,EQ,,,
2010-01-28,1045.15,1048.7,1029.1,1035.2,1085087,EQ,,,
2010-01-29,1029.55,1049.7,991.3,1034.2,1491610,EQ,,,
2010-02-01,1029.0,1060.0,1017.3,1043.0,992922,EQ,,,
2010-02-02,1053.75,1054.4,1023.0,1029.25,901864,EQ,,,
2010-02-03,1035.0,1059.25,1032.05,1040.4,985304,EQ,,,
2010-02-04,1040.1,1048.9,1026.0,1037.1,988691,EQ,,,
2010-02-05,1020.0,1047.95,1008.35,1034.5,1321133,EQ,,,
2010-02-06,1040.0,1047.75,1030.05,1037.4,125921,EQ,,,
2010-02-08,1040.0,1046.4,1003.1,1041.15,967745,EQ,,,
2010-02-09,1041.0,1074.1,1023.3,1058.9,1030109,EQ,,,
2010-02-10,1073.0,1081.0,1046.2,1054.25,1344615,EQ,,,
2010-02-11,1060.05,1077.6,1055.8,1063.5,681194,EQ,,,
2010-02-15,1065.1,1070.95,1037.55,1044.8,615039,EQ,,,
2010-02-16,1050.0,1057.4,1038.35,1049.75,535813,EQ,,,
2010-02-17,1060.0,1069.0,1041.1,1050.95,623077,EQ,,,
2010-02-18,1056.7,1056.7,1021.2,1027.25,680473,EQ,,,
2010-02-19,1030.2,1030.2,1000.0,1003.2,1161054,EQ,,,
2010-02-22,1022.0,1026.4,985.0,987.65,1309958,EQ,,,
2010-02-23,985.0,994.9,970.25,975.65,1469002,EQ,,,
2010-02-24,965.0,988.0,961.0,963.75,917399,EQ,,,
2010-02-25,970.1,972.7,951.5,958.6,1505423,EQ,,,
2010-02-26,953.0,1016.0,950.1,1003.45,2804251,EQ,,,
2010-03-02,1016.0,1026.0,976.5,994.75,1451695,EQ,,,
2010-03-03,999.0,1019.0,995.05,1005.85,1022233,EQ,,,
2010-03-04,1007.0,1030.0,1005.55,1025.0,1135753,EQ,,,
2010-03-05,1034.5,1041.85,1025.5,1037.1,938489,EQ,,,
2010-03-08,1045.45,1049.4,1008.8,1018.8,1115232,EQ,,,
2010-03-09,1022.0,1024.65,997.8,1000.8,1137309,EQ,,,
2010-03-10,1006.0,1019.7,996.3,1002.45,1862692,EQ,,,
2010-03-11,1006.3,1007.9,989.65,1001.45,1114042,EQ,,,
2010-03-12,1004.9,1006.5,991.15,999.55,1181201,EQ,,,
2010-03-15,995.0,995.0,968.0,975.45,1260729,EQ,,,
2010-03-16,980.0,994.6,971.5,991.05,1329089,EQ,,,
2010-03-17,994.4,1016.0,994.4,1000.35,1393494,EQ,,,
2010-03-18,1001.5,1020.7,994.5,1016.4,1046985,EQ,,,
2010-03-19,1020.0,1029.75,1010.1,1024.7,989593,EQ,,,
2010-03-22,1010.0,1028.0,950.15,1015.35,925497,EQ,,,
2010-03-23,1020.0,1028.0,1012.0,1023.55,1122196,EQ,,,
2010-03-25,1028.5,1121.5,1018.95,1023.2,1539111,EQ,,,
2010-03-26,1032.0,1032.0,1002.0,1006.05,1779117,EQ,,,
2010-03-29,1013.0,1015.0,997.1,1003.6,1164124,EQ,,,
2010-03-30,1008.0,1012.0,990.0,992.45,767084,EQ,,,
2010-03-31,995.0,1013.65,995.0,999.05,965572,EQ,,,
2010-04-01,1008.7,1027.4,1001.0,1015.1,1720961,EQ,,,
2010-04-05,1025.0,1072.4,1025.0,1066.55,1855297,EQ,,,
2010-04-06,1071.15,1098.0,1063.2,1087.8,1653853,EQ,,,
2010-04-07,1089.9,1119.4,1083.75,1108.5,1945570,EQ,,,
2010-04-08,1103.0,1125.0,1085.65,1096.15,2107377,EQ,,,
2010-04-09,1099.0,1114.0,1096.5,1101.55,702441,EQ,,,
2010-04-12,1109.8,1118.5,1084.5,1104.2,1040824,EQ,,,
2010-04-13,1107.0,1124.95,1094.3,1118.9,1221971,EQ,,,
2010-04-15,1125.0,1147.8,1114.65,1122.45,1646950,EQ,,,
2010-04-16,1120.0,1129.9,1103.2,1116.55,1193408,EQ,,,
2010-04-19,1100.0,1110.8,1083.95,1088.75,1038043,EQ,,,
2010-04-20,1094.0,1124.95,1090.0,1116.45,909342,EQ,,,
2010-04-21,1129.0,1141.0,1123.35,1138.95,1055590,EQ,,,
2010-04-22,1139.2,1155.0,1116.7,1127.2,1451359,EQ,,,
2010-04-23,1129.9,1136.8,1113.3,1123.25,737827,EQ,,,
2010-04-26,1131.9,1133.5,1110.95,1115.8,434660,EQ,,,
2010-04-27,1115.0,1144.9,1110.0,1136.25,1080999,EQ,,,
2010-04-28,1120.5,1130.0,1106.5,1114.45,964665,EQ,,,
2010-04-29,1109.3,1130.0,1109.3,1125.5,772044,EQ,,,
2010-04-30,1128.0,1158.4,1126.0,1137.4,809131,EQ,,,
2010-05-03,1134.55,1134.55,1096.6,1101.55,781161,EQ,,,
2010-05-04,1113.5,1113.5,1080.0,1084.25,963882,EQ,,,
2010-05-05,1078.0,1078.0,1040.1,1055.25,848711,EQ,,,
2010-05-06,1060.0,1066.6,1035.0,1056.4,941772,EQ,,,
2010-05-07,1048.0,1076.9,972.35,978.45,3354945,EQ,,,
2010-05-10,986.0,1084.5,981.25,1064.65,2817210,EQ,,,
2010-05-11,1065.0,1069.0,1007.1,1011.0,1482625,EQ,,,
2010-05-12,1015.0,1027.9,991.8,997.55,2073182,EQ,,,
2010-05-13,1008.0,1035.0,1008.0,1027.55,1198775,EQ,,,
2010-05-14,1015.0,1040.75,1013.0,1025.9,1501979,EQ,,,
2010-05-17,1015.0,1015.0,965.0,997.6,1903861,EQ,,,
2010-05-18,1000.0,1017.0,995.0,999.45,1287858,EQ,,,
2010-05-19,984.0,1010.0,954.0,962.5,2095165,EQ,,,
2010-05-20,967.0,999.9,960.0,982.95,1661999,EQ,,,
2010-05-21,965.5,997.0,955.5,989.1,1397528,EQ,,,
2010-05-24,1009.0,1106.45,1005.0,1048.4,4458478,EQ,,,
2010-05-25,1038.0,1043.4,1005.95,1030.3,2053591,EQ,,,
2010-05-26,1042.0,1053.85,1020.1,1044.75,1192427,EQ,,,
2010-05-27,1045.0,1065.0,1023.4,1054.6,1303635,EQ,,,
2010-05-28,1068.0,1073.0,1038.1,1057.2,1220309,EQ,,,
2010-05-31,1063.0,1072.0,1045.2,1067.35,827633,EQ,,,
2010-06-01,1064.0,1098.45,1034.0,1044.3,2078581,EQ,,,
2010-06-02,1042.9,1090.0,1042.9,1085.1,1672999,EQ,,,
2010-06-03,1100.0,1111.15,1091.0,1100.85,1621416,EQ,,,
2010-06-04,1100.0,1117.4,1093.55,1110.65,1272401,EQ,,,
2010-06-07,1071.0,1089.5,1066.35,1082.9,880997,EQ,,,
2010-06-08,1095.0,1097.9,1047.0,1057.75,1412881,EQ,,,
2010-06-09,1060.0,1088.45,1058.7,1068.75,1144325,EQ,,,
2010-06-10,1074.0,1129.8,1072.0,1121.55,2167752,EQ,,,
2010-06-11,1136.0,1142.05,1106.65,1112.55,1604198,EQ,,,
2010-06-14,1118.0,1164.9,1116.05,1160.55,2435602,EQ,,,
2010-06-15,1135.5,1194.0,1117.85,1183.6,2861328,EQ,,,
2010-06-16,1190.05,1209.25,1168.05,1177.55,3036728,EQ,,,
2010-06-17,1132.85,1206.8,1132.85,1198.4,2193987,EQ,,,
2010-06-18,1185.0,1207.0,1158.2,1163.1,2785961,EQ,,,
2010-06-21,1173.0,1195.8,1160.7,1188.3,1737676,EQ,,,
2010-06-22,1181.0,1198.95,1164.2,1171.1,2747048,EQ,,,
2010-06-23,1169.0,1192.0,1162.0,1185.5,1555554,EQ,,,
2010-06-24,1185.0,1194.0,1156.2,1162.1,1667172,EQ,,,
2010-06-25,1159.0,1192.75,1155.65,1167.2,1838821,EQ,,,
2010-06-28,1174.0,1221.8,1171.6,1214.65,2297290,EQ,,,
2010-06-29,1210.0,1224.0,1173.0,1180.5,1969312,EQ,,,
2010-06-30,1171.0,1210.0,1165.1,1201.0,1676591,EQ,,,
2010-07-01,1190.0,1217.9,1177.2,1210.7,2335934,EQ,,,
2010-07-02,1212.0,1219.8,1189.0,1197.0,2010715,EQ,,,
2010-07-05,1209.55,1210.8,1182.15,1188.55,1170485,EQ,,,
2010-07-06,1208.6,1208.6,1185.0,1193.2,1045152,EQ,,,
2010-07-07,1189.5,1204.4,1183.8,1187.85,1350572,EQ,,,
2010-07-08,1199.2,1206.0,1176.0,1181.25,1192613,EQ,,,
2010-07-09,1187.0,1191.4,1169.9,1172.6,1085433,EQ,,,
2010-07-12,1180.0,1185.0,1142.1,1148.3,2534433,EQ,,,
2010-07-13,1152.5,1160.0,1143.9,1149.4,2073314,EQ,,,
2010-07-14,1160.0,1169.2,1136.0,1142.05,2344992,EQ,,,
2010-07-15,1145.0,1160.85,1136.3,1149.95,1030785,EQ,,,
2010-07-16,1178.0,1178.0,1146.0,1152.05,857526,EQ,,,
2010-07-19,1136.45,1153.1,1134.85,1139.65,926174,EQ,,,
2010-07-20,1155.0,1158.95,1139.0,1143.15,835305,EQ,,,
2010-07-21,1149.0,1151.6,1137.8,1139.7,1169409,EQ,,,
2010-07-22,1141.0,1141.0,1128.0,1130.75,1609109,EQ,,,
2010-07-23,1140.0,1153.8,1132.0,1137.45,1179758,EQ,,,
2010-07-26,1143.5,1146.0,1132.0,1137.1,515699,EQ,,,
2010-07-27,1140.5,1158.0,1135.0,1147.6,724360,EQ,,,
2010-07-28,1155.0,1161.0,1139.05,1143.8,910421,EQ,,,
2010-07-29,1144.5,1153.75,1127.7,1130.65,1244550,EQ,,,
2010-07-30,1125.0,1131.0,1102.25,1108.6,920058,EQ,,,
2010-08-02,1118.0,1131.4,1110.1,1116.6,777146,EQ,,,
2010-08-03,1121.0,1141.0,1100.0,1120.9,1109192,EQ,,,
2010-08-04,1125.0,1146.75,1116.85,1140.15,1240995,EQ,,,
2010-08-05,1145.0,1145.0,1113.0,1116.65,706845,EQ,,,
2010-08-06,1118.0,1131.0,1105.0,1109.55,888580,EQ,,,
2010-08-09,1110.0,1124.15,1108.3,1117.45,682289,EQ,,,
2010-08-10,1117.45,1121.2,1106.2,1113.45,664130,EQ,,,
2010-08-11,1115.0,1120.5,1087.05,1094.7,736083,EQ,,,
2010-08-12,1091.95,1113.85,1077.2,1094.3,656385,EQ,,,
2010-08-13,1105.0,1112.0,1078.4,1083.75,689897,EQ,,,
2010-08-16,1085.0,1089.25,1036.0,1046.8,957285,EQ,,,
2010-08-17,1048.0,1055.55,1028.5,1032.75,1033863,EQ,,,
2010-08-18,1053.0,1064.9,1022.25,1041.3,1117308,EQ,,,
2010-08-19,1049.9,1077.8,1030.8,1063.25,1333762,EQ,,,
2010-08-20,1070.0,1074.9,1052.1,1070.3,690297,EQ,,,
2010-08-23,1079.9,1079.9,1041.55,1045.15,943213,EQ,,,
2010-08-24,1045.15,1054.0,1021.0,1024.45,1010983,EQ,,,
2010-08-25,1026.5,1029.65,1008.6,1013.65,895835,EQ,,,
2010-08-26,1019.0,1025.9,995.0,1003.55,1216087,EQ,,,
2010-08-27,1006.0,1006.45,980.5,983.15,990971,EQ,,,
2010-08-30,998.45,1009.7,985.4,998.1,1124883,EQ,,,
2010-08-31,998.1,1010.0,982.55,1001.9,1467864,EQ,,,
2010-09-01,1007.0,1030.9,990.7,1022.75,1174067,EQ,,,
2010-09-02,1035.0,1036.6,1011.0,1015.65,1080603,EQ,,,
2010-09-03,1022.0,1038.0,1012.8,1033.35,894885,EQ,,,
2010-09-06,1030.45,1050.5,1028.1,1045.5,839371,EQ,,,
2010-09-07,1050.0,1053.8,1035.55,1042.25,763444,EQ,,,
2010-09-08,1041.0,1042.0,1020.2,1025.75,645386,EQ,,,
2010-09-09,1030.0,1034.9,1007.0,1011.25,880577,EQ,,,
2010-09-13,1021.0,1062.5,1018.7,1055.75,1500008,EQ,,,
2010-09-14,1060.0,1083.0,1052.15,1057.1,1349694,EQ,,,
2010-09-15,1065.0,1081.6,1056.0,1069.95,1191499,EQ,,,
2010-09-16,1070.0,1076.95,1050.5,1053.5,752736,EQ,,,
2010-09-17,1053.0,1070.5,1053.0,1061.55,616866,EQ,,,
2010-09-20,1070.0,1093.0,1062.25,1087.55,1125364,EQ,,,
2010-09-21,1097.0,1098.4,1071.3,1076.65,897524,EQ,,,
2010-09-22,1085.8,1089.9,1055.0,1066.85,927212,EQ,,,
2010-09-23,1064.3,1069.6,1051.0,1062.25,535114,EQ,,,
2010-09-24,1062.05,1092.0,1054.0,1075.55,1102371,EQ,,,
2010-09-27,1076.5,1094.0,1076.5,1081.05,699418,EQ,,,
2010-09-28,1078.35,1113.0,1078.35,1109.05,1142834,EQ,,,
2010-09-29,1124.0,1124.0,1080.25,1084.5,766931,EQ,,,
2010-09-30,1089.0,1091.75,1057.0,1069.1,771864,EQ,,,
2010-10-01,1075.9,1089.4,1070.5,1083.1,614314,EQ,,,
2010-10-04,1077.0,1096.7,1072.2,1082.4,495539,EQ,,,
2010-10-05,1082.4,1120.7,1081.2,1114.05,1318060,EQ,,,
2010-10-06,1125.0,1131.9,1110.0,1121.3,1036020,EQ,,,
2010-10-07,1120.05,1135.0,1082.2,1088.3,1068169,EQ,,,
2010-10-08,1121.0,1121.0,1062.55,1074.35,735349,EQ,,,
2010-10-11,1081.0,1107.65,1075.85,1096.7,918082,EQ,,,
2010-10-12,1055.15,1103.45,1055.15,1077.9,535078,EQ,,,
2010-10-13,1082.0,1101.7,1078.55,1097.25,643015,EQ,,,
2010-10-14,1103.0,1107.9,1072.25,1076.05,646630,EQ,,,
2010-10-15,1082.45,1087.0,1060.5,1066.45,464663,EQ,,,
2010-10-18,1118.0,1118.0,1050.0,1074.35,583794,EQ,,,
2010-10-19,1094.0,1094.0,1058.0,1065.7,468977,EQ,,,
2010-10-20,1060.0,1067.25,1048.15,1053.0,398743,EQ,,,
2010-10-21,1060.0,1070.0,1054.0,1061.55,467950,EQ,,,
2010-10-22,1072.95,1072.95,1047.35,1053.0,581099,EQ,,,
2010-10-25,1059.75,1069.5,1057.0,1061.8,474731,EQ,,,
2010-10-26,1062.05,1076.9,1060.5,1071.15,604925,EQ,,,
2010-10-27,1071.3,1076.5,1050.05,1065.7,847251,EQ,,,
2010-10-28,1068.0,1076.9,1050.0,1054.7,1565057,EQ,,,
2010-10-29,1064.0,1064.0,1025.05,1036.0,480851,EQ,,,
2010-11-01,1044.8,1054.4,1042.55,1048.9,220354,EQ,,,
2010-11-02,1050.0,1054.05,1035.15,1042.35,330739,EQ,,,
2010-11-03,1046.1,1053.4,1037.2,1042.1,289665,EQ,,,
2010-11-04,1051.2,1057.8,1042.25,1049.5,669791,EQ,,,
2010-11-05,1051.0,1055.0,1048.1,1050.9,77775,EQ,,,
2010-11-08,1053.2,1065.0,1052.5,1058.0,514967,EQ,,,
2010-11-09,1064.0,1065.0,1044.8,1046.7,658401,EQ,,,
2010-11-10,1047.05,1065.0,1044.5,1050.85,468145,EQ,,,
2010-11-11,1054.0,1075.0,1048.5,1062.3,992533,EQ,,,
2010-11-12,1065.0,1072.0,1042.0,1049.4,978712,EQ,,,
2010-11-15,1044.0,1052.0,1016.0,1026.75,497892,EQ,,,
2010-11-16,1030.0,1031.9,987.65,993.15,605829,EQ,,,
2010-11-18,1013.0,1013.7,970.05,1000.35,760953,EQ,,,
2010-11-19,1000.0,1000.0,936.65,946.05,965517,EQ,,,
2010-11-22,953.0,958.6,925.7,947.5,803695,EQ,,,
2010-11-23,938.0,957.75,921.1,939.85,1131554,EQ,,,
2010-11-24,942.4,953.4,927.95,933.2,705558,EQ,,,
2010-11-25,936.1,939.5,900.1,908.8,1385058,EQ,,,
2010-11-26,910.0,914.45,845.1,853.8,1575308,EQ,,,
2010-11-29,858.5,858.5,807.35,823.6,1754511,EQ,,,
2010-11-30,822.0,853.0,810.0,844.15,1279723,EQ,,,
2010-12-01,848.8,881.8,841.0,871.6,752062,EQ,,,
2010-12-02,886.0,892.0,868.45,874.95,856972,EQ,,,
2010-12-03,877.2,879.85,830.1,836.45,1086330,EQ,,,
2010-12-06,843.0,859.0,828.1,831.0,800003,EQ,,,
2010-12-07,831.0,844.7,825.35,832.8,919489,EQ,,,
2010-12-08,834.7,837.7,821.0,833.95,684668,EQ,,,
2010-12-09,837.7,837.7,758.0,776.95,1695597,EQ,,,
2010-12-10,777.0,801.7,751.15,780.15,1622420,EQ,,,
2010-12-13,792.15,815.4,781.9,811.05,1199486,EQ,,,
2010-12-14,815.5,836.2,803.65,832.3,977078,EQ,,,
2010-12-15,831.0,841.0,816.0,824.65,632441,EQ,,,
2010-12-16,824.0,832.9,811.15,829.3,601171,EQ,,,
2010-12-20,830.0,831.8,807.0,809.2,553707,EQ,,,
2010-12-21,815.0,821.1,806.6,808.55,572008,EQ,,,
2010-12-22,815.0,818.0,790.15,793.05,790284,EQ,,,
2010-12-23,799.0,799.0,784.2,788.7,620746,EQ,,,
2010-12-24,782.6,819.3,782.6,815.3,1300709,EQ,,,
2010-12-27,815.9,819.0,794.15,797.3,678862,EQ,,,
2010-12-28,796.9,807.0,790.6,796.2,807308,EQ,,,
2010-12-29,798.0,808.0,797.45,805.25,516192,EQ,,,
2010-12-30,806.0,813.5,798.55,810.35,785057,EQ,,,
2010-12-31,816.0,849.0,814.0,843.2,1089917,EQ,,,
2011-01-03,850.0,876.5,848.05,862.45,1160006,EQ,,,
2011-01-04,870.0,895.0,853.25,879.8,1749145,EQ,,,
2011-01-05,882.7,882.7,852.85,856.4,768824,EQ,,,
2011-01-06,860.05,877.85,851.15,860.45,1347430,EQ,,,
2011-01-07,863.9,875.35,820.0,829.0,1325927,EQ,,,
2011-01-10,829.75,851.5,803.0,807.55,1188167,EQ,,,
2011-01-11,807.5,826.7,792.0,803.3,1239008,EQ,,,
2011-01-12,815.0,826.5,790.55,821.9,1052669,EQ,,,
2011-01-13,824.0,839.8,805.35,808.2,1032050,EQ,,,
2011-01-14,810.5,825.5,795.0,798.15,802700,EQ,,,
2011-01-17,756.0,772.0,713.55,734.9,4374246,EQ,,,
2011-01-18,749.5,749.5,695.65,701.45,3341691,EQ,,,
2011-01-19,707.8,733.4,707.05,721.25,2635196,EQ,,,
2011-01-20,715.0,727.0,713.1,716.8,1145324,EQ,,,
2011-01-21,718.0,739.95,716.2,737.95,1100270,EQ,,,
2011-01-24,746.0,746.0,724.3,730.45,662791,EQ,,,
2011-01-25,735.0,740.0,714.1,717.35,754027,EQ,,,
2011-01-27,721.9,728.0,713.25,716.4,676125,EQ,,,
2011-01-28,720.4,731.0,704.0,724.55,1061843,EQ,,,
2011-01-31,720.0,726.5,695.7,707.45,954821,EQ,,,
2011-02-01,714.0,717.05,680.1,689.35,1189461,EQ,,,
2011-02-02,698.9,702.9,678.35,684.55,720906,EQ,,,
2011-02-03,682.0,709.7,677.1,704.35,1153859,EQ,,,
2011-02-04,705.0,712.8,672.0,677.95,985292,EQ,,,
2011-02-07,685.0,690.0,671.8,680.65,694606,EQ,,,
2011-02-08,689.65,689.65,656.0,659.15,901727,EQ,,,
2011-02-09,657.0,666.85,492.05,531.7,10263598,EQ,,,
2011-02-10,561.0,604.6,561.0,585.3,9786993,EQ,,,
2011-02-11,593.85,632.2,559.05,617.15,5904498,EQ,,,
2011-02-14,622.0,641.25,605.6,627.15,3994645,EQ,,,
2011-02-15,631.8,653.0,620.4,634.85,3153022,EQ,,,
2011-02-16,630.0,642.7,626.55,631.65,1367978,EQ,,,
2011-02-17,625.0,645.95,621.9,641.45,1649052,EQ,,,
2011-02-18,644.2,645.85,576.65,604.0,5145101,EQ,,,
2011-02-21,609.0,626.0,600.85,621.45,2613741,EQ,,,
2011-02-22,615.0,636.9,610.0,621.6,2195314,EQ,,,
2011-02-23,618.0,709.0,616.55,696.9,11501675,EQ,,,
2011-02-24,700.0,704.9,657.4,665.85,6840410,EQ,,,
2011-02-25,673.0,679.0,617.0,637.55,3594706,EQ,,,
2011-02-28,648.4,654.0,601.6,609.8,4289687,EQ,,,
2011-03-01,613.0,624.8,604.0,618.85,3831946,EQ,,,
2011-03-03,614.5,625.5,595.1,598.8,4209461,EQ,,,
2011-03-04,607.7,618.9,599.0,606.75,3441091,EQ,,,
2011-03-07,600.0,601.25,586.2,595.05,1797838,EQ,,,
2011-03-08,596.0,614.85,596.0,606.6,1447877,EQ,,,
2011-03-09,610.15,624.8,603.1,620.15,2177669,EQ,,,
2011-03-10,616.0,635.9,616.0,626.1,2496040,EQ,,,
2011-03-11,621.8,626.4,600.8,604.65,1631534,EQ,,,
2011-03-14,605.45,629.0,605.45,625.6,1910685,EQ,,,
2011-03-15,603.1,633.7,600.0,613.8,2851664,EQ,,,
2011-03-16,620.05,656.6,620.05,645.65,4185151,EQ,,,
2011-03-17,639.9,666.4,635.05,653.1,3583796,EQ,,,
2011-03-18,659.95,663.55,624.7,627.7,3123439,EQ,,,
2011-03-21,634.0,637.3,617.0,624.15,1916062,EQ,,,
2011-03-22,629.9,634.9,623.05,626.05,981733,EQ,,,
2011-03-23,627.65,639.35,625.2,636.85,1246537,EQ,,,
2011-03-24,638.8,641.0,628.3,636.35,906049,EQ,,,
2011-03-25,635.5,654.6,633.0,651.6,1521865,EQ,,,
2011-03-28,653.1,672.5,652.0,662.45,2007915,EQ,,,
2011-03-29,664.95,680.0,664.0,673.55,1736327,EQ,,,
2011-03-30,676.1,686.5,672.1,676.3,1024403,EQ,,,
2011-03-31,680.0,704.0,665.15,689.95,1474954,EQ,,,
2011-04-01,697.7,710.0,690.8,695.25,2035166,EQ,,,
2011-04-04,694.0,702.8,681.15,693.0,1479665,EQ,,,
2011-04-05,696.95,701.7,681.85,685.45,1348785,EQ,,,
2011-04-06,690.8,705.0,684.4,694.45,1745301,EQ,,,
2011-04-07,695.4,701.75,690.6,693.45,835869,EQ,,,
2011-04-08,694.75,698.15,674.15,678.4,903080,EQ,,,
2011-04-11,685.0,687.5,672.2,680.4,1179371,EQ,,,
2011-04-13,675.0,699.25,672.2,696.45,967997,EQ,,,
2011-04-15,694.9,700.2,685.05,689.1,738058,EQ,,,
2011-04-18,695.1,709.8,667.15,672.0,1609408,EQ,,,
2011-04-19,671.4,681.0,665.1,676.1,974420,EQ,,,
2011-04-20,684.55,691.0,662.0,684.15,1293152,EQ,,,
2011-04-21,685.55,698.9,683.7,695.85,710709,EQ,,,
2011-04-25,695.0,696.0,685.1,693.4,548457,EQ,,,
2011-04-26,695.95,695.95,677.45,684.15,625441,EQ,,,
2011-04-27,687.0,689.6,665.1,667.15,673685,EQ,,,
2011-04-28,671.65,673.8,648.5,658.1,948323,EQ,,,
2011-04-29,662.2,663.05,652.3,660.0,858221,EQ,,,
2011-05-02,664.9,669.1,651.0,662.45,616894,EQ,,,
2011-05-03,661.55,669.9,652.4,656.5,665404,EQ,,,
2011-05-04,659.0,660.3,637.1,642.55,793015,EQ,,,
2011-05-05,639.1,640.0,608.3,616.65,1284460,EQ,,,
2011-05-06,622.0,625.0,590.1,605.4,2076291,EQ,,,
2011-05-09,608.3,614.4,595.0,598.25,836750,EQ,,,
2011-05-10,598.25,608.0,582.6,595.3,1062110,EQ,,,
2011-05-11,598.55,609.0,597.1,606.55,919882,EQ,,,
2011-05-12,604.5,612.25,596.95,604.45,880378,EQ,,,
2011-05-13,604.0,622.4,595.55,611.3,1158252,EQ,,,
2011-05-16,607.5,607.55,594.1,598.75,587478,EQ,,,
2011-05-17,602.7,602.95,582.0,585.05,739735,EQ,,,
2011-05-18,588.7,598.0,558.0,560.95,1265592,EQ,,,
2011-05-19,565.0,565.7,549.2,552.9,871414,EQ,,,
2011-05-20,559.0,572.0,553.05,569.05,826625,EQ,,,
2011-05-23,565.0,565.05,544.0,548.2,631345,EQ,,,
2011-05-24,549.0,554.75,530.15,536.75,1111459,EQ,,,
2011-05-25,540.0,541.35,526.5,530.6,1008582,EQ,,,
2011-05-26,535.05,539.6,528.7,536.15,1042333,EQ,,,
2011-05-27,540.0,565.0,538.05,558.9,1275430,EQ,,,
2011-05-30,562.95,569.65,545.0,555.65,1482216,EQ,,,
2011-05-31,557.1,574.9,553.0,569.05,1311109,EQ,,,
2011-06-01,569.1,581.7,566.35,579.55,1138895,EQ,,,
2011-06-02,571.5,586.4,539.85,552.35,1896572,EQ,,,
2011-06-03,575.0,585.15,554.1,557.15,2160182,EQ,,,
2011-06-06,555.55,558.85,548.0,551.1,1038391,EQ,,,
2011-06-07,560.0,561.6,552.15,557.95,1181910,EQ,,,
2011-06-08,554.4,565.0,553.1,556.7,1167086,EQ,,,
2011-06-09,560.0,560.5,550.3,552.5,719643,EQ,,,
2011-06-10,555.05,555.3,540.1,544.4,652290,EQ,,,
2011-06-13,541.6,545.6,535.65,542.7,783177,EQ,,,
2011-06-14,545.0,559.95,543.85,555.85,1048673,EQ,,,
2011-06-15,559.7,566.8,557.05,563.9,1835892,EQ,,,
2011-06-16,557.8,582.0,555.95,574.5,1942392,EQ,,,
2011-06-17,575.1,585.0,574.25,580.8,1082003,EQ,,,
2011-06-20,571.9,572.05,530.2,544.95,1487230,EQ,,,
2011-06-21,550.2,554.7,527.0,531.2,758310,EQ,,,
2011-06-22,537.9,538.0,522.3,528.45,799521,EQ,,,
2011-06-23,524.9,537.45,518.65,534.05,1038021,EQ,,,
2011-06-24,535.95,542.2,525.0,530.6,1588690,EQ,,,
2011-06-27,529.15,535.0,518.15,522.15,2111720,EQ,,,
2011-06-28,526.0,530.1,515.45,522.4,1352769,EQ,,,
2011-06-29,526.1,541.5,526.1,535.7,1442312,EQ,,,
2011-06-30,539.2,550.6,531.25,535.05,3041400,EQ,,,
2011-07-01,540.0,546.8,537.15,542.3,777455,EQ,,,
2011-07-04,550.4,580.4,549.7,578.1,2337485,EQ,,,
2011-07-05,578.0,584.9,565.0,578.95,1720199,EQ,,,
2011-07-06,577.7,582.85,570.0,574.75,1177692,EQ,,,
2011-07-07,577.0,591.0,575.0,589.3,1222989,EQ,,,
2011-07-08,589.65,601.0,576.6,582.65,1363049,EQ,,,
2011-07-11,584.0,588.55,577.15,581.15,738079,EQ,,,
2011-07-12,573.05,578.0,560.0,563.5,635510,EQ,,,
2011-07-13,567.0,576.0,565.15,574.1,677364,EQ,,,
2011-07-14,572.45,583.0,565.05,576.05,741176,EQ,,,
2011-07-15,577.0,582.45,566.25,569.35,777670,EQ,,,
2011-07-18,573.2,578.0,568.8,573.5,431504,EQ,,,
2011-07-19,572.0,580.4,566.15,578.45,584195,EQ,,,
2011-07-20,581.0,586.0,569.55,571.75,570430,EQ,,,
2011-07-21,572.95,577.0,566.8,572.45,445741,EQ,,,
2011-07-22,576.0,582.0,573.55,580.4,411316,EQ,,,
2011-07-25,580.4,595.9,577.25,589.35,645025,EQ,,,
2011-07-26,590.0,595.7,572.0,575.7,655883,EQ,,,
2011-07-27,575.0,580.0,560.15,564.55,501601,EQ,,,
2011-07-28,560.0,563.7,536.2,543.35,1578674,EQ,,,
2011-07-29,541.9,550.7,535.6,540.8,598546,EQ,,,
2011-08-01,543.5,557.4,535.15,548.4,600894,EQ,,,
2011-08-02,546.0,549.0,539.45,546.95,579648,EQ,,,
2011-08-03,537.75,568.0,535.3,560.95,1127334,EQ,,,
2011-08-04,569.0,578.8,562.2,565.7,1401064,EQ,,,
2011-08-05,546.0,548.95,521.05,523.9,1360272,EQ,,,
2011-08-08,510.0,517.0,487.25,491.95,1031149,EQ,,,
2011-08-09,475.0,486.0,453.1,459.7,1949724,EQ,,,
2011-08-10,475.0,480.35,466.0,471.75,1116689,EQ,,,
2011-08-11,469.9,491.7,465.6,483.55,1477351,EQ,,,
2011-08-12,492.9,494.8,479.0,483.25,1030885,EQ,,,
2011-08-16,490.8,490.8,447.95,455.8,983927,EQ,,,
2011-08-17,456.8,457.8,440.0,452.15,1144747,EQ,,,
2011-08-18,459.0,459.0,412.0,423.45,2067210,EQ,,,
2011-08-19,412.0,429.95,409.0,426.3,1402333,EQ,,,
2011-08-22,429.0,456.8,429.0,453.8,1228821,EQ,,,
2011-08-23,455.2,458.0,446.25,450.35,881931,EQ,,,
2011-08-24,447.2,463.0,445.0,449.65,1182112,EQ,,,
2011-08-25,452.1,458.2,439.0,448.25,1407302,EQ,,,
2011-08-26,448.1,452.4,402.0,416.05,2133494,EQ,,,
2011-08-29,428.7,443.95,425.0,437.15,1401737,EQ,,,
2011-08-30,444.7,447.0,430.65,436.35,1207615,EQ,,,
2011-09-02,449.4,454.9,435.25,451.55,1546883,EQ,,,
2011-09-05,443.15,481.0,443.15,476.2,2520884,EQ,,,
2011-09-06,470.0,475.0,453.4,466.85,1733730,EQ,,,
2011-09-07,469.85,483.2,468.35,478.7,1128843,EQ,,,
2011-09-08,482.35,491.0,472.35,487.9,1115392,EQ,,,
2011-09-09,487.9,492.0,461.0,465.25,1387773,EQ,,,
2011-09-12,455.1,457.8,441.0,443.7,957041,EQ,,,
2011-09-13,449.9,462.0,444.2,449.65,1113254,EQ,,,
2011-09-14,452.15,462.0,445.0,455.75,979349,EQ,,,
2011-09-15,455.3,460.45,445.1,455.9,1169340,EQ,,,
2011-09-16,460.0,471.0,452.65,464.0,1609572,EQ,,,
2011-09-19,460.0,460.85,443.6,445.35,1136641,EQ,,,
2011-09-20,445.0,460.35,444.6,458.15,1447021,EQ,,,
2011-09-21,458.1,461.8,450.1,458.7,934689,EQ,,,
2011-09-22,449.75,452.75,430.8,433.75,1374069,EQ,,,
2011-09-23,431.0,436.6,419.7,428.4,1579457,EQ,,,
2011-09-26,430.0,432.75,414.1,422.95,968311,EQ,,,
2011-09-27,434.5,437.7,427.7,430.35,1284944,EQ,,,
2011-09-28,436.9,436.9,408.15,410.1,1826804,EQ,,,
2011-09-29,409.9,409.9,397.0,403.3,2002051,EQ,,,
2011-09-30,394.4,394.5,366.1,373.45,3539084,EQ,,,
2011-10-03,375.35,384.35,365.35,377.85,2325706,EQ,,,
2011-10-04,376.05,382.9,372.15,377.15,1339832,EQ,,,
2011-10-05,382.8,382.8,373.1,376.85,1282650,EQ,,,
2011-10-07,387.9,395.8,384.5,390.5,1485783,EQ,,,
2011-10-10,386.05,401.7,385.05,398.65,958939,EQ,,,
2011-10-11,402.0,412.0,398.85,403.0,1467010,EQ,,,
2011-10-12,405.0,418.0,403.5,416.6,1066763,EQ,,,
2011-10-13,418.8,425.8,411.0,418.9,1272666,EQ,,,
2011-10-14,413.1,430.0,412.3,424.4,1069348,EQ,,,
2011-10-17,426.0,427.4,415.1,417.8,688791,EQ,,,
2011-10-18,412.8,414.0,401.5,407.2,748877,EQ,,,
2011-10-19,411.4,416.8,408.1,413.95,631841,EQ,,,
2011-10-20,409.95,410.8,401.1,405.4,831772,EQ,,,
2011-10-21,409.0,409.75,397.0,399.05,800424,EQ,,,
2011-10-24,402.0,414.5,402.0,407.0,877351,EQ,,,
2011-10-25,413.0,426.5,404.1,421.0,812273,EQ,,,
2011-10-26,425.0,427.0,423.0,423.9,116150,EQ,,,
2011-10-28,437.85,481.9,432.5,464.45,2161067,EQ,,,
2011-10-31,460.85,471.9,452.45,464.3,1359713,EQ,,,
2011-11-01,457.0,467.8,440.6,446.45,1325030,EQ,,,
2011-11-02,441.2,466.0,439.75,456.45,1639603,EQ,,,
2011-11-03,456.5,469.2,450.35,465.65,1568611,EQ,,,
2011-11-04,474.5,474.5,446.5,457.0,1765867,EQ,,,
2011-11-08,461.3,478.35,460.1,475.6,1598325,EQ,,,
2011-11-09,484.0,490.7,465.0,468.8,2210663,EQ,,,
2011-11-11,465.0,471.95,449.25,453.7,1444810,EQ,,,
2011-11-14,458.8,464.25,418.35,421.75,1503575,EQ,,,
2011-11-15,422.0,431.95,409.6,415.1,1450378,EQ,,,
2011-11-16,418.0,420.7,404.25,412.8,1411044,EQ,,,
2011-11-17,414.0,426.75,409.1,416.95,1648419,EQ,,,
2011-11-18,415.3,421.0,401.05,411.45,1441715,EQ,,,
2011-11-21,408.9,417.0,399.5,402.2,1207401,EQ,,,
2011-11-22,407.0,416.9,403.1,408.15,1280151,EQ,,,
2011-11-23,404.2,409.15,390.2,393.3,1721071,EQ,,,
2011-11-24,394.05,401.8,386.5,396.75,1599388,EQ,,,
2011-11-25,393.5,407.8,391.3,396.1,1460607,EQ,,,
2011-11-28,403.8,411.35,401.0,407.25,870297,EQ,,,
2011-11-29,413.85,414.95,405.0,409.95,1723067,EQ,,,
2011-11-30,408.0,416.4,401.25,404.35,1559760,EQ,,,
2011-12-01,415.65,418.1,404.25,405.9,1411775,EQ,,,
2011-12-02,406.0,414.55,401.35,413.4,1816498,EQ,,,
2011-12-05,411.8,418.0,406.25,409.7,1262733,EQ,,,
2011-12-07,412.2,421.3,410.05,418.85,1339531,EQ,,,
2011-12-08,416.1,417.95,395.25,398.75,1988239,EQ,,,
2011-12-09,392.9,396.25,385.25,387.9,1126231,EQ,,,
2011-12-12,394.0,398.45,383.05,385.4,2006672,EQ,,,
2011-12-13,379.2,384.45,371.6,377.35,1195663,EQ,,,
2011-12-14,376.0,379.7,361.0,362.7,1134972,EQ,,,
2011-12-15,353.05,365.05,348.15,358.5,1748239,EQ,,,
2011-12-16,360.25,369.0,342.35,349.5,1270004,EQ,,,
2011-12-19,346.0,354.05,335.65,351.8,1121916,EQ,,,
2011-12-20,352.0,357.4,343.3,346.7,1836780,EQ,,,
2011-12-21,356.9,357.8,339.55,353.75,1315423,EQ,,,
2011-12-22,352.0,363.8,344.15,360.25,1110253,EQ,,,
2011-12-23,364.3,371.1,356.2,360.0,1065116,EQ,,,
2011-12-26,360.0,370.35,359.25,367.55,596529,EQ,,,
2011-12-27,373.5,379.5,364.6,369.45,1292598,EQ,,,
2011-12-28,367.7,369.6,356.95,358.6,802679,EQ,,,
2011-12-29,356.0,360.2,342.1,344.15,1080202,EQ,,,
2011-12-30,348.8,351.9,338.0,340.8,1079291,EQ,,,
2012-01-02,342.9,343.95,328.3,334.3,1148555,EQ,,,
2012-01-03,339.7,353.4,337.3,351.85,1047941,EQ,,,
2012-01-04,353.0,362.7,347.1,359.25,1031865,EQ,,,
2012-01-05,360.5,365.3,354.1,359.95,889699,EQ,,,
2012-01-06,355.0,394.0,347.3,378.35,3577116,EQ,,,
2012-01-07,375.25,381.5,370.55,376.8,481367,EQ,,,
2012-01-09,375.0,385.75,365.7,379.35,2062111,EQ,,,
2012-01-10,382.95,404.5,381.05,399.1,2495163,EQ,,,
2012-01-11,399.85,412.5,395.6,404.6,2236567,EQ,,,
2012-01-12,403.8,411.0,397.05,403.7,1290563,EQ,,,
2012-01-13,407.9,426.5,405.1,410.8,3562841,EQ,,,
2012-01-16,406.8,414.3,399.3,409.4,1471239,EQ,,,
2012-01-17,412.25,434.0,412.25,428.6,2215171,EQ,,,
2012-01-18,430.25,446.6,426.9,442.7,2420358,EQ,,,
2012-01-19,448.95,489.8,446.7,485.6,5829840,EQ,,,
2012-01-20,491.4,496.0,466.85,480.3,3826214,EQ,,,
2012-01-23,473.0,492.85,467.7,471.15,2512581,EQ,,,
2012-01-24,472.2,492.45,466.35,479.55,2769720,EQ,,,
2012-01-25,481.25,518.0,476.2,513.8,4639237,EQ,,,
2012-01-27,519.0,534.0,503.0,529.9,4099900,EQ,,,
2012-01-30,526.5,541.0,506.85,514.8,3003354,EQ,,,
2012-01-31,520.0,539.7,511.3,535.85,2698355,EQ,,,
2012-02-01,538.0,552.7,532.9,550.3,2456070,EQ,,,
2012-02-02,554.9,563.9,535.5,554.4,2992733,EQ,,,
2012-02-03,558.0,564.5,546.25,557.05,2572767,EQ,,,
2012-02-06,562.8,569.55,540.1,549.2,2634328,EQ,,,
2012-02-07,559.8,562.45,542.7,552.1,2460075,EQ,,,
2012-02-08,556.95,596.8,553.0,590.75,3726112,EQ,,,
2012-02-09,592.5,598.9,583.3,592.85,3064028,EQ,,,
2012-02-10,588.0,593.45,566.0,572.45,2181750,EQ,,,
2012-02-13,574.7,604.9,566.25,601.65,2832792,EQ,,,
2012-02-14,601.65,621.75,597.3,615.85,3498460,EQ,,,
2012-02-15,623.0,633.8,618.1,626.6,2381936,EQ,,,
2012-02-16,622.2,649.0,620.65,631.1,3447206,EQ,,,
2012-02-17,638.9,653.65,601.3,617.4,3371965,EQ,,,
2012-02-21,618.9,642.85,613.1,640.05,2170386,EQ,,,
2012-02-22,645.75,651.75,608.2,614.2,2706273,EQ,,,
2012-02-23,616.9,621.9,586.0,601.85,3531002,EQ,,,
2012-02-24,604.0,614.5,578.1,584.55,2269684,EQ,,,
2012-02-27,583.8,586.0,535.0,541.2,2018782,EQ,,,
2012-02-28,544.1,614.0,544.1,601.8,3456451,EQ,,,
2012-02-29,615.0,625.6,583.05,593.9,3541929,EQ,,,
2012-03-01,592.1,615.8,581.2,610.2,3867514,EQ,,,
2012-03-02,609.5,625.0,597.5,615.2,4285375,EQ,,,
2012-03-03,616.4,624.5,614.05,621.7,463477,EQ,,,
2012-03-05,623.0,677.0,623.0,657.55,7950223,EQ,,,
2012-03-06,663.0,679.75,612.65,618.35,8081485,EQ,,,
2012-03-07,614.25,636.6,604.0,628.75,5129530,EQ,,,
2012-03-09,637.35,647.7,623.25,639.45,3051089,EQ,,,
2012-03-12,649.0,656.9,632.0,653.2,2767076,EQ,,,
2012-03-13,658.1,661.8,646.2,649.95,2644035,EQ,,,
2012-03-14,658.0,667.9,654.0,657.35,2342254,EQ,,,
2012-03-15,650.1,652.25,628.55,634.95,1960640,EQ,,,
2012-03-16,639.7,659.4,627.35,632.95,3137836,EQ,,,
2012-03-19,633.0,637.15,589.0,593.9,2593097,EQ,,,
2012-03-20,592.8,603.0,570.45,593.65,3764145,EQ,,,
2012-03-21,592.0,625.5,583.9,620.55,3066256,EQ,,,
2012-03-22,620.5,634.5,578.0,586.3,3806512,EQ,,,
2012-03-23,589.5,605.9,580.6,594.95,3049657,EQ,,,
2012-03-26,594.4,603.6,577.2,582.55,2315207,EQ,,,
2012-03-27,592.85,597.9,576.15,581.65,2600928,EQ,,,
2012-03-28,580.0,582.3,564.55,568.05,1786282,EQ,,,
2012-03-29,557.5,571.45,554.25,567.5,2132731,EQ,,,
2012-03-30,572.1,588.5,572.1,587.25,1601266,EQ,,,
2012-04-02,588.95,617.5,587.0,613.25,2662756,EQ,,,
2012-04-03,618.1,621.7,608.8,613.3,1891250,EQ,,,
2012-04-04,610.0,610.05,595.1,600.55,1407169,EQ,,,
2012-04-09,594.4,594.7,578.0,580.4,1441271,EQ,,,
2012-04-10,585.3,588.0,563.6,573.0,2290853,EQ,,,
2012-04-11,567.0,567.0,543.65,550.8,3189289,EQ,,,
2012-04-12,556.0,564.4,547.2,553.6,2101805,EQ,,,
2012-04-13,558.8,573.35,541.25,546.0,2632157,EQ,,,
2012-04-16,540.75,555.3,538.05,550.95,1625782,EQ,,,
2012-04-17,549.9,587.45,548.0,585.7,2869833,EQ,,,
2012-04-18,590.0,594.0,577.0,579.75,2179667,EQ,,,
2012-04-19,581.3,582.2,561.5,566.3,2299485,EQ,,,
2012-04-20,561.1,564.85,548.0,553.8,1944234,EQ,,,
2012-04-23,553.95,562.6,522.1,527.6,1625844,EQ,,,
2012-04-24,529.8,539.25,522.3,534.55,1812403,EQ,,,
2012-04-25,536.6,539.5,515.4,526.25,2065213,EQ,,,
2012-04-26,529.55,530.95,513.75,515.85,1833616,EQ,,,
2012-04-27,511.15,524.8,503.5,510.95,1930561,EQ,,,
2012-04-28,513.4,517.6,508.2,514.15,197292,EQ,,,
2012-04-30,512.2,533.9,512.2,527.7,1990929,EQ,,,
2012-05-02,530.1,537.8,522.0,524.3,1611369,EQ,,,
2012-05-03,519.3,522.25,510.2,514.35,1274466,EQ,,,
2012-05-04,509.0,513.35,491.1,494.55,1605990,EQ,,,
2012-05-07,483.0,516.0,477.15,512.45,1990280,EQ,,,
2012-05-08,512.9,518.0,480.6,488.75,1977621,EQ,,,
2012-05-09,481.25,493.95,468.25,474.4,1980751,EQ,,,
2012-05-10,475.0,491.95,470.25,475.25,1871088,EQ,,,
2012-05-11,471.0,484.0,464.1,473.05,1948619,EQ,,,
2012-05-14,474.0,479.8,455.85,460.85,1590373,EQ,,,
2012-05-15,455.0,475.9,455.0,468.8,1942729,EQ,,,
2012-05-16,459.25,460.5,448.0,452.05,1629997,EQ,,,
2012-05-17,457.0,463.5,434.85,437.55,2276501,EQ,,,
2012-05-18,428.5,442.0,422.65,436.8,2198090,EQ,,,
2012-05-21,442.0,460.7,441.65,453.8,2296422,EQ,,,
2012-05-22,460.0,460.85,440.7,442.75,1819134,EQ,,,
2012-05-23,439.95,449.2,432.6,438.2,1830668,EQ,,,
2012-05-24,440.25,456.7,433.85,454.75,2481781,EQ,,,
2012-05-25,450.3,472.0,450.3,463.5,3461825,EQ,,,
2012-05-28,465.65,479.5,465.65,473.95,2321593,EQ,,,
2012-05-29,475.95,477.55,465.15,472.7,1814088,EQ,,,
2012-05-30,469.8,469.8,453.65,455.25,1357930,EQ,,,
2012-05-31,452.0,458.6,446.1,448.9,1860902,EQ,,,
2012-06-01,449.2,452.8,427.5,430.2,1765481,EQ,,,
2012-06-04,424.9,444.3,416.25,437.85,1746890,EQ,,,
2012-06-05,444.65,457.0,442.2,450.15,2629357,EQ,,,
2012-06-06,455.6,473.0,454.0,470.7,2602209,EQ,,,
2012-06-07,476.6,488.6,461.75,483.3,4113645,EQ,,,
2012-06-08,478.0,507.85,474.2,503.5,6143482,EQ,,,
2012-06-11,512.4,529.95,500.2,510.35,3846174,EQ,,,
2012-06-12,501.55,526.0,499.35,523.2,4104035,EQ,,,
2012-06-13,525.0,529.9,513.25,517.05,3261430,EQ,,,
2012-06-14,513.2,517.0,497.05,500.05,2265053,EQ,,,
2012-06-15,505.0,524.0,502.1,520.75,2962844,EQ,,,
2012-06-18,527.0,535.0,498.5,503.0,3266602,EQ,,,
2012-06-19,496.9,508.95,491.75,505.7,3559248,EQ,,,
2012-06-20,508.0,519.5,506.0,514.95,2445940,EQ,,,
2012-06-21,510.5,538.05,509.1,534.9,2940016,EQ,,,
2012-06-22,528.15,543.25,523.0,537.2,4368370,EQ,,,
2012-06-25,539.75,549.7,527.35,529.65,2657572,EQ,,,
2012-06-26,531.15,539.25,527.3,534.0,1988073,EQ,,,
2012-06-27,548.75,552.0,540.85,544.8,2461997,EQ,,,
2012-06-28,547.95,548.65,529.1,535.7,1955136,EQ,,,
2012-06-29,545.25,560.45,545.25,558.25,2476238,EQ,,,
2012-07-02,561.75,564.8,552.7,556.7,2228635,EQ,,,
2012-07-03,561.7,568.0,558.0,564.5,2319768,EQ,,,
2012-07-04,568.0,574.6,565.0,572.7,2023810,EQ,,,
2012-07-05,571.0,579.4,568.25,575.05,1566977,EQ,,,
2012-07-06,576.0,576.2,563.5,570.85,1549672,EQ,,,
2012-07-09,560.0,560.25,547.0,551.15,1681950,EQ,,,
2012-07-10,551.5,572.85,550.3,569.25,2149387,EQ,,,
2012-07-11,566.3,568.5,553.85,555.5,1799317,EQ,,,
2012-07-12,550.0,557.9,541.5,553.65,1834195,EQ,,,
2012-07-13,556.35,559.4,544.1,546.85,1515357,EQ,,,
2012-07-16,544.7,547.0,531.0,534.65,1661802,EQ,,,
2012-07-17,536.0,538.6,515.7,517.7,1982587,EQ,,,
2012-07-18,519.0,533.7,510.7,528.75,2475899,EQ,,,
2012-07-19,534.5,537.0,522.9,528.4,1407010,EQ,,,
2012-07-20,524.25,534.4,520.1,526.1,1411118,EQ,,,
2012-07-23,516.5,520.9,503.55,506.2,1838205,EQ,,,
2012-07-24,507.0,515.95,505.1,508.5,1715954,EQ,,,
2012-07-25,505.3,509.45,490.85,492.9,1908571,EQ,,,
2012-07-26,494.25,497.3,470.25,476.45,3155851,EQ,,,
2012-07-27,486.5,494.3,467.65,474.25,2293787,EQ,,,
2012-07-30,478.25,502.6,478.25,499.9,1986596,EQ,,,
2012-07-31,501.55,503.25,482.5,494.65,2028523,EQ,,,
2012-08-01,494.25,513.4,490.15,509.0,2221771,EQ,,,
2012-08-02,504.3,517.25,504.3,510.35,1751868,EQ,,,
2012-08-03,504.0,507.9,493.1,504.0,1707045,EQ,,,
2012-08-06,512.0,521.45,510.5,514.35,1846150,EQ,,,
2012-08-07,515.0,526.3,512.4,520.5,2182922,EQ,,,
2012-08-08,523.2,528.0,512.3,516.35,1934908,EQ,,,
2012-08-09,518.0,522.7,507.45,514.25,1516361,EQ,,,
2012-08-10,511.05,512.85,499.1,504.7,1572899,EQ,,,
2012-08-13,504.95,524.1,504.0,521.05,1560246,EQ,,,
2012-08-14,520.8,536.75,514.15,528.7,2667698,EQ,,,
2012-08-16,530.0,537.7,525.3,527.75,1965610,EQ,,,
2012-08-17,533.55,535.9,507.1,510.5,2687371,EQ,,,
2012-08-21,510.0,516.45,504.4,514.6,2783002,EQ,,,
2012-08-22,511.0,519.8,506.6,510.25,1962971,EQ,,,
2012-08-23,510.15,514.35,498.7,501.2,2305555,EQ,,,
2012-08-24,497.8,497.8,483.5,486.65,2145734,EQ,,,
2012-08-27,488.9,492.0,469.1,472.2,1972890,EQ,,,
2012-08-28,469.55,473.0,459.5,466.35,1898081,EQ,,,
2012-08-29,466.55,472.35,454.05,456.25,1548084,EQ,,,
2012-08-30,451.75,455.65,447.25,450.6,1969213,EQ,,,
2012-08-31,448.15,457.9,441.75,444.1,2195801,EQ,,,
2012-09-03,446.0,451.25,436.3,439.35,1879091,EQ,,,
2012-09-04,439.1,447.9,436.65,446.1,1994081,EQ,,,
2012-09-05,438.0,449.8,435.0,444.95,2255968,EQ,,,
2012-09-06,442.0,447.7,436.0,442.45,1580288,EQ,,,
2012-09-07,450.5,454.0,448.1,452.35,1293189,EQ,,,
2012-09-08,452.5,455.5,452.5,454.4,110709,EQ,,,
2012-09-10,455.25,462.8,453.45,456.75,1339599,EQ,,,
2012-09-11,453.55,458.3,446.5,457.15,1276320,EQ,,,
2012-09-12,461.0,461.7,445.65,450.75,1603413,EQ,,,
2012-09-13,453.05,460.9,449.0,456.8,1539762,EQ,,,
2012-09-14,468.25,473.05,462.0,471.05,1890830,EQ,,,
2012-09-17,480.0,511.9,478.15,507.75,3665169,EQ,,,
2012-09-18,510.95,519.0,509.0,511.95,1550774,EQ,,,
2012-09-20,504.8,504.8,490.5,495.8,2593386,EQ,,,
2012-09-21,504.0,551.25,500.0,544.05,5509004,EQ,,,
2012-09-24,550.0,571.55,548.55,560.6,4106030,EQ,,,
2012-09-25,566.7,570.7,545.65,558.5,2625771,EQ,,,
2012-09-26,553.95,562.0,545.65,552.6,2284959,EQ,,,
2012-09-27,555.9,557.1,543.5,545.4,2983073,EQ,,,
2012-09-28,552.5,560.95,535.6,537.6,3084962,EQ,,,
2012-10-01,537.7,555.45,531.1,553.15,2637698,EQ,,,
2012-10-03,555.95,560.5,542.0,549.35,2236106,EQ,,,
2012-10-04,554.75,564.6,553.4,556.15,2380452,EQ,,,
2012-10-05,562.0,564.9,515.2,542.0,2846707,EQ,,,
2012-10-08,540.0,540.0,515.2,519.05,2413034,EQ,,,
2012-10-09,523.9,528.5,513.0,519.25,2669030,EQ,,,
2012-10-10,513.9,514.5,503.1,504.7,2186107,EQ,,,
2012-10-11,507.45,519.3,498.1,517.7,3067365,EQ,,,
2012-10-12,517.0,524.8,512.65,514.45,2142757,EQ,,,
2012-10-15,511.65,519.65,508.9,516.55,1306160,EQ,,,
2012-10-16,519.55,521.75,502.05,504.0,1877659,EQ,,,
2012-10-17,508.0,512.7,497.0,504.25,2059758,EQ,,,
2012-10-18,507.55,518.6,502.55,516.8,2042280,EQ,,,
2012-10-19,514.0,517.0,504.2,508.05,1630515,EQ,,,
2012-10-22,503.0,514.7,500.6,512.2,1109683,EQ,,,
2012-10-23,509.0,514.5,505.6,507.45,879094,EQ,,,
2012-10-25,506.55,509.85,498.2,499.65,2318430,EQ,,,
2012-10-26,495.05,499.5,488.0,490.3,1379463,EQ,,,
2012-10-29,490.5,496.8,484.1,494.3,1527666,EQ,,,
2012-10-30,493.05,498.0,474.1,481.25,1879202,EQ,,,
2012-10-31,481.1,482.15,465.15,469.5,2292970,EQ,,,
2012-11-01,472.05,485.25,472.05,481.9,1541075,EQ,,,
2012-11-02,487.1,492.9,483.25,486.75,1444823,EQ,,,
2012-11-05,485.1,495.7,485.05,487.6,1336410,EQ,,,
2012-11-06,483.05,488.95,474.5,478.75,2825714,EQ,,,
2012-11-07,480.5,492.7,480.2,485.05,2075643,EQ,,,
2012-11-08,480.0,482.4,473.0,476.35,1966126,EQ,,,
2012-11-09,477.9,482.65,469.3,471.05,1332840,EQ,,,
2012-11-12,471.5,476.25,466.0,473.85,936694,EQ,,,
2012-11-13,473.0,475.95,469.25,471.35,207905,EQ,,,
2012-11-15,467.0,478.9,460.5,474.35,1562021,EQ,,,
2012-11-16,472.0,481.0,456.6,462.3,1540799,EQ,,,
2012-11-19,462.0,464.95,455.6,458.8,1276023,EQ,,,
2012-11-20,462.25,464.65,444.5,449.95,1591635,EQ,,,
2012-11-21,452.25,457.9,449.15,454.8,1308742,EQ,,,
2012-11-22,456.65,463.4,452.7,460.15,1274347,EQ,,,
2012-11-23,460.5,462.2,451.2,455.9,1361885,EQ,,,
2012-11-26,457.0,462.0,454.9,457.75,1515499,EQ,,,
2012-11-27,461.0,474.7,460.55,471.0,1966362,EQ,,,
2012-11-29,473.9,480.4,473.0,476.3,1713391,EQ,,,
2012-11-30,479.3,488.95,477.3,485.3,1687121,EQ,,,
2012-12-03,488.2,491.4,482.6,488.7,1194774,EQ,,,
2012-12-04,488.0,499.5,485.25,498.2,2171078,EQ,,,
2012-12-05,503.0,506.4,497.75,500.65,1596564,EQ,,,
2012-12-06,504.95,515.0,492.7,512.3,2606871,EQ,,,
2012-12-07,514.75,518.4,503.1,507.05,1978176,EQ,,,
2012-12-10,510.5,519.65,510.0,518.55,2139982,EQ,,,
2012-12-11,521.0,522.75,507.5,517.2,2764243,EQ,,,
2012-12-12,519.5,530.4,513.35,526.45,2620233,EQ,,,
2012-12-13,527.25,532.0,510.8,515.1,2623326,EQ,,,
2012-12-14,518.2,525.7,514.3,521.15,1712682,EQ,,,
2012-12-17,519.35,523.4,513.7,515.5,1223496,EQ,,,
2012-12-18,513.65,526.55,510.55,523.15,2320758,EQ,,,
2012-12-19,526.9,529.5,520.7,526.25,1471977,EQ,,,
2012-12-20,524.5,526.05,517.0,522.6,1119530,EQ,,,
2012-12-21,518.2,520.0,511.1,514.25,1767731,EQ,,,
2012-12-24,515.0,520.35,511.65,517.25,916347,EQ,,,
2012-12-26,517.0,525.95,517.0,521.15,890953,EQ,,,
2012-12-27,524.1,526.0,514.4,515.5,1641146,EQ,,,
2012-12-28,517.1,523.85,513.1,517.05,1059000,EQ,,,
2012-12-31,518.25,523.9,518.25,520.55,700211,EQ,,,
2013-01-01,525.0,546.7,523.15,544.15,2900632,EQ,,,
2013-01-02,549.0,552.35,538.7,543.35,2033532,EQ,,,
2013-01-03,546.0,549.85,538.6,546.0,1338660,EQ,,,
2013-01-04,543.5,552.2,542.45,547.2,1313769,EQ,,,
2013-01-07,549.2,556.35,548.4,550.95,1777128,EQ,,,
2013-01-08,550.2,569.0,546.4,567.1,2738983,EQ,,,
2013-01-09,567.5,569.8,556.2,560.35,1621322,EQ,,,
2013-01-10,565.0,572.5,558.15,565.65,2068077,EQ,,,
2013-01-11,566.25,566.95,545.0,547.9,1438305,EQ,,,
2013-01-14,548.7,559.8,535.2,558.55,2006346,EQ,,,
2013-01-15,558.0,563.7,551.8,555.0,1218047,EQ,,,
2013-01-16,553.2,559.7,533.05,535.8,1411762,EQ,,,
2013-01-17,534.7,535.8,523.5,526.2,2190870,EQ,,,
2013-01-18,526.95,535.65,525.0,527.3,1230050,EQ,,,
2013-01-21,527.8,551.6,527.0,548.5,2113751,EQ,,,
2013-01-22,551.25,553.85,538.5,540.55,1754366,EQ,,,
2013-01-23,543.5,547.45,522.2,534.3,1511247,EQ,,,
2013-01-24,534.5,535.0,513.85,518.1,1394055,EQ,,,
2013-01-25,516.05,542.0,512.3,540.15,1758099,EQ,,,
2013-01-28,540.1,544.65,524.0,529.15,3110212,EQ,,,
2013-01-29,529.0,535.75,516.5,518.55,1990749,EQ,,,
2013-01-30,521.45,526.4,517.35,518.4,1191054,EQ,,,
2013-01-31,516.1,522.4,513.05,515.5,1168967,EQ,,,
2013-02-01,518.0,523.4,514.05,516.75,1106554,EQ,,,
2013-02-04,519.4,526.8,513.5,515.05,1428990,EQ,,,
2013-02-05,510.0,521.55,508.4,517.55,1393008,EQ,,,
2013-02-06,520.0,524.8,515.65,521.75,1303387,EQ,,,
2013-02-07,517.25,519.8,496.3,500.15,2090955,EQ,,,
2013-02-08,500.0,501.3,484.4,487.55,1947154,EQ,,,
2013-02-11,488.2,498.95,483.55,495.3,1440803,EQ,,,
2013-02-12,495.45,497.8,484.0,496.4,1772128,EQ,,,
2013-02-13,497.3,499.4,475.15,479.75,1510596,EQ,,,
2013-02-14,480.1,481.7,467.75,470.5,1472435,EQ,,,
2013-02-15,469.9,477.5,462.35,475.25,1462247,EQ,,,
2013-02-18,475.5,491.75,473.25,486.4,1506272,EQ,,,
2013-02-19,485.9,494.5,477.4,492.1,1542251,EQ,,,
2013-02-20,495.5,497.7,488.7,491.0,1286448,EQ,,,
2013-02-21,484.8,488.4,471.5,473.3,1699959,EQ,,,
2013-02-22,472.0,483.45,470.25,476.5,1431929,EQ,,,
2013-02-25,480.25,481.45,467.05,470.9,1340876,EQ,,,
2013-02-26,468.1,471.65,455.0,457.3,1234889,EQ,,,
2013-02-27,460.0,467.7,452.5,461.85,1580014,EQ,,,
2013-02-28,466.3,469.6,415.0,419.0,3348845,EQ,,,
2013-03-01,420.5,441.65,417.95,433.25,2669729,EQ,,,
2013-03-04,430.0,430.3,415.45,418.55,1797935,EQ,,,
2013-03-05,421.0,429.65,417.05,425.9,2879786,EQ,,,
2013-03-06,428.65,437.4,428.0,431.35,1926659,EQ,,,
2013-03-07,429.75,434.2,421.65,428.65,1889307,EQ,,,
2013-03-08,431.3,436.45,425.6,433.05,1941421,EQ,,,
2013-03-11,433.05,439.45,427.9,429.4,1961243,EQ,,,
2013-03-12,431.7,432.8,421.05,425.65,1860161,EQ,,,
2013-03-13,420.8,429.8,419.8,422.0,1730564,EQ,,,
2013-03-14,420.5,432.0,416.7,430.05,2323582,EQ,,,
2013-03-15,431.8,434.75,417.2,420.0,2149293,EQ,,,
2013-03-18,416.0,416.7,410.5,411.95,1550419,EQ,,,
2013-03-19,414.2,415.8,393.7,395.75,2213215,EQ,,,
2013-03-20,395.8,395.8,356.3,359.15,4562665,EQ,,,
2013-03-21,360.25,365.85,335.1,337.0,6098056,EQ,,,
2013-03-22,335.1,349.6,334.2,342.9,4538739,EQ,,,
2013-03-25,350.0,355.9,341.0,344.45,3702059,EQ,,,
2013-03-26,341.6,342.3,320.15,323.45,4200625,EQ,,,
2013-03-28,320.0,327.7,315.05,324.45,5876260,EQ,,,
2013-04-01,326.7,341.25,325.1,338.75,3271893,EQ,,,
2013-04-02,335.1,355.6,335.1,351.65,3226570,EQ,,,
2013-04-03,355.0,363.6,339.15,343.6,5366928,EQ,,,
2013-04-04,340.0,344.35,327.2,329.15,3388325,EQ,,,
2013-04-05,328.3,337.8,326.65,330.8,2796792,EQ,,,
2013-04-08,330.8,344.4,330.8,341.6,3043229,EQ,,,
2013-04-09,345.0,347.4,327.5,328.8,3168692,EQ,,,
2013-04-10,332.0,346.35,321.25,344.2,4443284,EQ,,,
2013-04-11,347.3,348.9,331.15,340.35,3978750,EQ,,,
2013-04-12,336.0,352.0,334.95,347.15,3387574,EQ,,,
2013-04-15,345.0,360.75,339.5,355.75,3716506,EQ,,,
2013-04-16,352.0,369.9,351.5,367.15,3618810,EQ,,,
2013-04-17,369.45,373.4,352.5,357.15,3688438,EQ,,,
2013-04-18,356.0,366.8,352.35,364.75,2583815,EQ,,,
2013-04-22,368.05,385.5,358.6,382.45,3836643,EQ,,,
2013-04-23,383.0,388.3,373.05,378.95,3327310,EQ,,,
2013-04-25,382.0,388.65,375.0,376.75,3262486,EQ,,,
2013-04-26,377.9,382.75,364.0,366.45,2516988,EQ,,,
2013-04-29,367.1,385.85,365.05,382.25,2796234,EQ,,,
2013-04-30,385.6,385.75,365.8,375.15,3432923,EQ,,,
2013-05-02,376.0,394.7,375.6,389.7,3781225,EQ,,,
2013-05-03,390.0,404.3,377.1,390.95,5530458,EQ,,,
2013-05-06,392.65,402.8,389.1,399.2,3987936,EQ,,,
2013-05-07,400.75,404.9,397.55,401.6,3013494,EQ,,,
2013-05-08,403.65,405.7,392.3,397.65,2670132,EQ,,,
2013-05-09,398.5,412.9,390.0,402.9,4868105,EQ,,,
2013-05-10,405.0,410.5,402.0,406.5,2677296,EQ,,,
2013-05-11,407.0,408.0,405.5,407.15,235791,EQ,,,
2013-05-13,407.0,409.2,385.0,387.35,2976708,EQ,,,
2013-05-14,388.0,397.05,378.1,389.1,6229896,EQ,,,
2013-05-15,392.5,410.0,392.1,407.8,3715070,EQ,,,
2013-05-16,410.0,423.9,410.0,416.8,3465700,EQ,,,
2013-05-17,417.0,430.0,412.35,426.65,3363194,EQ,,,
2013-05-20,430.0,437.05,421.3,424.6,3232478,EQ,,,
2013-05-21,421.65,423.45,412.4,415.3,3047163,EQ,,,
2013-05-22,417.25,421.95,405.3,408.25,2673310,EQ,,,
2013-05-23,405.0,405.3,365.0,366.6,4637182,EQ,,,
2013-05-24,370.0,379.7,367.0,376.15,3510400,EQ,,,
2013-05-27,380.0,386.8,375.0,385.4,2707758,EQ,,,
2013-05-28,387.35,393.85,381.0,389.6,2974677,EQ,,,
2013-05-29,388.0,389.7,380.15,387.2,2721767,EQ,,,
2013-05-30,383.0,385.5,377.45,382.1,2311249,EQ,,,
2013-05-31,382.0,382.05,359.1,361.35,2615654,EQ,,,
2013-06-03,360.75,370.4,355.3,368.75,2645369,EQ,,,
2013-06-04,369.9,376.8,366.05,367.9,2002434,EQ,,,
2013-06-05,365.65,374.85,362.15,372.8,2769502,EQ,,,
2013-06-06,370.0,385.0,365.1,382.3,3755832,EQ,,,
2013-06-07,381.55,389.7,375.05,377.3,2908977,EQ,,,
2013-06-10,382.6,385.45,367.7,371.6,3029804,EQ,,,
2013-06-11,367.3,371.5,356.95,359.25,3352672,EQ,,,
2013-06-12,356.25,362.7,342.4,344.55,3803941,EQ,,,
2013-06-13,338.0,348.6,336.3,343.55,3291501,EQ,,,
2013-06-14,349.0,361.5,348.5,357.25,2655954,EQ,,,
2013-06-17,357.65,363.75,349.25,361.9,2400622,EQ,,,
2013-06-18,362.0,369.8,359.0,362.45,2745126,EQ,,,
2013-06-19,364.0,368.0,360.15,363.6,2417627,EQ,,,
2013-06-20,355.0,356.35,338.4,339.85,2703665,EQ,,,
2013-06-21,336.95,347.85,326.2,331.95,3262561,EQ,,,
2013-06-24,329.75,330.35,318.05,321.25,2446206,EQ,,,
2013-06-25,325.0,336.45,320.1,330.75,3578174,EQ,,,
2013-06-26,335.0,340.5,327.35,328.7,2998546,EQ,,,
2013-06-27,335.65,337.5,323.25,329.05,3230404,EQ,,,
2013-06-28,336.5,352.0,334.0,349.2,3140763,EQ,,,
2013-07-01,349.0,367.8,346.5,366.5,3360718,EQ,,,
2013-07-02,367.0,373.7,354.1,357.45,4101802,EQ,,,
2013-07-03,352.05,353.45,343.6,347.0,2519572,EQ,,,
2013-07-04,352.05,372.0,345.0,359.6,6131596,EQ,,,
2013-07-05,366.1,370.0,354.65,360.25,3497613,EQ,,,
2013-07-08,355.0,372.0,349.0,368.7,4443192,EQ,,,
2013-07-09,373.9,381.4,367.05,379.3,4032485,EQ,,,
2013-07-10,381.35,384.9,371.4,375.35,4149636,EQ,,,
2013-07-11,382.6,386.4,377.85,381.95,2309940,EQ,,,
2013-07-12,382.15,388.4,376.25,385.65,2619058,EQ,,,
2013-07-15,383.0,392.7,381.55,390.05,2685723,EQ,,,
2013-07-16,380.0,382.9,371.45,373.7,2640243,EQ,,,
2013-07-17,375.25,383.85,363.35,368.55,3113146,EQ,,,
2013-07-18,370.05,391.4,364.4,385.5,3268662,EQ,,,
2013-07-19,389.2,395.9,378.6,388.1,4499344,EQ,,,
2013-07-22,380.0,393.8,378.85,386.7,3085293,EQ,,,
2013-07-23,391.5,401.3,388.0,396.4,3774840,EQ,,,
2013-07-24,390.0,396.9,380.05,384.25,2918713,EQ,,,
2013-07-25,380.1,392.5,375.85,377.45,3822998,EQ,,,
2013-07-26,381.0,383.8,364.55,371.45,2763553,EQ,,,
2013-07-29,369.0,370.75,359.6,362.3,2346804,EQ,,,
2013-07-30,363.0,364.0,334.45,337.2,4286875,EQ,,,
2013-07-31,334.0,344.35,327.05,341.5,3812254,EQ,,,
2013-08-01,344.8,350.0,324.65,329.95,3260347,EQ,,,
2013-08-02,332.6,334.0,308.2,311.8,3317608,EQ,,,
2013-08-05,312.0,326.7,308.25,324.55,3057672,EQ,,,
2013-08-06,320.0,330.7,312.5,321.35,4012059,EQ,,,
2013-08-07,322.35,338.5,321.35,334.65,3125385,EQ,,,
2013-08-08,338.75,350.3,331.65,345.7,2862151,EQ,,,
2013-08-12,347.7,355.9,343.05,350.35,2181268,EQ,,,
2013-08-13,347.1,365.5,346.8,362.8,1918606,EQ,,,
2013-08-14,358.0,363.9,352.3,357.55,2081103,EQ,,,
2013-08-16,353.0,354.85,322.0,325.4,2913727,EQ,,,
2013-08-19,323.0,335.75,315.65,333.5,3219556,EQ,,,
2013-08-20,328.0,340.8,323.1,334.3,2201084,EQ,,,
2013-08-21,339.9,347.0,312.5,316.8,2883877,EQ,,,
2013-08-22,313.0,349.0,309.15,345.2,3807165,EQ,,,
2013-08-23,348.9,361.6,338.85,357.35,5224609,EQ,,,
2013-08-26,361.8,364.8,348.1,352.75,3028950,EQ,,,
2013-08-27,348.75,354.85,329.15,331.35,3643496,EQ,,,
2013-08-28,319.0,340.35,312.4,335.05,4221692,EQ,,,
2013-08-29,339.0,344.0,330.0,340.0,3921655,EQ,,,
2013-08-30,338.5,347.8,331.05,342.3,2793406,EQ,,,
2013-09-02,343.6,354.7,343.4,351.4,2573986,EQ,,,
2013-09-03,354.0,355.0,326.15,329.1,3179806,EQ,,,
2013-09-04,330.0,340.8,325.65,335.7,3089557,EQ,,,
2013-09-05,342.6,357.45,341.15,352.7,3319267,EQ,,,
2013-09-06,353.9,367.95,345.35,366.0,3570725,EQ,,,
2013-09-10,373.0,381.15,368.15,372.3,3159423,EQ,,,
2013-09-11,369.8,381.3,366.05,379.35,2893474,EQ,,,
2013-09-12,380.0,386.9,368.8,373.8,3177853,EQ,,,
2013-09-13,373.1,390.85,371.2,387.65,3563866,EQ,,,
2013-09-16,394.0,396.25,375.2,380.45,2486921,EQ,,,
2013-09-17,379.0,383.7,375.3,379.25,1663134,EQ,,,
2013-09-18,377.5,381.85,371.2,377.65,1882297,EQ,,,
2013-09-19,390.0,401.45,387.7,397.25,3274406,EQ,,,
2013-09-20,396.0,423.0,378.1,410.15,5107737,EQ,,,
2013-09-23,411.2,422.0,404.75,409.1,5362773,EQ,,,
2013-09-24,405.55,416.7,403.0,410.05,3279667,EQ,,,
2013-09-25,410.0,413.1,398.65,408.1,2928658,EQ,,,
2013-09-26,407.05,412.5,400.6,401.95,2943203,EQ,,,
2013-09-27,402.75,406.7,390.2,392.35,3539253,EQ,,,
2013-09-30,387.5,388.4,368.2,370.5,2864404,EQ,,,
2013-10-01,372.4,377.65,363.2,375.9,2457987,EQ,,,
2013-10-03,378.45,392.0,375.8,388.35,2128065,EQ,,,
2013-10-04,385.0,399.7,380.5,393.15,3403264,EQ,,,
2013-10-07,388.0,397.4,382.3,395.45,2792170,EQ,,,
2013-10-08,399.0,405.4,393.1,403.0,3676214,EQ,,,
2013-10-09,401.9,414.45,399.0,412.95,3984909,EQ,,,
2013-10-10,413.0,418.8,409.55,412.6,2983597,EQ,,,
2013-10-11,417.25,418.4,403.0,408.85,2513650,EQ,,,
2013-10-14,407.85,421.95,406.5,417.55,2943133,EQ,,,
2013-10-15,421.7,426.1,407.6,410.85,2978449,EQ,,,
2013-10-17,411.8,416.5,404.35,408.85,2097249,EQ,,,
2013-10-18,410.8,422.5,409.0,420.65,2498689,EQ,,,
2013-10-21,421.3,434.45,419.15,432.3,2937238,EQ,,,
2013-10-22,431.0,439.6,427.2,436.85,2619115,EQ,,,
2013-10-23,437.5,439.95,422.5,427.0,2605782,EQ,,,
2013-10-24,425.7,435.5,423.7,427.7,2175796,EQ,,,
2013-10-25,424.4,428.65,418.1,421.85,1712854,EQ,,,
2013-10-28,424.1,424.1,412.1,413.95,1820627,EQ,,,
2013-10-29,414.9,430.45,409.1,428.9,2222652,EQ,,,
2013-10-30,430.0,434.5,424.65,429.25,1761728,EQ,,,
2013-10-31,426.6,434.5,426.3,431.8,1871229,EQ,,,
2013-11-01,431.35,457.7,431.35,453.8,3398939,EQ,,,
2013-11-03,455.0,456.65,450.55,451.95,288807,EQ,,,
2013-11-05,448.0,463.9,439.2,457.4,2698928,EQ,,,
2013-11-06,458.0,461.9,445.0,446.25,2108788,EQ,,,
2013-11-07,448.5,456.5,436.55,438.3,2176366,EQ,,,
2013-11-08,438.7,453.9,434.55,451.8,2361394,EQ,,,
2013-11-11,453.2,453.2,438.45,441.9,2377026,EQ,,,
2013-11-12,440.0,442.0,416.3,420.1,3324223,EQ,,,
2013-11-13,417.0,421.5,402.8,404.85,3232666,EQ,,,
2013-11-14,409.3,418.85,407.55,413.45,1929105,EQ,,,
2013-11-18,418.0,428.6,416.3,427.3,2008643,EQ,,,
2013-11-19,424.1,430.9,416.7,419.3,2410814,EQ,,,
2013-11-20,417.65,428.0,414.6,417.85,1939405,EQ,,,
2013-11-21,415.0,415.15,407.5,409.35,2222532,EQ,,,
2013-11-22,412.9,414.05,398.0,401.2,2158006,EQ,,,
2013-11-25,405.0,412.0,403.35,410.65,1922273,EQ,,,
2013-11-26,409.3,415.9,405.0,406.5,1774878,EQ,,,
2013-11-27,406.5,410.0,400.5,406.7,1640697,EQ,,,
2013-11-28,408.15,417.1,406.7,413.15,1807979,EQ,,,
2013-11-29,413.05,432.3,413.05,430.35,2692175,EQ,,,
2013-12-02,432.55,437.0,428.05,432.0,1601448,EQ,,,
2013-12-03,430.1,436.2,427.3,430.35,1618376,EQ,,,
2013-12-04,426.55,433.3,423.55,425.1,1738535,EQ,,,
2013-12-05,435.0,442.8,431.35,437.45,2574332,EQ,,,
2013-12-06,439.15,440.3,433.45,438.5,1718485,EQ,,,
2013-12-09,452.0,452.0,441.2,447.9,2159404,EQ,,,
2013-12-10,445.9,447.0,432.1,438.9,1596239,EQ,,,
2013-12-11,436.8,439.5,430.4,435.95,1271165,EQ,,,
2013-12-12,434.75,442.65,432.95,438.5,1599927,EQ,,,
2013-12-13,434.9,436.7,417.5,420.1,1741291,EQ,,,
2013-12-16,418.9,421.8,412.8,419.25,1538263,EQ,,,
2013-12-17,419.0,423.75,410.5,412.05,1537768,EQ,,,
2013-12-18,413.15,430.0,412.4,428.7,1768572,EQ,,,
2013-12-19,431.0,432.6,411.8,413.25,2038516,EQ,,,
2013-12-20,413.0,429.5,408.5,428.05,2085167,EQ,,,
2013-12-23,428.8,435.0,425.15,430.45,1501482,EQ,,,
2013-12-24,430.0,438.4,428.0,434.95,1485145,EQ,,,
2013-12-26,438.05,440.0,425.05,427.1,1716621,EQ,,,
2013-12-27,430.5,434.9,427.7,430.8,1340346,EQ,,,
2013-12-30,433.0,433.5,422.65,424.55,1210387,EQ,,,
2013-12-31,427.0,427.7,420.9,425.75,1034875,EQ,,,
2014-01-01,422.0,434.55,421.9,433.4,1268215,EQ,,,
2014-01-02,432.15,438.9,414.2,416.95,1658802,EQ,,,
2014-01-03,413.9,416.7,406.1,413.45,1759606,EQ,,,
2014-01-06,412.0,414.95,406.55,411.5,1519915,EQ,,,
2014-01-07,412.5,415.9,402.55,404.6,1569895,EQ,,,
2014-01-08,406.4,412.7,406.4,409.5,1534078,EQ,,,
2014-01-09,410.5,411.45,400.6,402.5,1348197,EQ,,,
2014-01-10,404.0,407.6,395.9,398.0,1575406,EQ,,,
2014-01-13,400.0,406.6,396.35,402.5,1180641,EQ,,,
2014-01-14,400.5,404.9,397.3,400.9,996681,EQ,,,
2014-01-15,402.0,408.4,401.55,406.15,1198506,EQ,,,
2014-01-16,407.25,408.95,399.35,400.85,1054095,EQ,,,
2014-01-17,399.0,404.8,397.25,400.65,1250548,EQ,,,
2014-01-20,399.0,403.5,394.15,401.4,1118427,EQ,,,
2014-01-21,403.0,408.9,402.15,404.3,1180421,EQ,,,
2014-01-22,403.8,414.6,402.25,413.15,1476352,EQ,,,
2014-01-23,412.9,414.4,405.8,408.5,1045298,EQ,,,
2014-01-24,405.1,407.15,396.6,398.65,1147053,EQ,,,
2014-01-27,392.1,392.1,374.85,377.8,1144030,EQ,,,
2014-01-28,378.45,383.5,373.45,374.8,1210433,EQ,,,
2014-01-29,378.0,380.8,362.05,364.15,1592800,EQ,,,
2014-01-30,359.15,367.4,358.15,363.8,1714783,EQ,,,
2014-01-31,365.45,373.3,363.0,372.4,1259164,EQ,,,
2014-02-03,371.5,372.55,360.7,361.8,1073115,EQ,,,
2014-02-04,357.0,368.7,354.15,363.65,1034902,EQ,,,
2014-02-05,362.1,366.5,350.3,359.2,2043997,EQ,,,
2014-02-06,362.05,364.95,355.45,361.85,1598554,EQ,,,
2014-02-07,362.1,372.7,362.0,369.3,1484704,EQ,,,
2014-02-10,371.35,372.65,364.15,366.5,710944,EQ,,,
2014-02-11,368.35,368.35,355.3,358.45,1275315,EQ,,,
2014-02-12,361.0,362.9,354.25,358.15,1220459,EQ,,,
2014-02-13,359.0,361.0,353.8,355.4,854803,EQ,,,
2014-02-14,357.2,361.4,353.7,358.75,946871,EQ,,,
2014-02-17,360.35,363.3,351.25,357.3,1065694,EQ,,,
2014-02-18,359.1,372.35,356.75,370.75,1720035,EQ,,,
2014-02-19,372.5,372.5,361.25,364.7,1216096,EQ,,,
2014-02-20,362.2,369.3,359.15,363.85,1037646,EQ,,,
2014-02-21,364.1,367.7,360.45,364.2,950601,EQ,,,
2014-02-24,365.5,367.35,360.2,364.15,893084,EQ,,,
2014-02-25,366.1,368.8,358.15,360.9,1090197,EQ,,,
2014-02-26,362.0,363.3,354.35,361.0,1143746,EQ,,,
2014-02-28,361.55,364.75,355.0,362.9,1135422,EQ,,,
2014-03-03,361.95,362.7,353.0,354.55,1223710,EQ,,,
2014-03-04,355.75,363.9,351.25,361.95,1330596,EQ,,,
2014-03-05,365.05,366.4,355.6,362.4,1106516,EQ,,,
2014-03-06,364.2,408.75,363.2,398.3,8062745,EQ,,,
2014-03-07,402.0,409.4,393.4,400.7,3997258,EQ,,,
2014-03-10,397.0,413.8,396.4,404.3,2297741,EQ,,,
2014-03-11,408.8,439.8,407.55,423.7,7955093,EQ,,,
2014-03-12,423.7,426.95,411.2,415.55,2380335,EQ,,,
2014-03-13,417.95,424.8,402.0,404.95,1878186,EQ,,,
2014-03-14,400.9,409.7,394.4,408.4,2463795,EQ,,,
2014-03-18,411.0,418.9,403.25,407.15,1841133,EQ,,,
2014-03-19,409.0,420.0,408.1,415.5,1978203,EQ,,,
2014-03-20,415.5,415.5,405.35,407.05,1278940,EQ,,,
2014-03-21,411.0,412.5,403.65,408.55,1251979,EQ,,,
2014-03-22,410.95,410.95,407.6,409.25,106340,EQ,,,
2014-03-24,412.7,419.0,411.8,414.45,1110731,EQ,,,
2014-03-25,415.0,425.25,410.3,422.15,1926465,EQ,,,
2014-03-26,423.95,429.8,421.0,422.8,2107298,EQ,,,
2014-03-27,422.0,428.0,417.85,421.0,1831459,EQ,,,
2014-03-28,423.5,437.8,422.85,435.25,1906056,EQ,,,
2014-03-31,437.45,445.7,428.5,433.65,2086085,EQ,,,
2014-04-01,436.5,440.45,428.5,434.1,1290237,EQ,,,
2014-04-02,437.2,456.0,435.05,452.3,2696507,EQ,,,
2014-04-03,454.35,454.35,439.15,447.2,2053188,EQ,,,
2014-04-04,446.0,464.0,441.8,455.95,3643263,EQ,,,
2014-04-07,457.0,464.0,444.05,451.75,1776241,EQ,,,
2014-04-09,454.2,467.85,452.0,462.7,2302077,EQ,,,
2014-04-10,463.1,519.2,460.15,503.2,7141830,EQ,,,
2014-04-11,503.0,515.0,492.2,505.0,3836932,EQ,,,
2014-04-15,504.0,513.0,496.0,500.7,1931748,EQ,,,
2014-04-16,500.0,524.8,497.65,504.6,4096256,EQ,,,
2014-04-17,507.0,524.4,506.9,522.1,2945686,EQ,,,
2014-04-21,525.0,539.4,518.0,532.25,2223345,EQ,,,
2014-04-22,534.8,541.2,525.75,527.75,1852374,EQ,,,
2014-04-23,528.5,532.7,518.15,522.25,1643157,EQ,,,
2014-04-25,521.0,532.0,517.3,523.05,1845074,EQ,,,
2014-04-28,523.05,528.9,520.1,523.75,1256373,EQ,,,
2014-04-29,525.0,543.35,518.0,530.95,2476233,EQ,,,
2014-04-30,534.0,537.8,497.55,508.6,2933264,EQ,,,
2014-05-02,513.4,523.5,508.0,518.8,1708464,EQ,,,
2014-05-05,518.8,529.2,514.75,519.1,1371755,EQ,,,
2014-05-06,520.55,525.2,507.15,512.95,1682591,EQ,,,
2014-05-07,510.0,519.0,504.1,512.15,1881415,EQ,,,
2014-05-08,515.2,517.3,507.8,514.1,1580136,EQ,,,
2014-05-09,515.0,550.4,511.05,544.3,2868406,EQ,,,
2014-05-12,549.55,568.05,546.8,558.7,2025115,EQ,,,
2014-05-13,565.0,597.2,558.7,588.6,3616989,EQ,,,
2014-05-14,582.0,599.5,580.4,590.15,2603677,EQ,,,
2014-05-15,594.0,598.85,578.6,585.95,1815617,EQ,,,
2014-05-16,609.4,644.0,593.3,626.25,5041827,EQ,,,
2014-05-19,634.0,740.0,633.0,731.6,7539193,EQ,,,
2014-05-20,732.0,744.45,707.3,711.3,4737899,EQ,,,
2014-05-21,712.75,723.7,684.5,695.6,3149983,EQ,,,
2014-05-22,701.0,719.9,695.25,711.5,3069789,EQ,,,
2014-05-23,717.55,732.75,712.0,727.75,3326637,EQ,,,
2014-05-26,736.4,763.9,675.05,704.3,3589630,EQ,,,
2014-05-27,708.95,709.8,668.5,697.25,2071515,EQ,,,
2014-05-28,701.9,707.9,688.2,700.05,2458905,EQ,,,
2014-05-29,701.9,704.8,677.4,680.85,2139871,EQ,,,
2014-05-30,683.0,704.0,679.2,690.8,2895390,EQ,,,
2014-06-02,697.05,734.0,693.1,727.7,3731476,EQ,,,
2014-06-03,730.3,733.3,707.0,720.65,3144641,EQ,,,
2014-06-04,720.0,748.0,718.75,732.55,4345367,EQ,,,
2014-06-05,736.1,791.3,736.1,781.3,7348140,EQ,,,
2014-06-06,789.3,796.9,770.3,786.85,3494312,EQ,,,
2014-06-09,797.5,819.4,795.6,808.75,3739670,EQ,,,
2014-06-10,813.9,819.9,771.1,810.15,3700580,EQ,,,
2014-06-11,813.0,816.6,771.6,782.1,3619426,EQ,,,
2014-06-12,777.95,793.5,763.25,776.85,2639024,EQ,,,
2014-06-13,779.3,787.6,735.25,742.25,2571606,EQ,,,
2014-06-16,742.25,756.95,714.6,752.0,3418461,EQ,,,
2014-06-17,755.3,771.95,741.2,768.6,3147832,EQ,,,
2014-06-18,765.0,776.0,740.1,748.9,2850044,EQ,,,
2014-06-19,752.9,761.7,728.4,735.55,2131454,EQ,,,
2014-06-20,731.55,745.9,722.65,726.65,1892512,EQ,,,
2014-06-23,723.0,732.6,698.25,706.3,3161669,EQ,,,
2014-06-24,710.05,735.0,710.0,729.8,3319511,EQ,,,
2014-06-25,735.1,748.3,735.1,741.1,2038844,EQ,,,
2014-06-26,735.1,743.7,716.3,719.15,1953109,EQ,,,
2014-06-27,724.0,738.0,720.1,734.35,2030630,EQ,,,
2014-06-30,737.0,778.7,736.1,773.5,3095584,EQ,,,
2014-07-01,778.8,784.8,762.5,774.5,2154937,EQ,,,
2014-07-02,780.1,795.0,778.0,787.15,2097328,EQ,,,
2014-07-03,790.95,808.8,771.1,794.7,3261708,EQ,,,
2014-07-04,795.0,802.0,773.65,791.9,2082761,EQ,,,
2014-07-07,794.8,807.8,790.25,801.8,2114591,EQ,,,
2014-07-08,803.9,814.5,733.0,749.4,3646876,EQ,,,
2014-07-09,742.9,776.2,731.0,749.85,4413990,EQ,,,
2014-07-10,752.1,795.0,715.25,764.95,5616407,EQ,,,
2014-07-11,767.0,783.35,712.0,718.65,4167618,EQ,,,
2014-07-14,716.0,728.8,706.0,718.35,2017942,EQ,,,
2014-07-15,725.0,772.4,722.0,764.55,3197697,EQ,,,
2014-07-16,773.95,783.7,758.9,780.2,2745024,EQ,,,
2014-07-17,775.0,791.8,770.6,786.85,2537350,EQ,,,
2014-07-18,777.0,778.5,755.0,766.75,2466123,EQ,,,
2014-07-21,773.0,782.9,761.7,766.5,1875605,EQ,,,
2014-07-22,770.3,776.25,748.2,756.7,1912539,EQ,,,
2014-07-23,760.2,766.45,741.6,752.5,1620444,EQ,,,
2014-07-24,754.0,767.0,747.9,759.4,1819849,EQ,,,
2014-07-25,758.0,759.5,721.0,732.85,1952865,EQ,,,
2014-07-28,736.0,746.5,724.0,735.45,1618023,EQ,,,
2014-07-30,738.0,756.8,727.65,752.65,1636046,EQ,,,
2014-07-31,747.0,762.0,737.5,741.4,2234713,EQ,,,
2014-08-01,730.0,751.9,725.0,732.45,1818968,EQ,,,
2014-08-04,738.0,762.6,728.25,751.2,1798472,EQ,,,
2014-08-05,755.0,774.8,747.25,771.8,2570858,EQ,,,
2014-08-06,769.5,779.0,758.1,760.9,1906426,EQ,,,
2014-08-07,763.5,767.8,745.15,748.25,1731892,EQ,,,
2014-08-08,740.6,741.15,715.05,716.6,1850696,EQ,,,
2014-08-11,727.8,730.85,703.05,708.65,2117357,EQ,,,
2014-08-12,714.5,730.0,711.25,726.75,1633730,EQ,,,
2014-08-13,724.9,726.35,692.0,705.2,2105855,EQ,,,
2014-08-14,706.95,718.2,695.1,714.95,1990725,EQ,,,
2014-08-18,711.0,731.8,708.7,725.55,1366037,EQ,,,
2014-08-19,729.0,735.0,723.3,731.05,1191087,EQ,,,
2014-08-20,724.05,737.1,724.05,728.35,1265485,EQ,,,
2014-08-21,727.0,734.7,716.0,724.0,1264320,EQ,,,
2014-08-22,723.65,734.9,717.6,731.5,1554237,EQ,,,
2014-08-25,729.0,737.2,696.25,702.85,2065815,EQ,,,
2014-08-26,698.0,704.9,682.0,699.7,2183716,EQ,,,
2014-08-27,702.7,707.3,691.2,699.8,1496061,EQ,,,
2014-08-28,702.5,706.7,691.15,699.3,3767094,EQ,,,
2014-09-01,700.0,737.95,700.0,735.1,2242797,EQ,,,
2014-09-02,732.1,754.7,732.1,749.5,2253840,EQ,,,
2014-09-03,752.65,756.0,731.35,735.75,1964368,EQ,,,
2014-09-04,734.0,739.45,711.3,716.45,1605097,EQ,,,
2014-09-05,712.35,722.8,699.75,704.25,1629713,EQ,,,
2014-09-08,703.6,708.85,686.7,690.05,1770904,EQ,,,
2014-09-09,690.5,703.3,690.0,698.7,1612493,EQ,,,
2014-09-10,694.1,710.6,693.95,704.55,1562214,EQ,,,
2014-09-11,708.8,711.7,696.1,701.65,1270740,EQ,,,
2014-09-12,697.15,705.1,687.05,690.7,1403970,EQ,,,
2014-09-15,684.0,698.0,682.0,689.0,1133993,EQ,,,
2014-09-16,689.0,693.55,648.2,651.9,1643788,EQ,,,
2014-09-17,650.0,661.75,636.05,657.0,2130420,EQ,,,
2014-09-18,648.0,677.3,646.0,674.2,2296464,EQ,,,
2014-09-19,675.0,676.8,642.2,647.2,2485040,EQ,,,
2014-09-22,640.7,647.95,635.2,641.7,1205957,EQ,,,
2014-09-23,640.0,657.75,630.0,636.4,2327069,EQ,,,
2014-09-24,633.0,645.0,610.0,636.4,2231846,EQ,,,
2014-09-25,633.1,639.8,591.75,598.35,2233443,EQ,,,
2014-09-26,593.05,610.15,580.05,593.7,2846550,EQ,,,
2014-09-29,592.35,605.0,588.6,593.45,1642568,EQ,,,
2014-09-30,590.05,600.0,571.0,585.45,2476606,EQ,,,
2014-10-01,582.1,600.9,582.1,592.55,1609953,EQ,,,
2014-10-07,586.6,594.8,564.5,567.6,1713294,EQ,,,
2014-10-08,563.35,576.0,555.55,572.3,1860298,EQ,,,
2014-10-09,576.85,592.0,571.2,585.7,1847959,EQ,,,
2014-10-10,579.8,598.75,566.9,582.1,2168486,EQ,,,
2014-10-13,576.3,589.8,570.1,583.2,1678577,EQ,,,
2014-10-14,586.1,588.85,562.3,571.8,1779181,EQ,,,
2014-10-16,564.0,578.7,542.0,546.1,2913194,EQ,,,
2014-10-17,548.95,563.0,542.1,554.25,2134866,EQ,,,
2014-10-20,565.15,572.5,554.05,561.95,1701784,EQ,,,
2014-10-21,564.0,583.95,562.0,578.95,2071412,EQ,,,
2014-10-22,586.0,587.0,573.1,579.15,1454929,EQ,,,
2014-10-23,581.8,582.4,577.55,579.55,147460,EQ,,,
2014-10-27,579.6,581.0,565.0,568.5,958191,EQ,,,
2014-10-28,569.5,579.0,562.1,575.25,1552026,EQ,,,
2014-10-29,580.0,582.7,570.6,581.1,1632220,EQ,,,
2014-10-30,578.35,600.95,575.3,597.55,2721352,EQ,,,
2014-10-31,605.0,641.7,602.0,637.2,4157925,EQ,,,
2014-11-03,640.0,657.3,636.2,649.15,2177882,EQ,,,
2014-11-05,653.0,656.6,629.35,632.05,2247798,EQ,,,
2014-11-07,630.75,643.15,625.05,629.35,1862934,EQ,,,
2014-11-10,633.0,649.6,633.0,640.85,2170968,EQ,,,
2014-11-11,643.95,651.8,631.5,643.25,2216755,EQ,,,
2014-11-12,645.5,648.4,632.35,636.7,1749766,EQ,,,
2014-11-13,639.0,644.55,615.5,620.9,1602582,EQ,,,
2014-11-14,624.0,626.4,610.65,621.1,1948213,EQ,,,
2014-11-17,615.2,641.75,615.2,638.45,1967409,EQ,,,
2014-11-18,639.0,662.35,639.0,657.25,3644009,EQ,,,
2014-11-19,661.95,671.9,635.05,638.95,3594724,EQ,,,
2014-11-20,639.7,640.95,618.55,626.5,1723781,EQ,,,
2014-11-21,626.55,639.5,620.55,623.75,1563172,EQ,,,
2014-11-24,628.55,632.4,614.3,618.3,1397235,EQ,,,
2014-11-25,617.3,617.3,580.15,586.5,2730166,EQ,,,
2014-11-26,590.0,607.2,584.65,599.15,2650441,EQ,,,
2014-11-27,600.1,611.6,594.2,597.9,2822358,EQ,,,
2014-11-28,600.0,617.4,600.0,609.6,2545320,EQ,,,
2014-12-01,606.0,610.35,590.1,594.95,1685643,EQ,,,
2014-12-02,589.0,610.0,585.75,606.1,2108584,EQ,,,
2014-12-03,603.35,615.6,601.0,606.05,1750564,EQ,,,
2014-12-04,606.7,612.8,591.5,595.85,1898530,EQ,,,
2014-12-05,598.0,600.55,584.5,587.65,1783648,EQ,,,
2014-12-08,587.1,593.0,570.05,572.55,1746068,EQ,,,
2014-12-09,568.2,577.4,551.5,553.15,1687724,EQ,,,
2014-12-10,552.0,566.0,548.25,562.65,2041465,EQ,,,
2014-12-11,561.0,565.0,544.3,547.45,1969133,EQ,,,
2014-12-12,549.1,554.25,525.0,529.1,2442361,EQ,,,
2014-12-15,522.8,531.55,517.2,524.15,1865902,EQ,,,
2014-12-16,518.9,526.6,493.6,496.8,2501041,EQ,,,
2014-12-17,493.0,499.0,472.2,481.1,3520336,EQ,,,
2014-12-18,491.1,507.85,491.1,504.85,2311868,EQ,,,
2014-12-19,510.55,514.95,490.3,492.75,1992125,EQ,,,
2014-12-22,492.5,509.45,486.2,506.75,2283928,EQ,,,
2014-12-23,506.0,507.45,486.4,490.45,2128956,EQ,,,
2014-12-24,487.65,506.5,485.85,498.5,3090700,EQ,,,
2014-12-26,500.05,501.0,490.1,496.05,1462812,EQ,,,
2014-12-29,496.6,519.0,496.5,507.55,2456847,EQ,,,
2014-12-30,509.0,511.9,502.7,508.8,1777141,EQ,,,
2014-12-31,508.35,516.9,506.55,512.05,1310816,EQ,,,
2015-01-01,509.1,516.0,507.65,512.25,833198,EQ,,,
2015-01-02,512.3,526.0,511.25,518.05,1738267,EQ,,,
2015-01-05,518.9,523.8,512.0,515.05,1325028,EQ,,,
2015-01-06,509.9,510.0,485.05,487.55,2099712,EQ,,,
2015-01-07,487.0,491.0,472.5,476.7,2064801,EQ,,,
2015-01-08,485.0,494.6,480.1,488.55,2379775,EQ,,,
2015-01-09,495.35,498.2,478.2,485.35,2059545,EQ,,,
2015-01-12,485.0,491.95,478.2,485.05,1474108,EQ,,,
2015-01-13,486.35,492.0,472.25,475.95,1859062,EQ,,,
2015-01-14,479.0,479.5,458.8,462.1,2318205,EQ,,,
2015-01-15,476.0,489.8,466.35,486.85,2801539,EQ,,,
2015-01-16,484.4,494.85,476.65,485.75,1988487,EQ,,,
2015-01-19,486.25,495.8,486.0,490.05,1242509,EQ,,,
2015-01-20,492.0,500.65,490.15,495.45,1807424,EQ,,,
2015-01-21,498.4,499.35,479.5,482.6,1869280,EQ,,,
2015-01-22,483.0,487.5,472.25,477.1,1785509,EQ,,,
2015-01-23,483.0,488.2,465.3,484.25,3265868,EQ,,,
2015-01-27,487.0,489.95,477.2,483.1,1660616,EQ,,,
2015-01-28,482.8,487.7,474.1,481.05,1641798,EQ,,,
2015-01-29,481.95,484.3,476.05,479.5,1219310,EQ,,,
2015-01-30,482.0,514.3,482.0,508.25,4284961,EQ,,,
2015-02-02,506.5,521.95,503.4,517.25,2257809,EQ,,,
2015-02-03,520.0,521.05,498.75,500.8,2243651,EQ,,,
2015-02-04,502.3,509.3,494.45,497.8,2090857,EQ,,,
2015-02-05,498.5,500.1,466.0,469.8,2429948,EQ,,,
2015-02-06,469.7,475.85,453.6,458.8,2080196,EQ,,,
2015-02-09,445.7,445.7,417.5,419.35,3199910,EQ,,,
2015-02-10,410.0,432.8,400.35,421.35,5239287,EQ,,,
2015-02-11,424.45,428.15,415.65,421.9,2383284,EQ,,,
2015-02-12,425.35,444.7,425.35,441.65,3815787,EQ,,,
2015-02-13,444.95,454.5,439.0,446.7,2195137,EQ,,,
2015-02-16,452.9,459.8,447.5,450.6,2178005,EQ,,,
2015-02-18,452.95,463.35,448.8,457.35,1907976,EQ,,,
2015-02-19,461.0,472.65,448.0,468.85,2244515,EQ,,,
2015-02-20,470.15,475.5,463.2,465.95,1951489,EQ,,,
2015-02-23,465.05,473.25,456.0,459.9,1946904,EQ,,,
2015-02-24,458.9,461.8,449.0,455.7,1817865,EQ,,,
2015-02-25,457.3,461.0,454.0,457.25,1358363,EQ,,,
2015-02-26,452.85,464.9,450.05,455.75,2485101,EQ,,,
2015-02-27,459.9,474.9,457.3,473.2,2071597,EQ,,,
2015-02-28,478.4,489.9,466.0,475.45,3057181,EQ,,,
2015-03-02,479.3,486.0,468.45,479.45,2022963,EQ,,,
2015-03-03,483.0,498.8,480.65,494.5,2873570,EQ,,,
2015-03-04,500.0,507.9,471.0,475.4,3731895,EQ,,,
2015-03-05,482.45,492.5,479.35,490.05,4132334,EQ,,,
2015-03-09,486.0,488.65,465.15,467.45,1747751,EQ,,,
2015-03-10,468.0,471.5,453.3,458.25,1736379,EQ,,,
2015-03-11,459.0,463.4,453.0,459.25,1678507,EQ,,,
2015-03-12,462.0,486.95,461.8,484.55,2751280,EQ,,,
2015-03-13,490.0,495.6,460.3,462.4,2720554,EQ,,,
2015-03-16,464.15,465.15,451.4,454.6,1354473,EQ,,,
2015-03-17,458.2,462.2,448.1,457.0,1970987,EQ,,,
2015-03-18,454.35,460.8,450.05,453.85,1660627,EQ,,,
2015-03-19,460.0,468.9,451.25,454.6,2092858,EQ,,,
2015-03-20,450.7,453.5,435.0,436.4,2124185,EQ,,,
2015-03-23,431.1,438.65,427.55,434.05,2196803,EQ,,,
2015-03-24,433.0,435.0,420.3,424.9,1804957,EQ,,,
2015-03-25,427.0,430.4,421.5,427.0,1428387,EQ,,,
2015-03-26,424.1,433.75,422.7,425.1,1817375,EQ,,,
2015-03-27,429.3,433.45,416.0,421.0,2258790,EQ,,,
2015-03-30,424.5,435.0,424.5,433.55,1035660,EQ,,,
2015-03-31,436.0,440.4,429.0,433.8,1640081,EQ,,,
2015-04-01,433.5,444.0,429.5,442.4,1041266,EQ,,,
2015-04-06,436.2,437.5,421.0,431.4,2346346,EQ,,,
2015-04-07,435.0,445.2,426.3,443.15,2054644,EQ,,,
2015-04-08,444.9,460.5,439.55,453.95,2240525,EQ,,,
2015-04-09,457.4,459.9,448.0,455.6,1653255,EQ,,,
2015-04-10,455.0,482.95,451.1,474.15,3293585,EQ,,,
2015-04-13,475.0,478.5,466.1,471.85,1824187,EQ,,,
2015-04-15,473.6,481.0,460.2,464.2,2047236,EQ,,,
2015-04-16,463.0,465.0,450.2,454.95,1762519,EQ,,,
2015-04-17,454.8,464.35,450.3,453.25,1649879,EQ,,,
2015-04-20,455.0,456.3,430.0,431.55,1623290,EQ,,,
2015-04-21,430.9,435.85,421.95,424.0,2167749,EQ,,,
2015-04-22,427.0,433.8,420.6,431.9,2239123,EQ,,,
2015-04-23,434.1,437.1,423.85,425.7,1826014,EQ,,,
2015-04-24,426.8,430.8,422.35,426.1,1856503,EQ,,,
2015-04-27,428.9,429.3,408.0,410.55,1436392,EQ,,,
2015-04-28,409.7,421.9,405.2,418.9,1770474,EQ,,,
2015-04-29,418.0,418.8,409.6,412.25,1243209,EQ,,,
2015-04-30,410.0,417.45,407.05,414.5,2477023,EQ,,,
2015-05-04,417.9,435.95,415.05,434.9,1673266,EQ,,,
2015-05-05,437.0,447.4,434.4,442.9,2307976,EQ,,,
2015-05-06,440.7,444.0,408.3,411.3,2406511,EQ,,,
2015-05-07,409.8,411.0,392.1,396.4,1879673,EQ,,,
2015-05-08,401.45,409.8,398.1,404.45,1782948,EQ,,,
2015-05-11,406.7,415.0,405.5,412.85,1790883,EQ,,,
2015-05-12,410.75,411.0,399.35,402.05,2767740,EQ,,,
2015-05-13,399.4,426.6,398.0,422.8,3622466,EQ,,,
2015-05-14,419.15,439.5,412.25,434.45,2871742,EQ,,,
2015-05-15,435.0,441.8,428.6,435.2,1663896,EQ,,,
2015-05-18,435.0,443.55,429.1,440.7,1773860,EQ,,,
2015-05-19,439.0,459.65,436.0,457.35,2093621,EQ,,,
2015-05-20,457.0,460.6,446.9,452.8,2506231,EQ,,,
2015-05-21,454.0,454.7,443.7,448.05,1842179,EQ,,,
2015-05-22,448.8,455.0,440.65,446.6,1974399,EQ,,,
2015-05-25,446.4,448.8,430.2,432.45,1781626,EQ,,,
2015-05-26,433.9,435.95,425.3,427.45,2116867,EQ,,,
2015-05-27,424.0,429.3,417.7,421.3,2308325,EQ,,,
2015-05-28,428.4,429.9,410.5,416.7,2892388,EQ,,,
2015-05-29,417.5,423.55,401.5,409.35,11854444,EQ,,,
2015-06-01,410.95,416.7,406.8,408.8,1712746,EQ,,,
2015-06-02,411.0,413.45,400.9,402.55,2195538,EQ,,,
2015-06-03,402.95,403.75,347.0,373.55,3824773,EQ,,,
2015-06-04,375.2,376.0,361.05,370.75,3080609,EQ,,,
2015-06-05,367.0,382.9,367.0,375.75,2442876,EQ,,,
2015-06-08,377.0,379.5,361.3,369.3,1994956,EQ,,,
2015-06-09,368.8,377.4,366.5,372.65,2199169,EQ,,,
2015-06-10,374.5,381.5,370.15,374.7,2441908,EQ,,,
2015-06-11,377.0,378.9,357.35,359.9,1890236,EQ,,,
2015-06-12,361.0,364.8,353.75,361.95,1913327,EQ,,,
2015-06-15,364.45,368.6,360.0,365.5,1759832,EQ,,,
2015-06-16,364.8,364.8,350.7,357.95,2778163,EQ,,,
2015-06-17,360.0,366.4,356.0,361.45,1631086,EQ,,,
2015-06-18,362.0,371.05,360.5,364.95,1973760,EQ,,,
2015-06-19,368.35,368.45,358.4,363.5,1550088,EQ,,,
2015-06-22,365.25,380.4,365.0,376.95,1856210,EQ,,,
2015-06-23,378.7,382.6,372.6,377.35,1738344,EQ,,,
2015-06-24,377.0,378.85,366.05,368.8,1588702,EQ,,,
2015-06-25,367.0,382.6,363.05,377.85,1989762,EQ,,,
2015-06-26,376.5,393.25,370.75,386.75,3450622,EQ,,,
2015-06-29,371.2,384.45,368.15,381.55,2289460,EQ,,,
2015-06-30,378.2,392.5,378.2,388.45,2470352,EQ,,,
2015-07-01,388.45,396.0,387.25,390.0,1881109,EQ,,,
2015-07-02,392.0,396.1,386.1,388.15,1258955,EQ,,,
2015-07-03,386.5,392.2,382.2,385.05,1090649,EQ,,,
2015-07-06,379.15,391.45,374.4,390.0,1344438,EQ,,,
2015-07-07,390.15,413.7,389.8,410.95,3691115,EQ,,,
2015-07-08,403.9,409.15,393.3,403.5,2913104,EQ,,,
2015-07-09,405.9,418.2,400.75,411.25,2817314,EQ,,,
2015-07-10,413.35,417.3,401.0,403.05,2071119,EQ,,,
2015-07-13,404.8,419.75,404.3,414.45,2758649,EQ,,,
2015-07-14,414.0,416.5,406.85,408.95,1675557,EQ,,,
2015-07-15,410.4,415.4,407.1,408.6,1330859,EQ,,,
2015-07-16,412.95,417.2,410.05,412.5,1544820,EQ,,,
2015-07-17,413.6,429.55,412.75,424.55,2597334,EQ,,,
2015-07-20,426.3,431.8,423.95,426.65,2090788,EQ,,,
2015-07-21,425.0,426.6,405.7,408.1,1445120,EQ,,,
2015-07-22,405.0,420.4,404.0,418.65,1305101,EQ,,,
2015-07-23,420.2,424.5,413.5,418.4,1533238,EQ,,,
2015-07-24,418.0,421.4,408.65,411.1,1133713,EQ,,,
2015-07-27,409.0,411.1,387.65,390.35,1458356,EQ,,,
2015-07-28,389.8,394.7,383.45,390.25,1534846,EQ,,,
2015-07-29,391.5,393.8,382.0,389.25,1114773,EQ,,,
2015-07-30,392.5,415.8,391.0,411.5,3071393,EQ,,,
2015-07-31,413.65,422.7,409.75,414.6,1928679,EQ,,,
2015-08-03,415.9,429.0,412.75,423.55,1552541,EQ,,,
2015-08-04,424.3,433.75,417.2,423.9,2124652,EQ,,,
2015-08-05,424.9,435.5,424.9,428.05,1778184,EQ,,,
2015-08-06,431.45,435.0,423.25,424.85,1502559,EQ,,,
2015-08-07,423.05,426.9,416.1,419.1,1478264,EQ,,,
2015-08-10,420.0,422.6,401.4,407.05,1275192,EQ,,,
2015-08-11,406.45,409.8,397.5,401.85,1381898,EQ,,,
2015-08-12,400.0,402.3,378.2,380.55,1629647,EQ,,,
2015-08-13,383.2,392.1,356.7,362.4,2683050,EQ,,,
2015-08-14,365.0,374.8,357.0,371.5,2077795,EQ,,,
2015-08-17,372.1,376.4,362.0,370.9,1653275,EQ,,,
2015-08-18,371.1,374.2,363.15,366.85,1382166,EQ,,,
2015-08-19,366.0,370.8,362.8,365.85,1058418,EQ,,,
2015-08-20,364.0,365.8,348.1,350.5,1674425,EQ,,,
2015-08-21,344.0,354.8,338.05,352.6,1793808,EQ,,,
2015-08-24,337.9,339.5,291.2,299.35,3150998,EQ,,,
2015-08-25,307.0,314.55,281.55,309.55,4253641,EQ,,,
2015-08-26,304.6,342.5,300.1,337.2,4804425,EQ,,,
2015-08-27,339.5,362.0,330.8,353.0,3586120,EQ,,,
2015-08-28,358.7,358.7,336.0,341.8,3034413,EQ,,,
2015-08-31,339.5,347.0,332.65,341.55,2299739,EQ,,,
2015-09-01,335.0,339.5,330.05,333.0,1729692,EQ,,,
2015-09-02,336.0,344.65,331.2,335.65,1921865,EQ,,,
2015-09-03,339.9,342.9,334.45,339.2,1235871,EQ,,,
2015-09-04,337.5,337.6,320.0,322.9,2109403,EQ,,,
2015-09-07,325.0,331.75,320.8,325.85,1542026,EQ,,,
2015-09-08,327.9,332.8,312.5,327.8,1997730,EQ,,,
2015-09-09,335.0,344.5,330.4,341.05,1667737,EQ,,,
2015-09-10,334.0,348.0,328.4,344.6,2034293,EQ,,,
2015-09-11,346.05,352.35,338.0,341.4,1634183,EQ,,,
2015-09-14,343.8,358.8,341.6,355.9,2047926,EQ,,,
2015-09-15,352.95,355.4,343.05,345.6,1486887,EQ,,,
2015-09-16,345.95,347.0,337.6,340.5,1482359,EQ,,,
2015-09-18,343.2,350.0,334.95,342.75,2703567,EQ,,,
2015-09-21,340.65,342.25,335.55,338.2,2411163,EQ,,,
2015-09-22,341.35,342.95,324.3,327.25,2071516,EQ,,,
2015-09-23,321.35,338.3,321.35,336.9,1671622,EQ,,,
2015-09-24,333.05,341.0,327.05,337.35,2768885,EQ,,,
2015-09-28,339.7,348.5,337.35,346.35,1557737,EQ,,,
2015-09-29,339.55,353.5,333.15,349.2,2230341,EQ,,,
2015-09-30,351.6,354.6,345.2,347.9,1930732,EQ,,,
2015-10-01,351.4,357.6,346.5,348.3,1769518,EQ,,,
2015-10-05,351.0,359.65,350.25,357.65,1289198,EQ,,,
2015-10-06,359.55,362.75,353.85,357.95,1201941,EQ,,,
2015-10-07,358.0,370.6,355.2,365.55,2296173,EQ,,,
2015-10-08,369.8,372.0,361.2,365.35,1835387,EQ,,,
2015-10-09,368.5,370.7,361.65,363.9,937765,EQ,,,
2015-10-12,365.0,373.0,361.15,364.45,1454559,EQ,,,
2015-10-13,363.85,375.95,363.0,372.2,2185811,EQ,,,
2015-10-14,372.0,377.9,368.2,369.65,1286029,EQ,,,
2015-10-15,371.1,377.7,371.0,374.45,1185213,EQ,,,
2015-10-16,375.0,386.75,373.0,381.75,1956390,EQ,,,
2015-10-19,383.0,386.7,378.25,382.15,1299537,EQ,,,
2015-10-20,382.5,389.9,380.1,383.2,1675337,EQ,,,
2015-10-21,383.0,391.3,378.6,382.6,1535811,EQ,,,
2015-10-23,386.65,388.5,378.1,381.4,918176,EQ,,,
2015-10-26,383.9,387.25,379.25,383.55,1107102,EQ,,,
2015-10-27,380.0,388.4,379.2,386.35,1316113,EQ,,,
2015-10-28,383.25,385.5,379.1,380.85,856593,EQ,,,
2015-10-29,380.0,384.75,377.25,378.25,1483741,EQ,,,
2015-10-30,380.0,410.6,377.75,396.45,3808414,EQ,,,
2015-11-02,395.1,397.0,387.4,390.8,1388504,EQ,,,
2015-11-03,392.7,397.6,388.4,391.3,1688862,EQ,,,
2015-11-04,393.5,404.4,393.15,399.35,2749903,EQ,,,
2015-11-05,399.35,403.1,395.25,398.65,2176419,EQ,,,
2015-11-06,400.35,402.25,382.5,386.5,1453536,EQ,,,
2015-11-09,380.0,398.25,372.35,396.15,1642676,EQ,,,
2015-11-10,394.9,399.2,379.1,380.45,1650314,EQ,,,
2015-11-11,383.9,386.8,383.0,384.9,162931,EQ,,,
2015-11-13,381.0,408.8,380.4,394.25,3276341,EQ,,,
2015-11-16,391.6,419.45,390.4,417.4,3299882,EQ,,,
2015-11-17,421.2,421.5,407.5,415.95,2571834,EQ,,,
2015-11-18,413.6,421.0,402.6,405.25,2135206,EQ,,,
2015-11-19,406.6,412.3,401.5,410.55,1543074,EQ,,,
2015-11-20,412.5,427.5,407.35,418.1,2851375,EQ,,,
2015-11-23,419.9,421.45,413.55,416.55,1620582,EQ,,,
2015-11-24,414.0,424.0,413.5,418.5,1933542,EQ,,,
2015-11-26,420.0,434.5,419.4,432.85,2721477,EQ,,,
2015-11-27,433.05,440.9,427.5,431.95,2183888,EQ,,,
2015-11-30,428.0,456.15,426.7,452.05,3441998,EQ,,,
2015-12-01,453.95,454.35,445.6,449.25,1569483,EQ,,,
2015-12-02,450.25,452.6,440.05,445.45,1370989,EQ,,,
2015-12-03,443.0,463.95,442.0,456.35,3669395,EQ,,,
2015-12-04,454.8,464.0,446.2,447.95,2451758,EQ,,,
2015-12-07,451.55,455.8,444.3,449.0,1512041,EQ,,,
2015-12-08,445.05,451.0,428.05,430.75,1551827,EQ,,,
2015-12-09,429.0,434.9,418.9,423.2,2337700,EQ,,,
2015-12-10,425.35,438.0,419.65,435.55,2507946,EQ,,,
2015-12-11,438.5,438.85,417.15,419.95,2055766,EQ,,,
2015-12-14,418.0,424.85,414.35,419.75,1930741,EQ,,,
2015-12-15,421.0,427.65,418.55,423.15,1596462,EQ,,,
2015-12-16,425.5,443.9,424.1,436.8,2890155,EQ,,,
2015-12-17,439.45,443.45,432.6,442.2,1991820,EQ,,,
2015-12-18,439.0,453.85,437.3,450.1,2498499,EQ,,,
2015-12-21,449.25,456.7,446.4,454.5,1500591,EQ,,,
2015-12-22,457.4,463.1,450.5,452.2,1816572,EQ,,,
2015-12-23,457.0,461.9,453.1,457.85,1415100,EQ,,,
2015-12-24,462.75,495.9,462.0,493.2,8975165,EQ,,,
2015-12-28,494.8,502.6,487.55,491.2,3911714,EQ,,,
2015-12-29,493.05,511.9,493.0,508.5,7008636,EQ,,,
2015-12-30,511.5,517.5,505.2,514.9,5187882,EQ,,,
2015-12-31,516.95,550.0,512.8,543.95,9870726,EQ,,,
2016-01-01,543.95,595.9,541.45,591.75,10506462,EQ,,,
2016-01-04,589.45,605.5,575.75,599.95,11328304,EQ,,,
2016-01-05,605.25,621.9,599.15,613.0,10174693,EQ,,,
2016-01-06,613.8,614.0,588.45,592.4,7986489,EQ,,,
2016-01-07,578.0,584.9,560.4,565.45,6431889,EQ,,,
2016-01-08,575.7,589.95,574.1,581.2,7163613,EQ,,,
2016-01-11,579.9,593.0,573.15,584.0,6439344,EQ,,,
2016-01-12,585.7,590.5,562.85,572.5,4685641,EQ,,,
2016-01-13,580.0,582.2,525.35,545.6,9193851,EQ,,,
2016-01-14,534.8,541.8,517.4,532.25,5270763,EQ,,,
2016-01-15,537.0,553.9,482.9,492.9,7774144,EQ,,,
2016-01-18,490.0,506.65,464.6,471.3,7328283,EQ,,,
2016-01-19,477.2,488.8,461.5,475.4,7512842,EQ,,,
2016-01-20,464.4,466.0,436.15,454.7,5568699,EQ,,,
2016-01-21,462.2,468.95,445.25,456.85,6878116,EQ,,,
2016-01-22,469.0,469.0,451.75,459.5,5085312,EQ,,,
2016-01-25,464.0,466.0,434.3,438.25,4138308,EQ,,,
2016-01-27,440.45,454.0,435.6,451.3,5344769,EQ,,,
2016-01-28,453.25,464.0,447.65,456.95,8984372,EQ,,,
2016-01-29,457.0,477.8,452.5,471.2,5353212,EQ,,,
2016-02-01,475.45,475.45,456.25,460.7,3210382,EQ,,,
2016-02-02,461.2,471.0,444.0,449.15,4053394,EQ,,,
2016-02-03,441.0,448.0,431.1,435.35,3830721,EQ,,,
2016-02-04,442.3,443.8,400.3,408.75,5639280,EQ,,,
2016-02-05,420.0,442.9,413.0,437.2,6872638,EQ,,,
2016-02-08,438.0,446.5,427.95,432.15,4507373,EQ,,,
2016-02-09,422.25,432.25,420.15,423.35,3197880,EQ,,,
2016-02-10,422.5,444.5,421.5,441.9,6949315,EQ,,,
2016-02-11,444.5,446.8,398.5,402.95,5646856,EQ,,,
2016-02-12,407.15,414.0,387.5,402.85,4963304,EQ,,,
2016-02-15,412.0,434.8,410.0,424.7,3019040,EQ,,,
2016-02-16,428.7,432.8,403.55,404.85,3934748,EQ,,,
2016-02-17,407.1,421.9,394.0,418.05,4743664,EQ,,,
2016-02-18,425.75,429.35,405.35,413.75,3593627,EQ,,,
2016-02-19,411.95,422.0,411.15,418.2,2799569,EQ,,,
2016-02-22,419.8,426.0,418.35,422.25,2406802,EQ,,,
2016-02-23,422.65,427.8,410.25,413.35,3570607,EQ,,,
2016-02-24,410.15,418.7,408.0,411.05,2570233,EQ,,,
2016-02-25,414.9,423.05,405.75,407.95,4828384,EQ,,,
2016-02-26,413.1,414.75,402.0,410.9,2884410,EQ,,,
2016-02-29,413.25,419.9,396.8,409.85,3450721,EQ,,,
2016-03-01,412.1,431.0,409.8,428.9,3449610,EQ,,,
2016-03-02,434.2,445.8,431.75,437.05,3880578,EQ,,,
2016-03-03,442.4,463.5,439.9,460.85,5313121,EQ,,,
2016-03-04,464.95,472.9,457.65,470.9,4509654,EQ,,,
2016-03-08,467.95,489.65,466.55,483.65,4605535,EQ,,,
2016-03-09,478.0,523.5,476.55,515.4,7393401,EQ,,,
2016-03-10,519.0,524.65,504.2,506.85,5160435,EQ,,,
2016-03-11,506.7,519.75,501.55,504.55,4167872,EQ,,,
2016-03-14,509.0,512.7,497.3,500.7,2997849,EQ,,,
2016-03-15,498.0,508.4,497.65,500.65,2734201,EQ,,,
2016-03-16,499.5,503.2,482.4,497.05,3644172,EQ,,,
2016-03-17,507.9,520.6,507.0,511.45,5019865,EQ,,,
2016-03-18,513.0,515.4,504.2,510.25,2688880,EQ,,,
2016-03-21,512.0,515.7,505.5,511.85,2384297,EQ,,,
2016-03-22,513.5,538.0,509.75,535.95,6230367,EQ,,,
2016-03-23,537.8,544.75,533.35,536.6,3507906,EQ,,,
2016-03-28,535.0,536.95,518.7,522.6,2267378,EQ,,,
2016-03-29,522.1,532.0,518.45,520.9,2725701,EQ,,,
2016-03-30,527.15,538.0,524.5,534.35,2351182,EQ,,,
2016-03-31,533.7,541.6,527.55,533.6,2748587,EQ,,,
2016-04-01,530.8,557.55,530.0,555.9,3662623,EQ,,,
2016-04-04,558.0,564.5,549.4,554.25,2993856,EQ,,,
2016-04-05,551.35,552.8,533.25,535.55,2807715,EQ,,,
2016-04-06,531.0,546.65,530.0,544.5,2322208,EQ,,,
2016-04-07,546.1,548.9,534.05,536.4,2368216,EQ,,,
2016-04-08,536.0,546.2,532.6,540.8,2293075,EQ,,,
2016-04-11,542.1,582.8,542.1,576.85,5765473,EQ,,,
2016-04-12,578.15,584.85,570.45,574.35,3503733,EQ,,,
2016-04-13,579.35,581.9,571.65,573.15,2530463,EQ,,,
2016-04-18,572.7,574.45,556.0,561.75,2366584,EQ,,,
2016-04-20,563.95,570.85,558.05,562.85,3324502,EQ,,,
2016-04-21,565.4,568.95,542.15,550.2,3755906,EQ,,,
2016-04-22,550.2,560.75,546.75,554.0,3128073,EQ,,,
2016-04-25,555.95,563.7,542.0,546.35,3187051,EQ,,,
2016-04-26,545.5,556.2,544.6,553.0,1735572,EQ,,,
2016-04-27,555.95,560.95,548.0,550.1,1637877,EQ,,,
2016-04-28,549.7,555.7,534.4,535.9,2480714,EQ,,,
2016-04-29,536.55,541.3,522.6,538.55,2302973,EQ,,,
2016-05-02,539.0,547.8,535.0,542.4,2381974,EQ,,,
2016-05-03,545.65,555.4,533.0,535.85,2851601,EQ,,,
2016-05-04,536.9,538.9,515.1,516.8,2519792,EQ,,,
2016-05-05,517.85,525.0,510.65,520.0,2773522,EQ,,,
2016-05-06,518.95,521.8,513.2,520.5,1966264,EQ,,,
2016-05-09,524.5,545.0,523.0,543.2,3189863,EQ,,,
2016-05-10,544.95,551.25,535.65,548.35,3166732,EQ,,,
2016-05-11,541.35,551.85,537.1,540.6,2685650,EQ,,,
2016-05-12,543.5,544.5,533.65,538.3,2909556,EQ,,,
2016-05-13,536.0,537.85,507.15,510.8,4120175,EQ,,,
2016-05-16,512.0,515.0,498.75,512.95,3484570,EQ,,,
2016-05-17,515.0,518.95,508.4,510.55,2288321,EQ,,,
2016-05-18,506.55,515.05,502.1,513.65,2022063,EQ,,,
2016-05-19,512.3,518.0,501.0,502.35,1870354,EQ,,,
2016-05-20,504.7,511.0,500.3,504.95,1995639,EQ,,,
2016-05-23,508.25,510.9,500.5,504.1,1739861,EQ,,,
2016-05-24,504.45,509.1,490.1,498.3,2625711,EQ,,,
2016-05-25,503.0,514.9,502.5,513.7,1889033,EQ,,,
2016-05-26,517.0,518.65,508.8,516.65,2339563,EQ,,,
2016-05-27,518.4,553.5,518.1,541.7,4833268,EQ,,,
2016-05-30,550.0,552.9,541.0,545.95,2790810,EQ,,,
2016-05-31,548.0,548.7,531.7,538.1,1903943,EQ,,,
2016-06-01,538.0,543.6,520.55,525.0,2582610,EQ,,,
2016-06-02,524.3,534.8,522.8,532.55,1906605,EQ,,,
2016-06-03,535.0,537.8,518.45,523.35,1996409,EQ,,,
2016-06-06,527.0,534.85,522.3,530.9,1752926,EQ,,,
2016-06-07,534.35,535.5,524.1,530.65,2556177,EQ,,,
2016-06-08,533.35,549.25,532.1,540.95,2899701,EQ,,,
2016-06-09,542.0,554.0,536.4,546.7,3064234,EQ,,,
2016-06-10,544.5,560.4,542.5,549.8,4438333,EQ,,,
2016-06-13,542.25,544.85,530.5,536.35,2209880,EQ,,,
2016-06-14,536.35,548.9,536.35,543.5,2285890,EQ,,,
2016-06-15,537.2,542.0,531.5,539.5,2049151,EQ,,,
2016-06-16,537.95,545.8,525.1,533.8,2541199,EQ,,,
2016-06-17,540.0,544.45,532.75,536.7,1977729,EQ,,,
2016-06-20,530.1,546.6,530.1,544.65,2184140,EQ,,,
2016-06-21,545.0,548.25,539.25,544.55,1893314,EQ,,,
2016-06-22,545.4,554.5,539.1,542.6,2796000,EQ,,,
2016-06-23,541.35,543.75,532.15,537.45,1536389,EQ,,,
2016-06-24,514.9,518.0,488.15,506.0,3729431,EQ,,,
2016-06-27,503.0,515.4,502.0,513.7,1949431,EQ,,,
2016-06-28,514.0,524.8,514.0,523.05,2210623,EQ,,,
2016-06-29,525.8,535.75,525.0,533.1,1953410,EQ,,,
2016-06-30,538.0,552.45,535.55,545.75,4850207,EQ,,,
2016-07-01,546.15,550.85,542.0,544.05,1869184,EQ,,,
2016-07-04,548.4,554.4,545.9,548.0,2764030,EQ,,,
2016-07-05,546.0,570.5,545.0,567.05,5600797,EQ,,,
2016-07-07,569.95,577.5,567.05,569.5,3617545,EQ,,,
2016-07-08,568.3,571.25,558.1,562.5,1792157,EQ,,,
2016-07-11,570.7,581.0,569.8,577.2,2210410,EQ,,,
2016-07-12,579.6,582.85,568.85,574.1,1915850,EQ,,,
2016-07-13,576.5,579.0,557.2,560.6,2101192,EQ,,,
2016-07-14,559.95,567.8,553.55,563.45,1670297,EQ,,,
2016-07-15,567.0,568.8,549.25,552.15,1826776,EQ,,,
2016-07-18,553.85,570.0,552.0,553.75,2098001,EQ,,,
2016-07-19,554.05,557.9,546.0,555.7,1736604,EQ,,,
2016-07-20,558.0,565.85,557.1,562.5,1883889,EQ,,,
2016-07-21,564.0,568.7,548.95,550.55,2043370,EQ,,,
2016-07-22,552.0,563.0,548.05,561.15,1611984,EQ,,,
2016-07-25,562.0,574.25,557.25,570.8,1938805,EQ,,,
2016-07-26,572.7,578.2,559.2,562.0,2510691,EQ,,,
2016-07-27,560.0,567.65,551.2,561.6,1860052,EQ,,,
2016-07-28,563.5,577.4,563.0,573.85,3043744,EQ,,,
2016-07-29,579.0,611.0,578.65,607.1,6288443,EQ,,,
2016-08-01,610.7,613.0,591.0,598.3,2898292,EQ,,,
2016-08-02,600.0,603.2,577.55,582.35,2463360,EQ,,,
2016-08-03,584.0,587.4,570.0,572.0,1942530,EQ,,,
2016-08-04,577.7,588.2,568.7,582.0,1977290,EQ,,,
2016-08-05,587.85,601.0,585.1,598.15,2456650,EQ,,,
2016-08-08,602.1,605.5,590.8,593.8,1863788,EQ,,,
2016-08-09,595.4,597.3,582.4,589.3,1537238,EQ,,,
2016-08-10,591.8,594.9,569.1,570.75,1661358,EQ,,,
2016-08-11,570.95,578.5,560.65,575.2,2012812,EQ,,,
2016-08-12,578.0,584.9,571.7,580.0,2204316,EQ,,,
2016-08-16,577.55,595.6,568.0,591.75,2888044,EQ,,,
2016-08-17,590.0,594.4,580.0,585.1,1581586,EQ,,,
2016-08-18,586.55,595.4,584.75,592.35,1551577,EQ,,,
2016-08-19,592.05,602.8,590.5,594.15,2382747,EQ,,,
2016-08-22,592.25,599.35,587.5,591.1,1564667,EQ,,,
2016-08-23,596.0,609.9,594.15,600.65,3388830,EQ,,,
2016-08-24,601.0,607.65,593.75,603.5,2294562,EQ,,,
2016-08-25,605.8,611.9,595.65,598.25,3990013,EQ,,,
2016-08-26,599.85,600.95,582.15,584.7,3437721,EQ,,,
2016-08-29,584.95,603.0,575.75,599.75,3322783,EQ,,,
2016-08-30,601.8,606.4,594.45,596.75,2621548,EQ,,,
2016-08-31,597.8,607.4,593.0,596.65,2653564,EQ,,,
2016-09-01,595.6,601.95,581.3,585.5,1992856,EQ,,,
2016-09-02,585.95,618.5,584.1,614.8,4605401,EQ,,,
2016-09-06,619.9,624.8,616.35,618.6,2804533,EQ,,,
2016-09-07,618.65,628.0,613.05,616.2,2476030,EQ,,,
2016-09-08,616.1,625.35,614.2,617.3,1772027,EQ,,,
2016-09-09,619.7,635.7,615.6,617.85,4461690,EQ,,,
2016-09-12,604.9,605.0,556.1,577.75,2397830,EQ,,,
2016-09-14,582.0,607.85,580.75,600.0,4353677,EQ,,,
2016-09-15,595.35,595.35,581.1,583.25,2790414,EQ,,,
2016-09-16,588.0,614.5,585.35,590.0,7031740,EQ,,,
2016-09-19,594.0,606.7,593.0,594.7,3219521,EQ,,,
2016-09-20,598.4,605.5,592.1,594.0,2910197,EQ,,,
2016-09-21,598.65,600.8,586.35,588.6,2125330,EQ,,,
2016-09-22,597.0,614.4,595.15,611.95,5054595,EQ,,,
2016-09-23,612.0,621.6,607.0,608.95,3844337,EQ,,,
2016-09-26,605.1,616.9,592.5,594.95,3603062,EQ,,,
2016-09-27,598.95,604.9,588.35,590.85,2826382,EQ,,,
2016-09-28,592.1,598.8,590.1,593.75,2282051,EQ,,,
2016-09-29,599.6,606.45,534.4,541.6,5429469,EQ,,,
2016-09-30,541.8,555.3,533.75,551.25,2793271,EQ,,,
2016-10-03,556.0,600.0,555.0,597.3,5999321,EQ,,,
2016-10-04,602.45,603.0,583.6,590.15,3194180,EQ,,,
2016-10-05,592.0,606.4,583.25,590.65,4852390,EQ,,,
2016-10-06,594.95,600.75,578.0,582.85,3421767,EQ,,,
2016-10-07,585.0,589.85,580.5,585.65,2406648,EQ,,,
2016-10-10,589.4,594.75,580.5,583.0,1765625,EQ,,,
2016-10-13,577.0,580.0,557.25,564.0,2716575,EQ,,,
2016-10-14,567.0,573.8,564.0,571.35,2289628,EQ,,,
2016-10-17,572.95,573.7,555.0,557.0,2028774,EQ,,,
2016-10-18,561.05,574.9,561.0,572.6,1828969,EQ,,,
2016-10-19,574.0,576.9,566.55,570.0,2038279,EQ,,,
2016-10-20,574.9,582.75,573.0,579.6,2135578,EQ,,,
2016-10-21,577.0,578.8,568.55,575.85,1377745,EQ,,,
2016-10-24,578.0,586.0,576.0,579.8,1570401,EQ,,,
2016-10-25,579.95,580.85,571.7,574.8,958821,EQ,,,
2016-10-26,571.2,572.2,551.65,555.65,1563810,EQ,,,
2016-10-27,551.95,555.4,540.7,542.4,1673772,EQ,,,
2016-10-28,543.9,549.4,535.8,543.05,1974791,EQ,,,
2016-10-30,544.75,546.1,540.0,542.0,173608,EQ,,,
2016-11-01,544.55,547.4,536.7,538.35,1218702,EQ,,,
2016-11-02,532.9,532.9,516.4,519.25,1910291,EQ,,,
2016-11-03,519.9,527.95,513.1,516.85,2481463,EQ,,,
2016-11-04,514.0,520.75,492.65,494.85,2341256,EQ,,,
2016-11-07,502.9,508.65,499.0,500.4,1345879,EQ,,,
2016-11-08,505.0,505.0,493.1,501.9,1379663,EQ,,,
2016-11-09,451.75,489.55,426.65,483.3,3774940,EQ,,,
2016-11-10,496.05,514.0,492.8,507.8,1881169,EQ,,,
2016-11-11,494.15,501.85,485.1,490.8,1883704,EQ,,,
2016-11-15,483.0,487.9,452.35,458.2,1973772,EQ,,,
2016-11-16,470.0,472.0,449.0,451.55,1639748,EQ,,,
2016-11-17,453.4,462.0,451.0,454.75,1443562,EQ,,,
2016-11-18,455.65,461.05,451.55,456.55,1197317,EQ,,,
2016-11-21,460.0,464.45,445.1,449.85,1694894,EQ,,,
2016-11-22,455.5,460.0,434.05,450.0,2025759,EQ,,,
2016-11-23,458.0,491.1,450.15,478.8,3831798,EQ,,,
2016-11-24,470.2,470.6,448.1,450.6,2811948,EQ,,,
2016-11-25,455.8,463.6,451.4,458.45,1741990,EQ,,,
2016-11-28,455.5,470.4,454.6,461.9,1491636,EQ,,,
2016-11-29,463.0,470.4,462.65,466.45,1254992,EQ,,,
2016-11-30,468.8,481.95,468.7,480.15,1888619,EQ,,,
2016-12-01,482.3,485.0,466.35,468.8,1997488,EQ,,,
2016-12-02,456.0,466.65,456.0,459.45,1337891,EQ,,,
2016-12-05,457.2,475.3,457.2,473.95,1438353,EQ,,,
2016-12-06,475.5,482.0,472.05,478.35,1262011,EQ,,,
2016-12-07,480.35,483.15,469.55,472.8,1208372,EQ,,,
2016-12-08,477.05,489.9,477.05,482.45,1259780,EQ,,,
2016-12-09,483.6,496.7,482.5,492.6,1364009,EQ,,,
2016-12-12,490.85,490.95,479.15,482.6,1132267,EQ,,,
2016-12-13,484.45,485.95,475.6,481.9,956883,EQ,,,
2016-12-14,484.5,500.8,480.85,490.8,2082882,EQ,,,
2016-12-15,484.8,502.0,482.25,496.65,1993608,EQ,,,
2016-12-16,498.0,501.85,485.1,487.3,1919109,EQ,,,
2016-12-19,488.0,512.7,487.8,505.0,3034299,EQ,,,
2016-12-20,503.35,507.55,492.6,498.65,1741739,EQ,,,
2016-12-21,501.7,506.5,497.65,500.15,1679567,EQ,,,
2016-12-22,496.95,501.3,478.35,482.65,2168779,EQ,,,
2016-12-23,482.65,487.7,471.85,477.75,2165907,EQ,,,
2016-12-26,477.5,477.5,444.5,446.5,2784748,EQ,,,
2016-12-27,446.0,458.2,438.6,456.15,2578420,EQ,,,
2016-12-28,457.0,460.9,449.25,450.85,1883788,EQ,,,
2016-12-29,451.0,460.6,448.35,459.3,1437108,EQ,,,
2016-12-30,462.0,471.45,460.9,467.2,1457090,EQ,,,
2017-01-02,474.0,482.15,463.1,478.7,1804542,EQ,,,
2017-01-03,480.9,485.45,473.0,478.4,1782361,EQ,,,
2017-01-04,478.5,487.0,478.5,483.0,1146232,EQ,,,
2017-01-05,487.0,495.7,486.4,490.7,1471544,EQ,,,
2017-01-06,491.0,499.4,488.7,492.7,1649903,EQ,,,
2017-01-09,494.0,495.2,486.45,492.7,1057530,EQ,,,
2017-01-10,494.5,504.9,494.25,501.3,1529032,EQ,,,
2017-01-11,503.85,509.7,501.2,506.05,1587994,EQ,,,
2017-01-12,508.4,514.6,501.0,509.9,1556624,EQ,,,
2017-01-13,512.6,516.5,502.5,505.65,1607191,EQ,,,
2017-01-16,504.7,512.7,501.6,510.3,1051823,EQ,,,
2017-01-17,511.0,517.35,507.2,512.55,1334107,EQ,,,
2017-01-18,515.0,518.8,508.1,510.4,1713543,EQ,,,
2017-01-19,511.5,524.4,508.0,520.25,2364884,EQ,,,
2017-01-20,517.95,519.2,502.55,505.4,1329321,EQ,,,
2017-01-23,504.0,516.7,503.1,515.25,1165156,EQ,,,
2017-01-24,515.25,517.9,508.8,515.2,898035,EQ,,,
2017-01-25,517.8,522.7,512.8,520.7,1379174,EQ,,,
2017-01-27,521.55,533.7,521.55,527.95,1558465,EQ,,,
2017-01-30,524.9,526.95,517.5,521.85,931041,EQ,,,
2017-01-31,520.55,523.5,512.05,514.7,887998,EQ,,,
2017-02-01,515.9,531.9,512.3,529.9,1728843,EQ,,,
2017-02-02,532.55,534.5,524.6,528.85,1269128,EQ,,,
2017-02-03,530.0,545.8,528.4,538.0,1923096,EQ,,,
2017-02-06,541.0,549.15,534.5,539.85,1609158,EQ,,,
2017-02-07,539.0,545.5,521.5,525.85,2496731,EQ,,,
2017-02-08,528.5,538.95,523.55,537.15,1448535,EQ,,,
2017-02-09,539.85,547.25,536.05,543.3,1852024,EQ,,,
2017-02-10,545.0,546.4,538.5,543.8,879467,EQ,,,
2017-02-13,545.2,545.75,525.05,535.55,1270333,EQ,,,
2017-02-14,523.1,568.0,523.1,562.65,4806300,EQ,,,
2017-02-15,558.9,563.15,539.35,541.55,2078767,EQ,,,
2017-02-16,541.0,552.7,540.0,550.95,1583827,EQ,,,
2017-02-17,550.5,565.4,545.8,559.7,2787860,EQ,,,
2017-02-20,555.25,566.8,555.25,561.45,1582828,EQ,,,
2017-02-21,562.8,566.45,556.05,561.2,1321912,EQ,,,
2017-02-22,562.5,581.95,561.6,565.4,3425222,EQ,,,
2017-02-23,567.5,567.7,554.2,556.45,1392868,EQ,,,
2017-02-27,562.0,578.0,561.5,565.85,2577991,EQ,,,
2017-02-28,568.05,572.85,561.6,567.65,1780406,EQ,,,
2017-03-01,570.0,575.7,566.15,570.0,1329709,EQ,,,
2017-03-02,573.0,575.9,550.2,552.35,1369480,EQ,,,
2017-03-03,547.0,570.0,546.95,567.5,1877682,EQ,,,
2017-03-06,569.0,589.4,563.7,583.8,3425761,EQ,,,
2017-03-07,585.9,589.35,575.15,577.95,2205659,EQ,,,
2017-03-08,579.05,580.85,562.45,569.35,1438953,EQ,,,
2017-03-09,566.8,578.55,565.0,570.9,1902537,EQ,,,
2017-03-10,573.85,577.35,560.4,565.2,1273092,EQ,,,
2017-03-14,577.1,583.95,571.2,573.8,2234995,EQ,,,
2017-03-15,574.95,584.45,572.85,576.05,1577990,EQ,,,
2017-03-16,581.0,598.4,578.7,594.65,3714811,EQ,,,
2017-03-17,597.2,598.15,579.35,581.4,3233612,EQ,,,
2017-03-20,582.3,585.55,576.15,578.7,1808827,EQ,,,
2017-03-21,580.0,580.5,570.25,575.9,1539479,EQ,,,
2017-03-22,569.8,573.0,558.65,561.0,1669518,EQ,,,
2017-03-23,563.95,577.35,563.25,571.9,2032134,EQ,,,
2017-03-24,572.7,581.4,568.5,571.05,2102387,EQ,,,
2017-03-27,570.0,570.0,556.1,562.7,1839248,EQ,,,
2017-03-28,565.55,573.5,561.1,566.7,1625537,EQ,,,
2017-03-29,569.1,573.2,564.05,567.05,1440094,EQ,,,
2017-03-30,569.7,571.8,562.0,563.85,2373486,EQ,,,
2017-03-31,564.0,576.0,563.8,568.65,1953907,EQ,,,
2017-04-03,570.1,579.95,570.1,574.95,2084518,EQ,,,
2017-04-05,577.85,582.35,575.2,576.2,2051280,EQ,,,
2017-04-06,574.0,588.4,568.05,585.75,2151918,EQ,,,
2017-04-07,582.9,589.65,560.0,563.75,2682401,EQ,,,
2017-04-10,566.1,569.7,560.6,564.35,1565673,EQ,,,
2017-04-11,563.0,573.7,562.6,571.2,1559877,EQ,,,
2017-04-12,572.75,575.0,552.05,559.2,1814764,EQ,,,
2017-04-13,559.2,564.0,553.3,557.05,1352409,EQ,,,
2017-04-17,558.8,569.65,557.1,567.5,2260890,EQ,,,
2017-04-18,569.7,598.0,556.05,558.05,6425871,EQ,,,
2017-04-19,556.95,566.35,556.1,562.4,1982409,EQ,,,
2017-04-20,565.85,577.35,564.05,575.05,1824883,EQ,,,
2017-04-21,576.95,584.8,571.25,575.35,2103428,EQ,,,
2017-04-24,577.45,588.75,576.55,585.1,1630144,EQ,,,
2017-04-25,588.2,596.4,568.0,582.4,3398194,EQ,,,
2017-04-26,585.0,590.0,569.1,578.5,2077643,EQ,,,
2017-04-27,579.0,589.5,573.4,582.5,2038761,EQ,,,
2017-04-28,584.05,603.45,581.0,596.25,4119938,EQ,,,
2017-05-02,598.95,608.8,592.05,605.1,3563149,EQ,,,
2017-05-03,608.35,613.8,601.15,603.4,2260642,EQ,,,
2017-05-04,603.9,607.2,593.65,597.7,1344907,EQ,,,
2017-05-05,596.5,596.5,575.0,579.0,1679303,EQ,,,
2017-05-08,583.9,586.4,576.05,583.65,1171078,EQ,,,
2017-05-09,583.65,596.5,582.3,594.75,1519909,EQ,,,
2017-05-10,596.25,599.1,591.5,594.6,1346271,EQ,,,
2017-05-11,596.0,602.9,586.2,592.55,1464838,EQ,,,
2017-05-12,615.25,620.05,604.0,609.5,6164474,EQ,,,
2017-05-15,606.8,609.35,600.3,605.4,1437325,EQ,,,
2017-05-16,606.0,614.2,601.0,611.05,1934562,EQ,,,
2017-05-17,607.0,614.2,603.5,605.25,1504208,EQ,,,
2017-05-18,597.7,601.85,576.15,578.65,1963168,EQ,,,
2017-05-19,578.7,586.35,567.4,569.55,1795870,EQ,,,
2017-05-22,572.0,575.0,552.75,555.25,1392634,EQ,,,
2017-05-23,550.1,553.5,522.4,526.25,3179920,EQ,,,
2017-05-24,526.0,529.7,479.2,493.7,4611031,EQ,,,
2017-05-25,495.75,502.85,488.55,497.15,2976503,EQ,,,
2017-05-26,496.15,513.95,496.05,508.5,2344838,EQ,,,
2017-05-29,506.0,506.0,445.6,451.95,5113595,EQ,,,
2017-05-30,453.95,470.8,436.2,462.0,4198597,EQ,,,
2017-05-31,464.0,484.0,455.25,478.9,5799887,EQ,,,
2017-06-01,481.0,487.9,475.2,479.6,2584206,EQ,,,
2017-06-02,482.1,490.7,478.65,484.05,2517358,EQ,,,
2017-06-05,491.3,498.5,489.25,492.3,2178491,EQ,,,
2017-06-06,496.45,496.85,470.9,480.15,2543392,EQ,,,
2017-06-07,479.25,491.5,476.05,488.6,2814064,EQ,,,
2017-06-08,489.9,491.9,478.2,480.95,1959745,EQ,,,
2017-06-09,478.9,478.9,466.6,473.95,2465174,EQ,,,
2017-06-12,467.9,477.9,467.0,471.85,1476969,EQ,,,
2017-06-13,470.1,479.5,465.5,470.2,1878876,EQ,,,
2017-06-14,469.8,476.55,462.75,473.95,2245218,EQ,,,
2017-06-15,472.9,479.4,470.75,475.85,1527861,EQ,,,
2017-06-16,477.0,485.6,475.0,479.55,1904792,EQ,,,
2017-06-19,481.1,486.5,480.5,484.65,1275237,EQ,,,
2017-06-20,487.0,489.5,478.0,479.95,1194474,EQ,,,
2017-06-21,477.7,493.8,477.5,490.2,2101331,EQ,,,
2017-06-22,492.9,506.0,490.5,493.6,2813820,EQ,,,
2017-06-23,494.0,509.45,486.25,503.85,3163984,EQ,,,
2017-06-27,505.1,508.9,491.1,503.55,2320156,EQ,,,
2017-06-28,503.1,508.0,498.1,503.8,1314849,EQ,,,
2017-06-29,505.0,507.95,499.1,503.5,1239125,EQ,,,
2017-06-30,501.2,501.95,491.7,497.45,1182964,EQ,,,
2017-07-03,499.5,511.8,496.35,508.4,1477819,EQ,,,
2017-07-04,510.1,510.5,496.6,500.15,1078951,EQ,,,
2017-07-05,502.75,509.0,499.0,507.4,1067780,EQ,,,
2017-07-06,508.95,516.5,505.75,508.5,1425362,EQ,,,
2017-07-07,508.5,519.45,506.25,514.85,1793408,EQ,,,
2017-07-10,535.0,535.0,473.0,516.4,325058,EQ,,,
2017-07-11,517.0,521.8,507.5,509.45,1089192,EQ,,,
2017-07-12,509.6,515.5,508.1,513.4,1237420,EQ,,,
2017-07-13,516.0,517.2,510.6,515.4,1137068,EQ,,,
2017-07-14,516.0,521.65,513.05,519.4,1360641,EQ,,,
2017-07-17,520.0,521.4,513.4,516.35,874243,EQ,,,
2017-07-18,514.0,520.9,510.8,514.35,968765,EQ,,,
2017-07-19,515.25,517.95,510.1,516.25,860811,EQ,,,
2017-07-20,518.0,525.5,513.8,519.6,1160142,EQ,,,
2017-07-21,521.95,522.2,499.05,511.3,1124601,EQ,,,
2017-07-24,511.0,515.4,505.0,506.75,746981,EQ,,,
2017-07-25,508.5,511.0,504.45,507.45,905626,EQ,,,
2017-07-26,508.45,512.5,505.25,509.5,825157,EQ,,,
2017-07-27,510.0,520.0,505.8,508.55,2356795,EQ,,,
2017-07-28,505.7,531.9,502.6,526.0,3611758,EQ,,,
2017-07-31,527.0,534.4,524.9,528.65,1725572,EQ,,,
2017-08-01,531.5,532.5,523.1,526.6,1296488,EQ,,,
2017-08-02,528.95,538.9,527.0,532.35,1818422,EQ,,,
2017-08-03,532.05,544.0,523.85,526.25,2532498,EQ,,,
2017-08-04,522.0,532.65,520.7,530.45,1308293,EQ,,,
2017-08-07,532.0,548.0,528.35,542.2,1504888,EQ,,,
2017-08-08,542.0,545.9,520.6,528.3,2040973,EQ,,,
2017-08-09,528.3,540.0,507.05,514.4,2291404,EQ,,,
2017-08-10,508.0,513.9,452.25,474.45,3722914,EQ,,,
2017-08-11,465.65,476.45,450.6,469.2,2364344,EQ,,,
2017-08-14,476.5,494.4,472.45,489.55,1772296,EQ,,,
2017-08-16,490.4,502.6,482.2,494.35,2104952,EQ,,,
2017-08-17,496.6,504.8,489.0,491.4,1485534,EQ,,,
2017-08-18,485.45,496.4,481.5,487.8,1573202,EQ,,,
2017-08-21,490.0,494.35,465.4,468.7,1862840,EQ,,,
2017-08-22,477.75,478.5,458.05,465.65,2491036,EQ,,,
2017-08-23,471.7,476.6,468.9,474.8,1655184,EQ,,,
2017-08-24,475.5,485.95,472.2,479.9,1598138,EQ,,,
2017-08-28,482.0,492.0,481.5,483.8,1710061,EQ,,,
2017-08-29,485.95,520.8,485.6,498.2,11154685,EQ,,,
2017-08-30,503.9,513.95,503.5,507.0,3291052,EQ,,,
2017-08-31,508.5,513.45,501.15,509.25,2549868,EQ,,,
2017-09-01,511.8,531.8,511.8,522.1,3698220,EQ,,,
2017-09-04,522.15,526.0,498.6,507.9,2536082,EQ,,,
2017-09-05,510.55,521.6,508.75,514.3,2128316,EQ,,,
2017-09-06,510.55,520.55,506.55,515.25,1800796,EQ,,,
2017-09-07,516.0,522.4,514.1,515.5,1418710,EQ,,,
2017-09-08,518.0,519.5,498.0,502.2,1874520,EQ,,,
2017-09-11,506.75,514.8,506.75,508.6,1299373,EQ,,,
2017-09-12,511.0,518.85,506.85,515.3,1455096,EQ,,,
2017-09-13,515.0,529.8,511.5,515.65,2900118,EQ,,,
2017-09-14,508.0,515.0,504.5,507.55,2121227,EQ,,,
2017-09-15,507.0,509.5,496.0,499.6,1745824,EQ,,,
2017-09-18,506.8,509.4,500.6,501.6,1702967,EQ,,,
2017-09-19,503.2,504.15,493.65,495.7,1713229,EQ,,,
2017-09-20,500.2,505.2,493.05,494.15,1683083,EQ,,,
2017-09-21,493.7,496.95,481.5,488.55,1478730,EQ,,,
2017-09-22,484.8,485.0,466.65,471.25,1885916,EQ,,,
2017-09-25,470.1,471.0,455.05,463.85,1533547,EQ,,,
2017-09-26,463.85,482.0,462.0,474.0,1977117,EQ,,,
2017-09-27,479.0,479.9,460.05,463.4,2257699,EQ,,,
2017-09-28,464.4,471.9,460.65,462.6,2197103,EQ,,,
2017-09-29,466.1,473.6,463.25,465.05,1234999,EQ,,,
2017-10-03,475.9,477.7,455.25,457.4,1894090,EQ,,,
2017-10-04,459.7,467.5,456.6,463.05,1375806,EQ,,,
2017-10-05,465.5,473.9,463.1,471.1,1669752,EQ,,,
2017-10-06,473.4,478.0,467.1,471.6,1251095,EQ,,,
2017-10-09,471.3,479.65,468.0,477.25,1851116,EQ,,,
2017-10-10,479.95,494.0,474.35,477.75,2964499,EQ,,,
2017-10-11,480.2,481.95,461.15,466.1,1567964,EQ,,,
2017-10-12,468.8,471.35,459.1,465.4,1583460,EQ,,,
2017-10-13,465.75,471.8,461.45,463.3,1666164,EQ,,,
2017-10-16,465.0,468.3,458.0,459.8,1544893,EQ,,,
2017-10-17,461.75,467.4,459.15,461.4,1684333,EQ,,,
2017-10-18,462.2,468.0,460.1,463.1,1959211,EQ,,,
2017-10-19,461.0,462.65,450.05,453.8,422664,EQ,,,
2017-10-23,455.0,473.7,452.25,469.3,2441051,EQ,,,
2017-10-24,470.2,482.8,470.2,478.1,1979529,EQ,,,
2017-10-25,485.0,490.5,477.65,486.8,1892205,EQ,,,
2017-10-26,486.0,497.7,481.2,490.8,1920829,EQ,,,
2017-10-27,493.45,508.5,491.55,505.85,2581085,EQ,,,
2017-10-30,509.0,510.5,501.0,502.85,1782778,EQ,,,
2017-10-31,503.0,510.0,501.0,502.75,1181779,EQ,,,
2017-11-01,504.2,512.55,494.1,498.7,1587983,EQ,,,
2017-11-02,497.0,507.65,492.1,500.25,2282742,EQ,,,
2017-11-03,500.25,504.65,488.5,490.3,1453624,EQ,,,
2017-11-06,489.5,491.4,475.5,479.95,1568533,EQ,,,
2017-11-07,482.95,483.75,455.1,462.45,1739875,EQ,,,
2017-11-08,465.5,467.35,446.2,452.35,1662277,EQ,,,
2017-11-09,459.9,471.65,454.4,469.8,2670797,EQ,,,
2017-11-10,467.85,468.9,458.25,465.2,1116169,EQ,,,
2017-11-13,465.0,468.6,455.1,459.3,1116007,EQ,,,
2017-11-14,460.0,468.0,456.5,459.45,1270764,EQ,,,
2017-11-15,459.0,464.35,390.55,417.95,4536691,EQ,,,
2017-11-16,420.0,450.55,411.2,446.0,8332604,EQ,,,
2017-11-17,452.1,452.95,434.6,438.65,3021593,EQ,,,
2017-11-20,436.0,444.9,428.55,443.35,2606614,EQ,,,
2017-11-21,446.0,456.7,445.35,450.65,2173743,EQ,,,
2017-11-22,452.95,454.5,440.0,449.4,1470376,EQ,,,
2017-11-23,450.0,451.65,441.5,449.0,1272533,EQ,,,
2017-11-24,448.9,454.4,446.55,451.45,1079498,EQ,,,
2017-11-27,448.0,467.95,447.8,464.95,1658559,EQ,,,
2017-11-28,460.0,463.95,452.4,458.3,1653195,EQ,,,
2017-11-29,459.3,460.8,450.9,453.5,1024832,EQ,,,
2017-11-30,451.0,458.2,436.3,439.95,2665054,EQ,,,
2017-12-01,439.95,447.8,434.4,436.6,1915401,EQ,,,
2017-12-04,439.0,443.65,433.0,439.3,1343938,EQ,,,
2017-12-05,437.5,446.55,430.5,443.6,2018758,EQ,,,
2017-12-06,440.5,452.7,438.3,440.35,1839911,EQ,,,
2017-12-07,442.45,458.15,441.05,455.95,2000685,EQ,,,
2017-12-08,458.0,458.0,445.65,449.8,1405888,EQ,,,
2017-12-11,452.9,462.0,450.5,459.15,1353025,EQ,,,
2017-12-12,457.0,460.2,447.0,450.2,901588,EQ,,,
2017-12-13,450.25,457.6,447.2,450.35,1178941,EQ,,,
2017-12-14,452.5,455.7,440.0,454.45,1372706,EQ,,,
2017-12-15,458.1,460.35,446.55,448.85,1611619,EQ,,,
2017-12-18,446.0,451.8,425.6,444.05,1465580,EQ,,,
2017-12-19,445.0,448.35,439.6,443.25,1435436,EQ,,,
2017-12-20,444.0,479.85,441.0,466.2,4414386,EQ,,,
2017-12-21,467.0,528.75,457.05,505.05,9511530,EQ,,,
2017-12-22,521.0,544.85,515.0,528.45,14126392,EQ,,,
2017-12-26,528.45,544.8,522.0,539.85,7265462,EQ,,,
2017-12-27,539.85,551.9,530.1,533.75,6472478,EQ,,,
2017-12-28,534.75,572.7,533.55,555.05,12084325,EQ,,,
2017-12-29,566.5,574.3,548.1,553.85,6581928,EQ,,,
2018-01-01,554.0,589.9,548.5,572.65,9340782,EQ,,,
2018-01-02,577.85,578.35,555.05,563.4,5721793,EQ,,,
2018-01-03,566.25,574.55,556.95,562.55,3690364,EQ,,,
2018-01-04,565.4,567.9,555.6,565.55,2539276,EQ,,,
2018-01-05,568.0,582.65,560.0,578.15,4467467,EQ,,,
2018-01-08,581.05,589.7,574.25,582.5,3847016,EQ,,,
2018-01-09,582.0,583.9,567.25,569.8,2370618,EQ,,,
2018-01-10,570.0,578.55,561.0,564.3,2286377,EQ,,,
2018-01-11,565.0,573.5,562.3,564.0,1867830,EQ,,,
2018-01-12,568.0,574.6,538.35,555.4,2867230,EQ,,,
2018-01-15,558.2,565.0,554.25,557.85,1783142,EQ,,,
2018-01-16,559.45,560.9,531.6,536.5,2982930,EQ,,,
2018-01-17,536.8,552.7,519.4,543.95,3994984,EQ,,,
2018-01-18,546.0,552.15,501.5,506.5,4259050,EQ,,,
2018-01-19,506.4,521.75,499.3,517.85,3445081,EQ,,,
2018-01-22,514.0,517.0,503.5,509.6,1637010,EQ,,,
2018-01-23,511.5,533.0,510.1,516.85,2592969,EQ,,,
2018-01-24,517.0,521.45,507.35,515.2,1747106,EQ,,,
2018-01-25,517.0,522.75,511.2,513.95,2084633,EQ,,,
2018-01-29,516.25,525.45,500.75,509.7,2992572,EQ,,,
2018-01-30,506.5,518.9,505.0,508.3,2052355,EQ,,,
2018-01-31,507.25,512.75,492.05,496.35,2647818,EQ,,,
2018-02-01,497.0,504.05,480.0,492.75,2154522,EQ,,,
2018-02-02,485.75,486.3,441.1,449.75,3175889,EQ,,,
2018-02-05,428.05,454.15,428.05,446.2,3037191,EQ,,,
2018-02-06,410.0,441.1,407.45,431.45,2913613,EQ,,,
2018-02-07,438.1,443.3,427.55,431.1,2027289,EQ,,,
2018-02-08,436.55,447.95,434.55,444.2,2852391,EQ,,,
2018-02-09,432.0,462.0,428.15,451.5,3132223,EQ,,,
2018-02-12,465.0,472.8,455.2,461.15,3527069,EQ,,,
2018-02-14,463.8,467.95,454.1,457.25,2675349,EQ,,,
2018-02-15,459.5,462.9,437.0,443.9,2275186,EQ,,,
2018-02-16,445.5,458.4,438.1,452.3,4262795,EQ,,,
2018-02-19,451.95,458.0,433.9,443.85,3094482,EQ,,,
2018-02-20,445.0,452.7,442.3,446.3,2160846,EQ,,,
2018-02-21,449.0,451.45,437.3,443.4,1825773,EQ,,,
2018-02-22,442.3,448.8,438.2,439.95,2191591,EQ,,,
2018-02-23,443.95,457.85,442.05,454.55,2192481,EQ,,,
2018-02-26,456.85,472.4,453.65,467.65,2796585,EQ,,,
2018-02-27,469.0,469.4,455.1,457.7,1647547,EQ,,,
2018-02-28,453.0,464.5,449.8,455.6,1982777,EQ,,,
2018-03-01,454.9,459.5,439.5,441.95,2242710,EQ,,,
2018-03-05,442.5,445.0,430.05,434.05,2263260,EQ,,,
2018-03-06,436.25,450.95,428.2,433.35,3318236,EQ,,,
2018-03-07,432.0,436.0,406.0,409.75,3087922,EQ,,,
2018-03-08,415.3,429.9,409.5,427.0,4011250,EQ,,,
2018-03-09,426.6,431.75,413.2,416.8,2825255,EQ,,,
2018-03-12,423.45,437.7,409.7,430.75,2879831,EQ,,,
2018-03-13,432.5,456.05,430.7,451.65,4174719,EQ,,,
2018-03-14,445.0,456.7,443.7,452.25,2557763,EQ,,,
2018-03-15,454.0,459.4,446.4,449.45,1861678,EQ,,,
2018-03-16,448.5,453.3,426.05,428.6,2482831,EQ,,,
2018-03-19,427.0,429.5,417.5,424.25,2088481,EQ,,,
2018-03-20,422.0,456.8,420.1,453.05,5744461,EQ,,,
2018-03-21,455.25,461.8,446.0,449.55,4200817,EQ,,,
2018-03-22,450.0,454.15,428.85,430.4,3083612,EQ,,,
2018-03-23,420.0,424.7,412.05,418.7,2948049,EQ,,,
2018-03-26,417.0,429.15,416.6,424.8,2674523,EQ,,,
2018-03-27,428.6,437.55,425.5,431.6,2483569,EQ,,,
2018-03-28,428.35,432.9,423.15,427.5,2102662,EQ,,,
2018-04-02,426.05,448.0,426.05,443.35,2246368,EQ,,,
2018-04-03,442.25,446.7,433.1,443.25,2111678,EQ,,,
2018-04-04,447.0,453.55,434.05,436.1,2827367,EQ,,,
2018-04-05,444.9,456.5,443.0,452.2,2239428,EQ,,,
2018-04-06,447.15,452.9,443.4,447.0,1881144,EQ,,,
2018-04-09,447.0,456.0,443.75,452.2,2300974,EQ,,,
2018-04-10,456.0,466.9,454.6,462.9,3339764,EQ,,,
2018-04-11,462.0,462.5,451.0,455.05,1571300,EQ,,,
2018-04-12,453.4,459.8,449.1,452.65,1761314,EQ,,,
2018-04-13,454.0,463.5,452.8,461.9,2081603,EQ,,,
2018-04-16,454.95,459.15,450.3,456.9,1459973,EQ,,,
2018-04-17,457.25,465.1,453.6,459.0,1764703,EQ,,,
2018-04-18,461.0,465.85,456.2,460.05,1724203,EQ,,,
2018-04-19,462.0,467.15,458.1,465.05,1582057,EQ,,,
2018-04-20,463.0,463.5,445.45,448.6,1784435,EQ,,,
2018-04-23,448.9,454.3,447.3,449.75,1403296,EQ,,,
2018-04-24,455.0,458.6,434.05,441.1,3301720,EQ,,,
2018-04-25,440.0,445.0,436.3,440.55,1496954,EQ,,,
2018-04-26,440.0,445.45,436.45,441.35,1274058,EQ,,,
2018-04-27,443.05,451.3,441.5,443.7,1265156,EQ,,,
2018-04-30,444.7,452.75,440.1,451.2,1276828,EQ,,,
2018-05-02,452.8,460.5,430.5,433.3,2214492,EQ,,,
2018-05-03,432.9,432.9,411.25,413.6,2661739,EQ,,,
2018-05-04,414.2,424.7,402.65,423.35,3713088,EQ,,,
2018-05-07,426.05,456.6,422.25,449.6,4878406,EQ,,,
2018-05-08,448.1,449.45,437.6,440.0,2304581,EQ,,,
2018-05-09,438.0,439.2,424.25,426.3,2646756,EQ,,,
2018-05-10,430.95,431.5,413.1,414.55,2253793,EQ,,,
2018-05-11,417.05,421.25,408.55,415.9,1775490,EQ,,,
2018-05-14,414.5,414.5,390.3,396.15,4427283,EQ,,,
2018-05-15,394.7,406.55,382.6,386.9,3763351,EQ,,,
2018-05-16,382.5,391.45,375.1,385.3,3099881,EQ,,,
2018-05-17,390.1,405.5,384.3,397.75,4432642,EQ,,,
2018-05-18,397.2,406.0,386.55,393.05,4023644,EQ,,,
2018-05-21,393.0,402.4,389.0,396.0,2700916,EQ,,,
2018-05-22,396.35,404.4,392.25,400.8,2250645,EQ,,,
2018-05-23,400.3,414.25,398.0,407.2,3071553,EQ,,,
2018-05-24,409.0,411.3,400.7,407.4,1614262,EQ,,,
2018-05-25,409.45,423.95,407.0,418.25,2244334,EQ,,,
2018-05-28,419.95,434.4,415.0,429.7,2143562,EQ,,,
2018-05-29,430.0,433.6,422.8,426.8,1738632,EQ,,,
2018-05-30,421.55,438.55,421.15,430.85,2285641,EQ,,,
2018-05-31,441.0,447.8,423.0,434.75,3062197,EQ,,,
2018-06-01,436.0,436.95,418.4,426.9,1802583,EQ,,,
2018-06-04,429.2,436.35,426.0,430.25,1761375,EQ,,,
2018-06-05,430.0,430.5,408.25,415.4,2698548,EQ,,,
2018-06-06,415.5,428.55,413.3,427.15,1600166,EQ,,,
2018-06-07,428.4,446.4,427.05,441.95,2406604,EQ,,,
2018-06-08,437.9,441.8,432.0,438.8,1408820,EQ,,,
2018-06-11,440.0,445.35,435.75,437.5,1078909,EQ,,,
2018-06-12,435.0,444.0,427.6,440.1,1928692,EQ,,,
2018-06-13,438.8,446.6,437.2,439.65,1738749,EQ,,,
2018-06-14,434.55,438.0,429.25,435.55,1406136,EQ,,,
2018-06-15,436.0,439.9,423.25,431.95,1807538,EQ,,,
2018-06-18,428.0,437.5,428.0,432.35,1129782,EQ,,,
2018-06-19,432.0,432.4,420.6,423.7,1379329,EQ,,,
2018-06-20,425.0,444.5,423.2,441.4,2620233,EQ,,,
2018-06-21,441.1,441.1,422.6,424.05,2249517,EQ,,,
2018-06-22,424.4,428.0,415.4,425.7,2214846,EQ,,,
2018-06-25,424.7,427.2,418.55,420.4,1039134,EQ,,,
2018-06-26,418.0,425.95,415.75,418.65,1366523,EQ,,,
2018-06-27,419.0,419.8,390.05,395.4,2366226,EQ,,,
2018-06-28,395.0,402.0,387.1,396.75,2907403,EQ,,,
2018-06-29,392.15,404.5,389.25,391.75,3555391,EQ,,,
2018-07-02,393.25,395.65,374.85,384.15,2509095,EQ,,,
2018-07-03,384.8,390.45,379.0,387.5,2269043,EQ,,,
2018-07-04,388.0,388.5,377.75,381.4,1975430,EQ,,,
2018-07-05,382.0,388.0,378.5,382.45,1794698,EQ,,,
2018-07-06,381.9,389.95,378.35,384.85,1312656,EQ,,,
2018-07-09,387.0,409.0,386.5,404.7,2538915,EQ,,,
2018-07-10,406.0,409.35,400.2,402.85,1692053,EQ,,,
2018-07-11,402.8,404.05,389.0,394.1,2286190,EQ,,,
2018-07-12,397.7,406.45,384.0,387.25,2541342,EQ,,,
2018-07-13,391.3,391.3,378.05,384.8,1492524,EQ,,,
2018-07-16,384.0,387.25,364.65,367.85,2104946,EQ,,,
2018-07-17,368.9,388.5,367.75,385.5,2185449,EQ,,,
2018-07-18,385.5,387.8,368.4,377.95,1995728,EQ,,,
2018-07-19,377.95,384.65,371.5,378.2,1942139,EQ,,,
2018-07-20,378.2,388.75,372.05,386.75,1650083,EQ,,,
2018-07-23,387.0,397.85,379.25,396.5,1903824,EQ,,,
2018-07-24,395.5,404.65,393.05,399.25,2405020,EQ,,,
2018-07-25,399.25,404.65,393.75,398.25,1637104,EQ,,,
2018-07-26,398.0,404.5,396.2,401.95,1953962,EQ,,,
2018-07-27,402.0,413.95,398.7,407.9,3283367,EQ,,,
2018-07-30,407.0,410.35,393.25,395.4,2018641,EQ,,,
2018-07-31,394.0,403.25,393.5,398.95,2081998,EQ,,,
2018-08-01,400.0,400.95,371.05,382.95,6738783,EQ,,,
2018-08-02,378.1,408.9,373.05,402.15,5769138,EQ,,,
2018-08-03,401.0,413.0,399.15,401.4,3522548,EQ,,,
2018-08-06,402.0,416.4,401.05,413.3,3646498,EQ,,,
2018-08-07,414.05,417.7,407.45,413.4,2075010,EQ,,,
2018-08-08,413.4,422.0,409.8,418.7,2255578,EQ,,,
2018-08-09,420.5,424.5,414.35,419.0,2342825,EQ,,,
2018-08-10,418.5,419.5,405.7,408.4,1512112,EQ,,,
2018-08-13,404.5,413.85,397.65,406.45,2067734,EQ,,,
2018-08-14,407.25,413.0,400.1,408.85,2575484,EQ,,,
2018-08-16,407.8,414.0,400.55,402.8,1719290,EQ,,,
2018-08-17,405.8,418.8,404.05,416.05,2526753,EQ,,,
2018-08-20,415.15,432.6,414.0,426.9,2809542,EQ,,,
2018-08-21,426.0,428.45,417.5,419.95,2312461,EQ,,,
2018-08-23,420.5,425.7,406.35,410.05,2367643,EQ,,,
2018-08-24,401.0,413.65,401.0,409.9,2639975,EQ,,,
2018-08-27,411.0,424.9,411.0,421.8,2433460,EQ,,,
2018-08-28,424.9,429.35,415.5,423.9,2521065,EQ,,,
2018-08-29,421.95,450.75,421.0,439.3,5433015,EQ,,,
2018-08-30,439.95,478.7,433.25,463.95,17817637,EQ,,,
2018-08-31,463.9,481.4,455.2,477.95,8404667,EQ,,,
2018-09-03,480.0,489.55,465.25,472.95,6017035,EQ,,,
2018-09-04,469.95,470.2,450.5,452.85,4925427,EQ,,,
2018-09-05,449.95,481.95,446.0,479.55,8428623,EQ,,,
2018-09-06,482.0,484.75,467.0,469.75,6384058,EQ,,,
2018-09-07,466.15,479.8,463.0,473.55,4152251,EQ,,,
2018-09-10,467.2,485.3,462.2,465.6,4681192,EQ,,,
2018-09-11,469.05,474.2,454.85,457.2,2800663,EQ,,,
2018-09-12,452.3,453.25,433.5,440.15,3896674,EQ,,,
2018-09-14,440.5,456.5,440.5,452.0,2902539,EQ,,,
2018-09-17,447.95,454.45,444.05,447.3,2480629,EQ,,,
2018-09-18,447.5,453.35,425.25,427.85,2714385,EQ,,,
2018-09-19,430.0,431.3,383.1,386.45,7951241,EQ,,,
2018-09-21,390.0,394.75,328.5,343.7,9483419,EQ,,,
2018-09-24,343.5,344.3,325.15,329.45,4684062,EQ,,,
2018-09-25,330.0,334.3,303.95,318.35,5861118,EQ,,,
2018-09-26,324.0,326.4,312.7,321.15,4273637,EQ,,,
2018-09-27,324.75,325.5,300.7,303.75,5236647,EQ,,,
2018-09-28,303.5,308.0,285.2,300.2,8397841,EQ,,,
2018-10-01,297.25,302.0,281.35,299.1,5856486,EQ,,,
2018-10-03,296.15,317.4,289.55,301.75,5746629,EQ,,,
2018-10-04,291.0,306.0,290.1,297.1,4462915,EQ,,,
2018-10-05,294.5,304.0,284.75,289.6,3571116,EQ,,,
2018-10-08,287.05,296.7,275.1,286.7,5052717,EQ,,,
2018-10-09,280.0,302.7,280.0,295.65,4814210,EQ,,,
2018-10-10,295.0,314.85,295.0,310.5,3607229,EQ,,,
2018-10-11,291.1,313.4,288.1,300.85,3464620,EQ,,,
2018-10-12,305.0,339.4,305.0,329.2,5957121,EQ,,,
2018-10-15,331.9,331.9,318.9,327.55,3108546,EQ,,,
2018-10-16,330.4,340.0,330.4,335.45,3448092,EQ,,,
2018-10-17,343.0,343.1,312.65,316.55,3426625,EQ,,,
2018-10-19,310.2,343.75,310.2,332.75,6603885,EQ,,,
2018-10-22,335.0,336.05,322.7,327.25,2968751,EQ,,,
2018-10-23,323.3,332.75,314.35,322.6,2490521,EQ,,,
2018-10-24,327.6,348.0,327.5,342.8,3606472,EQ,,,
2018-10-25,337.0,346.95,334.4,341.95,2797860,EQ,,,
2018-10-26,338.6,341.75,327.6,331.7,3047599,EQ,,,
2018-10-29,334.0,353.45,329.05,351.05,3236108,EQ,,,
2018-10-30,348.4,356.75,345.1,350.55,2707755,EQ,,,
2018-10-31,354.0,360.4,340.5,358.65,3137888,EQ,,,
2018-11-01,359.6,365.65,355.05,360.75,2503062,EQ,,,
2018-11-02,365.0,380.75,362.05,375.45,2650661,EQ,,,
2018-11-05,373.7,373.7,355.1,359.0,2706869,EQ,,,
2018-11-06,361.9,369.5,353.8,357.9,2325302,EQ,,,
2018-11-07,361.3,362.0,358.2,359.4,231011,EQ,,,
2018-11-09,359.5,363.35,351.1,354.6,2528340,EQ,,,
2018-11-12,354.05,358.3,348.15,349.85,2075177,EQ,,,
2018-11-13,347.85,365.55,341.0,357.05,3005422,EQ,,,
2018-11-14,358.45,359.05,344.35,350.7,2842467,EQ,,,
2018-11-15,351.0,356.4,344.6,352.25,2387418,EQ,,,
2018-11-16,351.5,353.0,324.05,329.95,4180809,EQ,,,
2018-11-19,329.0,361.0,329.0,352.95,7648170,EQ,,,
2018-11-20,351.0,360.5,348.65,356.4,4775179,EQ,,,
2018-11-21,357.0,368.5,356.0,363.5,4155491,EQ,,,
2018-11-22,365.9,367.0,355.3,357.1,2351621,EQ,,,
2018-11-26,359.9,361.2,346.65,352.2,2632450,EQ,,,
2018-11-27,352.8,357.95,345.6,355.95,2804446,EQ,,,
2018-11-28,357.1,366.85,357.1,362.05,2848522,EQ,,,
2018-11-29,363.4,363.8,342.35,348.25,3255326,EQ,,,
2018-11-30,349.1,351.0,328.25,331.3,6214362,EQ,,,
2018-12-03,334.0,339.1,326.1,331.9,4051303,EQ,,,
2018-12-04,332.0,335.9,327.4,329.0,3255959,EQ,,,
2018-12-05,327.0,333.4,305.25,307.35,7377924,EQ,,,
2018-12-06,303.1,305.8,292.5,299.5,6331083,EQ,,,
2018-12-07,300.15,310.0,293.0,307.95,5503724,EQ,,,
2018-12-10,298.0,306.35,296.0,297.5,2784800,EQ,,,
2018-12-11,294.0,302.6,290.65,292.65,5795739,EQ,,,
2018-12-12,295.0,302.5,294.0,296.15,4801165,EQ,,,
2018-12-13,298.5,306.1,279.25,286.95,5581014,EQ,,,
2018-12-14,287.0,312.0,285.75,291.95,13441547,EQ,,,
2018-12-17,292.9,295.9,286.3,288.15,5007644,EQ,,,
2018-12-18,286.1,296.65,286.1,295.15,4588109,EQ,,,
2018-12-19,296.0,302.4,291.35,299.2,5701030,EQ,,,
2018-12-20,293.0,303.55,292.3,302.65,4960746,EQ,,,
2018-12-21,302.8,309.35,298.05,307.6,5425211,EQ,,,
2018-12-24,309.5,311.7,303.8,307.5,3481179,EQ,,,
2018-12-26,305.55,307.4,300.4,303.4,3519072,EQ,,,
2018-12-27,306.8,307.9,301.55,302.8,2505387,EQ,,,
2018-12-28,305.8,316.4,303.8,311.95,5731066,EQ,,,
2018-12-31,313.5,317.9,308.55,316.2,3852359,EQ,,,
2019-01-01,315.55,318.95,312.75,316.6,2010745,EQ,,,
2019-01-02,315.6,317.25,302.9,305.95,3467764,EQ,,,
2019-01-03,305.5,307.95,287.65,289.25,3779366,EQ,,,
2019-01-04,287.95,298.4,286.15,296.8,4710594,EQ,,,
2019-01-07,298.65,305.0,297.3,299.45,3068380,EQ,,,
2019-01-08,300.65,303.0,297.85,301.9,2452301,EQ,,,
2019-01-09,302.5,306.25,294.65,300.6,2819774,EQ,,,
2019-01-10,302.0,312.0,301.1,305.95,4522648,EQ,,,
2019-01-11,305.0,309.4,302.2,307.7,2519076,EQ,,,
2019-01-14,306.1,310.35,305.0,306.3,2824338,EQ,,,
2019-01-15,309.0,312.35,307.1,310.1,2931904,EQ,,,
2019-01-16,310.35,325.0,309.05,314.2,5355029,EQ,,,
2019-01-17,314.8,316.75,294.0,296.45,5825105,EQ,,,
2019-01-18,299.0,304.0,292.3,298.3,6027997,EQ,,,
2019-01-21,298.9,298.9,288.0,289.65,3111125,EQ,,,
2019-01-22,288.0,294.0,276.4,279.3,5143230,EQ,,,
2019-01-23,280.2,287.5,278.0,281.75,4789882,EQ,,,
2019-01-24,282.7,285.75,277.6,282.15,3634634,EQ,,,
2019-01-25,283.15,287.25,264.4,270.7,3347714,EQ,,,
2019-01-28,272.9,274.3,252.35,257.5,4587277,EQ,,,
2019-01-29,256.8,268.15,255.0,265.45,3828994,EQ,,,
2019-01-30,267.45,271.5,263.55,269.2,2724905,EQ,,,
2019-01-31,270.0,271.5,260.35,268.95,3537287,EQ,,,
2019-02-01,269.0,279.05,263.2,267.1,3108550,EQ,,,
2019-02-04,253.0,257.75,221.4,227.1,16577801,EQ,,,
2019-02-05,225.0,238.8,220.45,227.25,14361852,EQ,,,
2019-02-06,224.9,229.0,141.4,154.3,87700480,EQ,,,
2019-02-07,151.1,151.95,107.1,110.65,134735370,EQ,,,
2019-02-08,102.0,127.05,96.55,118.15,83718321,EQ,,,
2019-02-11,123.0,126.7,113.5,115.5,30015871,EQ,,,
2019-02-12,116.45,118.5,106.75,112.65,36900192,EQ,,,
2019-02-13,112.7,117.35,108.6,113.1,21613713,EQ,,,
2019-02-14,110.1,119.75,110.0,117.35,20679331,EQ,,,
2019-02-15,117.0,120.6,114.0,114.95,12758179,EQ,,,
2019-02-18,126.4,137.8,120.4,123.15,32556611,EQ,,,
2019-02-19,123.85,125.5,121.0,122.25,12533703,EQ,,,
2019-02-20,123.0,124.2,111.55,119.6,26845895,EQ,,,
2019-02-21,118.0,125.8,116.0,124.45,18854987,EQ,,,
2019-02-22,125.2,139.5,123.6,133.75,34461210,EQ,,,
2019-02-25,134.95,137.6,128.85,131.15,17453561,EQ,,,
2019-02-26,128.45,134.0,126.8,132.25,14329305,EQ,,,
2019-02-27,134.1,135.9,127.0,128.0,11439426,EQ,,,
2019-02-28,129.3,129.45,120.75,122.8,23600657,EQ,,,
2019-03-01,123.9,127.8,121.65,125.25,21588299,EQ,,,
2019-03-05,125.0,133.25,124.85,130.4,17468023,EQ,,,
2019-03-06,132.0,142.4,130.75,134.7,25797590,EQ,,,
2019-03-07,136.0,137.6,132.1,133.3,12254216,EQ,,,
2019-03-08,134.1,136.95,129.5,130.2,13832767,EQ,,,
2019-03-11,126.2,133.9,125.65,132.25,12312022,EQ,,,
2019-03-12,134.4,135.75,129.0,131.25,7962543,EQ,,,
2019-03-13,132.25,132.5,129.1,129.8,6196465,EQ,,,
2019-03-14,130.0,131.4,124.2,125.0,12742845,EQ,,,
2019-03-15,124.25,134.45,121.1,131.65,20051293,EQ,,,
2019-03-18,132.85,138.35,132.8,135.0,13176692,EQ,,,
2019-03-19,142.5,146.05,136.0,137.1,19368390,EQ,,,
2019-03-20,137.4,140.0,135.65,137.15,8515892,EQ,,,
2019-03-22,137.2,138.45,129.65,130.55,8126674,EQ,,,
2019-03-25,126.8,132.75,126.05,128.2,9384294,EQ,,,
2019-03-26,129.0,136.7,128.7,133.15,11785336,EQ,,,
2019-03-27,134.35,137.25,130.0,130.95,9668897,EQ,,,
2019-03-28,132.35,135.95,131.2,135.2,7584343,EQ,,,
2019-03-29,135.85,140.3,135.55,137.0,8789953,EQ,,,
2019-04-01,137.8,140.0,133.9,137.55,6885735,EQ,,,
2019-04-02,138.0,146.4,136.8,140.25,15133257,EQ,,,
2019-04-03,141.1,142.15,137.0,137.5,6939517,EQ,,,
2019-04-04,137.95,138.7,132.0,132.85,6309765,EQ,,,
2019-04-05,132.8,134.7,132.1,133.55,5492537,EQ,,,
2019-04-08,134.3,138.3,131.35,132.55,6382109,EQ,,,
2019-04-09,133.15,134.35,126.4,130.5,8534769,EQ,,,
2019-04-10,130.8,134.3,130.1,131.4,7094620,EQ,,,
2019-04-11,131.5,132.4,127.65,128.95,5420241,EQ,,,
2019-04-12,129.1,132.2,128.5,131.4,5807969,EQ,,,
2019-04-15,132.2,134.2,130.5,132.0,3808950,EQ,,,
2019-04-16,132.5,136.3,130.2,132.05,7716491,EQ,,,
2019-04-18,132.3,132.55,120.0,121.5,16928048,EQ,,,
2019-04-22,119.5,121.0,114.1,116.35,12261740,EQ,,,
2019-04-23,116.05,121.85,114.7,118.0,13824049,EQ,,,
2019-04-24,119.0,122.5,115.65,120.95,10698675,EQ,,,
2019-04-25,121.75,128.9,121.05,122.1,15058571,EQ,,,
2019-04-26,122.85,124.25,116.6,119.95,10654280,EQ,,,
2019-04-30,114.0,115.75,105.5,107.9,15792196,EQ,,,
2019-05-02,108.0,115.35,106.4,110.25,16498327,EQ,,,
2019-05-03,110.95,112.25,108.3,109.9,10877791,EQ,,,
2019-05-06,108.0,109.25,105.15,106.1,8810074,EQ,,,
2019-05-07,106.15,109.0,100.0,100.9,10579715,EQ,,,
2019-05-08,99.0,102.4,96.6,99.45,14389998,EQ,,,
2019-05-09,99.55,103.2,99.15,101.9,9073864,EQ,,,
2019-05-10,102.1,108.5,102.1,107.15,10773570,EQ,,,
2019-05-13,107.2,109.75,100.2,101.1,6732295,EQ,,,
2019-05-14,101.6,109.0,99.0,107.4,9355928,EQ,,,
2019-05-15,108.0,108.7,102.9,103.45,5404625,EQ,,,
2019-05-16,104.95,107.45,101.55,106.05,6829678,EQ,,,
2019-05-17,108.8,113.5,105.25,108.0,11047408,EQ,,,
2019-05-20,118.8,124.2,112.2,121.4,10580970,EQ,,,
2019-05-21,123.8,123.85,116.2,118.25,8749402,EQ,,,
2019-05-22,120.0,122.8,115.65,121.35,7461699,EQ,,,
2019-05-23,124.95,126.85,112.7,114.45,14644317,EQ,,,
2019-05-24,116.4,116.9,111.05,111.9,10159143,EQ,,,
2019-05-27,112.05,114.9,110.55,112.05,7628827,EQ,,,
2019-05-28,112.5,120.0,111.3,114.65,13163025,EQ,,,
2019-05-29,114.6,115.0,108.3,109.5,7326814,EQ,,,
2019-05-30,110.15,110.5,101.4,103.2,15073175,EQ,,,
2019-05-31,104.2,105.8,99.05,104.0,16774501,EQ,,,
2019-06-03,103.0,103.8,98.6,98.95,15459808,EQ,,,
2019-06-04,98.9,101.45,96.5,96.95,14043431,EQ,,,
2019-06-06,97.4,97.4,83.35,84.9,27261058,EQ,,,
2019-06-07,83.45,86.8,72.7,73.95,42881500,EQ,,,
2019-06-10,68.65,73.9,61.3,64.05,66580085,EQ,,,
2019-06-11,64.05,67.0,60.0,64.65,71870053,EQ,,,
2019-06-12,63.1,66.6,62.2,64.25,31726494,EQ,,,
2019-06-13,63.5,64.3,61.25,62.8,23062897,EQ,,,
2019-06-14,62.75,64.1,57.8,59.15,30909722,EQ,,,
2019-06-17,53.25,57.4,50.5,56.35,40561615,EQ,,,
2019-06-18,55.8,56.3,44.1,45.65,42216477,EQ,,,
2019-06-19,43.95,48.7,37.25,42.65,84671079,EQ,,,
2019-06-20,41.0,60.4,40.15,57.55,77705716,EQ,,,
2019-06-21,57.9,60.7,52.35,57.5,53609200,EQ,,,
2019-06-24,55.0,59.5,53.5,56.5,31114504,EQ,,,
2019-06-25,55.2,56.95,50.4,51.95,27636160,EQ,,,
2019-06-26,50.8,64.9,50.4,60.95,78157980,EQ,,,
2019-06-27,62.0,66.0,55.5,59.5,98556151,EQ,,,
2019-06-28,59.65,60.4,54.2,55.6,42010305,EQ,,,
2019-07-01,54.35,54.8,49.6,53.05,49399886,EQ,,,
2019-07-02,53.25,59.5,52.65,55.05,64440568,EQ,,,
2019-07-03,55.2,57.25,54.1,55.05,30407132,EQ,,,
2019-07-04,55.05,56.7,53.7,54.65,27600893,EQ,,,
2019-07-05,55.25,55.9,50.7,51.15,20326211,EQ,,,
2019-07-08,51.0,52.4,49.4,50.0,22837427,EQ,,,
2019-07-09,50.0,50.7,48.4,48.95,18340068,EQ,,,
2019-07-10,48.6,48.6,45.25,46.05,30322865,EQ,,,
2019-07-11,46.1,53.5,45.85,51.05,40285352,EQ,,,
2019-07-12,51.0,53.9,50.2,50.85,30707018,EQ,,,
2019-07-15,51.15,51.7,48.5,49.1,16811709,EQ,,,
2019-07-16,49.0,49.75,46.9,47.9,17800214,EQ,,,
2019-07-17,48.0,52.0,47.7,49.65,21868347,EQ,,,
2019-07-18,48.5,50.8,47.3,48.1,16732028,EQ,,,
2019-07-19,48.35,49.05,41.9,42.65,25535467,EQ,,,
2019-07-22,42.5,44.9,41.25,43.15,22011963,EQ,,,
2019-07-23,43.3,46.95,43.3,44.45,27237483,EQ,,,
2019-07-24,44.9,48.4,43.45,44.75,28664499,EQ,,,
2019-07-25,45.0,50.95,44.3,47.15,51118467,EQ,,,
2019-07-26,47.3,51.4,46.9,50.5,36322166,EQ,,,
2019-07-29,50.5,50.55,44.35,46.4,32991421,EQ,,,
2019-07-30,47.05,47.95,42.15,42.85,22137558,EQ,,,
2019-07-31,43.0,48.9,42.85,47.15,26708681,EQ,,,
2019-08-01,47.0,52.8,46.7,50.1,48356350,EQ,,,
2019-08-02,48.15,51.3,47.15,50.05,30091081,EQ,,,
2019-08-05,49.0,50.9,47.65,48.5,24498203,EQ,,,
2019-08-06,48.0,51.0,47.8,50.25,19676689,EQ,,,
2019-08-07,50.95,53.7,50.0,50.65,24124038,EQ,,,
2019-08-08,50.95,51.1,44.0,46.5,33311475,EQ,,,
2019-08-09,48.0,49.65,46.15,47.45,20980560,EQ,,,
2019-08-13,47.7,48.5,44.35,45.05,20379086,EQ,,,
2019-08-14,46.8,51.0,46.45,49.4,41108903,EQ,,,
2019-08-16,48.7,50.3,45.3,46.3,30149698,EQ,,,
2019-08-19,46.5,47.45,43.2,44.3,25689217,EQ,,,
2019-08-20,43.75,44.45,41.75,42.55,24162866,EQ,,,
2019-08-21,43.0,43.65,41.05,42.0,21377146,EQ,,,
2019-08-22,42.2,42.9,34.35,36.7,26781604,EQ,,,
2019-08-23,35.9,38.95,33.05,37.75,31069750,EQ,,,
2019-08-26,38.4,44.35,36.35,42.75,45228096,EQ,,,
2019-08-27,41.9,42.45,39.35,40.15,32169097,EQ,,,
2019-08-28,40.15,41.2,37.35,38.3,18797832,EQ,,,
2019-08-29,37.15,38.05,34.9,36.3,18217908,EQ,,,
2019-08-30,36.65,39.4,35.7,38.85,26696385,EQ,,,
2019-09-03,37.0,39.4,36.0,36.35,20521730,EQ,,,
2019-09-04,36.3,37.4,35.4,35.9,16358663,EQ,,,
2019-09-05,36.1,38.05,34.8,37.35,24897496,EQ,,,
2019-09-06,37.5,38.15,36.55,37.7,15396193,EQ,,,
2019-09-09,37.8,39.95,37.3,38.7,15286022,EQ,,,
2019-09-11,38.4,41.5,38.1,40.5,21615403,EQ,,,
2019-09-12,40.6,42.3,39.7,40.05,18922938,EQ,,,
2019-09-13,40.3,40.8,38.5,40.15,15492136,EQ,,,
2019-09-16,39.9,41.4,39.35,40.05,15004535,EQ,,,
2019-09-17,39.5,40.4,37.8,38.15,13264373,EQ,,,
2019-09-18,38.7,39.1,37.05,37.45,16051116,EQ,,,
2019-09-19,37.55,38.4,35.1,36.2,15310213,EQ,,,
2019-09-20,36.3,39.7,34.8,36.6,21745588,EQ,,,
2019-09-23,37.0,38.0,34.55,36.05,16160974,EQ,,,
2019-09-24,36.25,37.8,35.55,36.65,14609768,EQ,,,
2019-09-25,36.65,37.05,35.1,36.0,12106626,EQ,,,
2019-09-26,36.3,36.3,34.1,35.0,12709735,EQ,,,
2019-09-27,34.6,34.8,32.45,33.4,4882864,EQ,,,
2019-09-30,32.9,33.0,28.65,29.3,8576681,EQ,363890.0,23.57,4964479.0
2019-10-01,28.9,32.1,26.25,27.7,15498347,EQ,47283.0,327.78,1505217.0
2019-10-03,27.55,28.55,25.9,26.1,11189377,EQ,31465.0,355.61,1998875.0
2019-10-04,26.25,27.7,25.45,26.0,9800327,EQ,31378.0,312.33,1098183.0
2019-10-07,26.65,26.95,25.2,25.8,2814759,EQ,7807.0,360.54,667888.0
2019-10-09,25.85,25.9,24.0,24.35,3488577,EQ,12765.0,273.29,1051573.0
2019-10-10,24.7,26.0,23.25,23.65,5176152,EQ,16832.0,307.52,1653633.0
2019-10-11,23.65,23.8,21.25,22.1,4879842,EQ,18059.0,270.22,1641266.0
2019-10-14,21.5,22.0,19.85,20.0,6320813,EQ,20955.0,301.64,2086532.0
2019-10-15,19.75,21.85,18.05,18.8,12931100,EQ,27248.0,474.57,2858906.0
2019-10-16,18.5,20.4,18.15,18.6,4827679,EQ,12286.0,392.94,1272812.0
2019-10-17,18.5,20.15,18.0,19.8,4659583,EQ,14389.0,323.83,1881406.0
2019-10-18,19.75,21.75,19.3,21.75,3970243,EQ,9803.0,405.0,2043080.0
2019-10-22,23.1,23.9,22.9,23.9,3741030,EQ,8628.0,433.59,2185606.0
2019-10-23,25.0,26.25,23.25,26.25,4437455,EQ,14460.0,306.88,2016620.0
2019-10-24,27.55,27.55,27.55,27.55,269688,EQ,796.0,338.8,269676.0
2019-10-25,28.9,28.9,26.65,28.9,7101318,EQ,11458.0,619.77,3013415.0
2019-10-29,30.9,31.8,30.4,31.8,2241815,EQ,3187.0,703.42,1072407.0
2019-10-30,33.35,33.35,33.35,33.35,200692,EQ,726.0,276.44,200690.0
2019-10-31,35.0,35.0,33.65,35.0,1463906,EQ,1536.0,953.06,841695.0
2019-11-01,36.75,36.75,35.1,36.75,5658060,EQ,10989.0,514.88,2379837.0
2019-11-04,38.55,38.55,38.55,38.55,273575,EQ,785.0,348.5,273575.0
2019-11-05,40.45,40.45,40.45,40.45,1524853,EQ,1283.0,1188.51,1074022.0
2019-11-06,42.4,42.45,41.0,42.45,1651762,EQ,3795.0,435.25,1055581.0
2019-11-07,44.55,44.55,44.55,44.55,151798,EQ,808.0,187.87,151798.0
2019-11-08,46.75,46.75,46.75,46.75,292180,EQ,914.0,319.67,277277.0
2019-11-11,49.05,49.05,44.45,44.45,6459875,EQ,19123.0,337.81,2747492.0
2019-11-13,42.25,42.25,42.25,42.25,312987,EQ,1046.0,299.22,312067.0
2019-11-14,40.15,40.15,40.15,40.15,456316,EQ,1274.0,358.18,445999.0
2019-11-15,40.15,41.2,38.15,38.4,9689304,EQ,24944.0,388.44,4030906.0
2019-11-18,37.2,38.9,36.5,36.5,2182697,EQ,6314.0,345.69,1192712.0
2019-11-19,34.7,34.7,34.7,34.7,437785,EQ,1212.0,361.21,426713.0
2019-11-20,33.65,34.55,33.0,33.0,1069971,EQ,2699.0,396.43,669811.0
2019-11-21,31.35,33.65,31.35,31.35,4406859,EQ,9887.0,445.72,2161937.0
2019-11-22,29.8,31.0,29.8,29.8,6914410,EQ,8501.0,813.36,3505767.0
2019-11-25,28.35,29.8,28.35,28.35,6690431,EQ,9097.0,735.45,3655223.0
2019-11-26,26.95,29.3,26.95,27.0,15582255,EQ,26067.0,597.78,7514005.0
2019-11-27,28.0,28.35,26.45,27.0,11322576,EQ,20468.0,553.18,5559082.0
2019-11-28,28.0,28.35,26.05,27.75,17243813,EQ,27384.0,629.7,8020603.0
2019-11-29,28.0,28.4,26.4,26.4,7508852,EQ,16624.0,451.69,3785596.0
2019-12-02,26.4,26.4,25.1,25.1,2810792,EQ,3623.0,775.82,2376993.0
2019-12-03,23.85,23.85,23.85,23.85,422525,EQ,1243.0,339.92,422525.0
2019-12-04,22.7,24.5,22.7,23.8,8522978,EQ,16747.0,508.93,3064642.0
2019-12-05,23.7,24.65,23.3,23.9,3773671,EQ,10571.0,356.98,1548208.0
2019-12-06,24.3,24.3,22.75,22.75,2147744,EQ,5785.0,371.26,1449010.0
2019-12-09,22.15,23.4,21.8,22.25,2628959,EQ,10718.0,245.28,1375179.0
2019-12-10,22.55,23.35,21.6,21.95,4241671,EQ,12005.0,353.33,1665496.0
2019-12-11,22.4,22.4,20.9,20.9,2723056,EQ,7231.0,376.58,1248935.0
2019-12-12,21.0,21.2,19.9,20.15,3353834,EQ,13005.0,257.89,1753566.0
2019-12-13,20.35,21.15,20.05,21.15,1062766,EQ,1970.0,539.48,787950.0
2019-12-16,22.2,22.2,22.2,22.2,140249,EQ,513.0,273.39,140249.0
2019-12-17,23.3,23.3,22.2,23.3,4539517,EQ,1960.0,2316.08,1732458.0
2019-12-18,24.45,24.45,22.15,22.2,6311426,EQ,11742.0,537.51,3052772.0
2019-12-19,21.5,22.65,21.3,22.05,2709273,EQ,15321.0,176.83,1217381.0
2019-12-20,22.05,23.15,22.0,23.15,1375311,EQ,3929.0,350.04,875105.0
2019-12-23,23.9,24.3,23.6,24.3,1167165,EQ,1441.0,809.97,886809.0
2019-12-24,24.8,25.5,24.7,25.5,3434075,EQ,3318.0,1034.98,1442760.0
2019-12-26,26.35,26.75,25.7,26.75,3031613,EQ,4582.0,661.64,1446437.0
2019-12-27,27.75,28.05,25.6,26.7,8757623,EQ,19716.0,444.19,2895990.0
2019-12-30,28.0,28.0,27.6,28.0,1653577,EQ,1900.0,870.3,881937.0
2019-12-31,29.4,29.4,29.4,29.4,465377,EQ,1031.0,451.38,465377.0
2020-01-01,30.85,30.85,30.85,30.85,443718,EQ,874.0,507.69,443717.0
2020-01-02,32.0,32.35,30.3,32.35,8242091,EQ,16294.0,505.84,3569932.0
2020-01-03,32.95,32.95,30.75,32.05,7004833,EQ,22846.0,306.61,3285005.0
2020-01-06,30.6,31.25,30.45,30.45,1556893,EQ,3653.0,426.2,994396.0
2020-01-07,29.25,30.4,28.95,28.95,2369999,EQ,6628.0,357.57,1452511.0
2020-01-08,27.55,28.15,27.55,27.55,1185229,EQ,2766.0,428.5,796001.0
2020-01-09,27.1,27.55,26.2,26.2,4544113,EQ,11926.0,381.03,2445887.0
2020-01-10,24.9,24.95,24.9,24.9,3333059,EQ,4861.0,685.67,3101595.0
2020-01-13,23.7,24.6,23.7,23.7,6234477,EQ,6494.0,960.04,3226132.0
2020-01-14,22.55,22.55,22.55,22.55,732918,EQ,1892.0,387.38,732918.0
2020-01-15,21.8,23.65,21.65,23.5,23368708,EQ,23070.0,1012.95,7631127.0
2020-01-16,24.15,24.2,22.35,22.35,10044490,EQ,14917.0,673.36,5832385.0
2020-01-17,22.4,22.4,21.25,21.25,3082817,EQ,3661.0,842.07,1853060.0
2020-01-20,20.2,20.2,20.2,20.2,739417,EQ,2094.0,353.11,739416.0
2020-01-21,19.2,20.15,19.2,19.5,8824050,EQ,19393.0,455.01,3881538.0
2020-01-22,20.0,20.45,19.55,20.45,3964060,EQ,6004.0,660.24,1863432.0
2020-01-23,21.45,21.45,20.85,21.45,5058249,EQ,5268.0,960.18,2217704.0
2020-01-24,22.35,22.5,21.55,21.95,7833219,EQ,13784.0,568.28,2609920.0
2020-01-27,21.95,21.95,20.9,20.9,3354512,EQ,6618.0,506.88,1665240.0
2020-01-28,20.5,21.9,20.25,21.9,4550587,EQ,8543.0,532.67,1826915.0
2020-01-29,22.5,22.95,22.0,22.95,4264001,EQ,9565.0,445.79,2298720.0
2020-01-30,23.75,23.95,21.85,22.2,7388290,EQ,14829.0,498.23,2455472.0
2020-01-31,22.4,22.9,21.6,21.85,3450122,EQ,6661.0,517.96,1187140.0
2020-02-03,20.25,20.8,19.95,19.95,3323847,EQ,4833.0,687.74,1645239.0
2020-02-04,19.0,19.7,19.0,19.0,4609088,EQ,7600.0,606.46,1983042.0
2020-02-05,18.6,19.95,18.3,19.85,6807297,EQ,13059.0,521.27,2932682.0
2020-02-06,19.9,21.8,19.65,21.8,11992244,EQ,14212.0,843.81,4414575.0
2020-02-07,22.2,23.2,21.1,22.25,6006307,EQ,12800.0,469.24,2368843.0
2020-02-10,21.5,21.5,20.5,20.85,2901602,EQ,8008.0,362.34,1311253.0
2020-02-11,20.95,21.25,20.2,20.6,2655099,EQ,5545.0,478.83,1373879.0
2020-02-12,20.75,21.1,19.0,19.25,3394170,EQ,8132.0,417.38,2027454.0
2020-02-13,19.3,21.15,19.0,20.85,4038785,EQ,8749.0,461.63,1554011.0
2020-02-14,20.7,21.15,19.2,19.5,3237998,EQ,8623.0,375.51,1726431.0
2020-02-17,21.3,21.45,19.6,21.35,6851867,EQ,13111.0,522.6,3075061.0
2020-02-18,21.7,22.3,20.9,21.9,5533960,EQ,13328.0,415.21,2523095.0
2020-02-19,22.1,23.4,21.05,23.05,4617012,EQ,11085.0,416.51,1822171.0
2020-02-20,22.9,24.35,22.25,23.35,5689505,EQ,13549.0,419.92,2162706.0
2020-02-24,22.9,23.8,22.55,22.8,3074470,EQ,7867.0,390.81,1272102.0
2020-02-25,23.0,23.25,21.65,22.25,2438259,EQ,5857.0,416.3,963953.0
2020-02-26,22.3,22.3,20.95,21.45,2565685,EQ,7567.0,339.06,852853.0
2020-02-27,21.45,21.6,20.1,20.3,2509537,EQ,5938.0,422.62,1300409.0
2020-02-28,20.0,20.0,18.6,18.75,3071608,EQ,7514.0,408.78,1843231.0
2020-03-02,20.0,20.1,17.6,18.4,3341250,EQ,12155.0,274.89,1337125.0
2020-03-03,18.4,19.4,18.15,18.9,2522045,EQ,15950.0,158.12,820503.0
2020-03-04,19.15,19.15,17.65,18.2,2963776,EQ,10034.0,295.37,1226373.0
2020-03-05,18.5,18.95,18.05,18.7,2380532,EQ,6636.0,358.73,1044391.0
2020-03-06,17.95,18.0,16.85,16.85,5092057,EQ,6501.0,783.27,2470024.0
2020-03-09,15.3,15.75,15.2,15.2,1411971,EQ,2759.0,511.77,868971.0
2020-03-11,14.8,15.8,13.85,14.25,4868472,EQ,17779.0,273.83,2268700.0
2020-03-12,13.55,13.55,13.55,13.55,494076,EQ,1376.0,359.07,390082.0
2020-03-13,12.9,13.9,12.9,12.95,3919686,EQ,9923.0,395.01,1811483.0
2020-03-16,12.35,13.35,12.35,12.4,3223123,EQ,12641.0,254.97,1687552.0
2020-03-17,12.4,12.6,11.8,11.8,2667631,EQ,8082.0,330.07,1438834.0
2020-03-18,12.05,12.1,11.25,11.25,1695646,EQ,3733.0,454.23,883008.0
2020-03-19,10.7,10.8,10.7,10.7,728930,EQ,2097.0,347.61,679183.0
2020-03-20,10.2,11.2,10.2,10.45,6213294,EQ,12403.0,500.95,2951793.0
2020-03-23,9.95,9.95,9.95,9.95,284752,EQ,1216.0,234.17,280575.0
2020-03-24,9.95,9.95,9.5,9.5,441670,EQ,1357.0,325.48,403227.0
2020-03-25,9.05,9.1,9.05,9.05,866642,EQ,2309.0,375.33,859982.0
2020-03-26,9.1,9.5,8.65,9.35,3068802,EQ,6064.0,506.07,1505795.0
2020-03-27,9.6,9.7,8.9,9.3,2502763,EQ,4548.0,550.3,1282651.0
2020-03-30,9.1,9.75,8.9,9.75,1738592,EQ,3412.0,509.55,880843.0
2020-03-31,10.2,10.2,10.0,10.2,837919,EQ,1166.0,718.63,567446.0
2020-04-01,10.6,10.7,10.5,10.7,505493,EQ,703.0,719.05,440941.0
2020-04-03,11.2,11.2,11.1,11.2,697016,EQ,934.0,746.27,523329.0
2020-04-07,11.75,11.75,11.75,11.75,660546,EQ,502.0,1315.83,660546.0
2020-04-08,12.3,12.3,12.3,12.3,450669,EQ,509.0,885.4,450668.0
2020-04-09,12.9,12.9,12.9,12.9,722323,EQ,586.0,1232.63,622215.0
2020-04-13,13.5,13.5,13.25,13.5,1841728,EQ,,,
2020-04-15,14.15,14.15,14.1,14.15,505573,EQ,964.0,524.45,413223.0
2020-04-16,14.85,14.85,14.2,14.85,1294982,EQ,2738.0,472.97,724659.0
2020-04-17,15.55,15.55,15.55,15.55,272800,EQ,504.0,541.27,272800.0
2020-04-20,16.3,16.3,16.3,16.3,152036,EQ,454.0,334.88,152036.0
2020-04-21,16.9,17.1,15.5,17.1,5477754,EQ,12391.0,442.08,2781485.0
2020-04-22,17.9,17.95,17.45,17.95,1512686,EQ,3462.0,436.94,1046908.0
2020-04-23,18.6,18.8,18.3,18.8,598647,BE,1366.0,438.25,598647.0
2020-04-24,19.65,19.7,19.5,19.7,750835,BE,2187.0,343.32,750835.0
2020-04-27,20.65,20.65,20.65,20.65,261170,BE,905.0,288.59,261170.0
2020-04-28,21.65,21.65,21.65,21.65,189303,BE,585.0,323.59,189303.0
2020-04-29,22.7,22.7,22.7,22.7,288407,BE,739.0,390.27,288407.0
2020-04-30,23.8,23.8,21.6,22.25,6047692,BE,15556.0,388.77,6047692.0
2020-05-04,21.15,21.15,21.15,21.15,324466,BE,1126.0,288.16,324466.0
2020-05-05,20.1,20.1,20.1,20.1,222528,BE,768.0,289.75,222528.0
2020-05-06,19.1,19.1,19.1,19.1,142779,BE,637.0,224.14,142779.0
2020-05-07,18.15,18.15,18.15,18.15,179266,BE,902.0,198.74,179266.0
2020-05-08,17.25,19.05,17.25,19.05,2747723,BE,5318.0,516.68,2747723.0
2020-05-11,20.0,20.0,18.1,18.35,1409010,BE,4100.0,343.66,1409010.0
2020-05-12,18.0,18.35,17.45,17.45,524995,BE,1646.0,318.95,524995.0
2020-05-13,18.0,18.3,16.75,17.2,1830372,BE,4160.0,439.99,1830372.0
2020-05-14,17.85,18.05,17.3,17.85,1556343,BE,5243.0,296.84,1556343.0
2020-05-15,18.25,18.5,17.0,18.15,914288,BE,2350.0,389.06,914288.0
2020-05-18,19.05,19.05,17.9,18.2,1065377,BE,2965.0,359.32,1065377.0
2020-05-19,18.9,18.9,17.3,17.4,900440,BE,2256.0,399.13,900440.0
2020-05-20,17.4,17.4,16.55,16.65,1215958,BE,2891.0,420.6,1215958.0
2020-05-21,16.7,17.3,16.5,16.85,697540,BE,1996.0,349.47,697540.0
2020-05-22,17.0,17.1,16.05,16.6,708514,BE,2108.0,336.11,708514.0
2020-05-26,15.8,16.0,15.8,15.8,625733,BE,1344.0,465.58,625733.0
2020-05-27,15.25,16.55,15.05,16.55,3824733,EQ,5362.0,713.3,1488421.0
2020-05-28,17.25,17.35,16.4,16.5,4933230,EQ,6342.0,777.87,1887833.0
2020-05-29,16.7,17.05,16.45,16.75,1521309,EQ,3684.0,412.95,863521.0
2020-06-01,16.9,17.55,16.8,17.45,2368860,EQ,5119.0,462.76,1283081.0
2020-06-02,17.95,18.15,17.05,17.9,2957663,EQ,7097.0,416.75,1532427.0
2020-06-03,18.35,18.4,17.9,18.2,2049412,EQ,10608.0,193.19,1256442.0
2020-06-04,18.45,19.1,18.25,19.1,1661162,EQ,3056.0,543.57,1220550.0
2020-06-05,20.35,21.0,20.05,21.0,1752933,EQ,2274.0,770.86,1497494.0
2020-06-08,23.1,23.1,23.1,23.1,890078,EQ,1715.0,519.0,852611.0
2020-06-09,25.4,25.4,21.6,22.2,8408343,EQ,16592.0,506.77,3842417.0
2020-06-10,22.0,22.5,21.0,22.0,3077601,EQ,7680.0,400.73,1512948.0
2020-06-11,22.1,23.2,21.7,22.05,3210844,EQ,6826.0,470.38,1961063.0
2020-06-12,20.55,22.05,20.5,21.8,2392695,EQ,6071.0,394.12,1358339.0
2020-06-15,21.8,22.4,21.2,22.05,1787723,EQ,3537.0,505.43,863500.0
2020-06-16,22.3,22.8,20.0,21.4,2308050,EQ,11066.0,208.57,1269275.0
2020-06-17,21.85,22.5,21.4,21.85,1756332,EQ,4447.0,394.95,1001394.0
2020-06-18,22.05,24.0,21.85,24.0,5045766,EQ,6950.0,726.01,2398186.0
2020-06-19,25.9,26.4,25.55,26.4,2184779,EQ,3388.0,644.86,1577715.0
2020-06-22,28.5,29.0,27.35,29.0,11575778,EQ,17578.0,658.54,4731848.0
2020-06-23,30.45,30.45,29.5,30.45,8475670,EQ,7819.0,1083.98,3673052.0
2020-06-24,31.95,31.95,31.95,31.95,1408753,EQ,1285.0,1096.31,1408752.0
2020-06-25,33.5,33.5,33.5,33.5,329811,EQ,932.0,353.87,329811.0
2020-06-26,35.15,35.15,35.15,35.15,296595,EQ,828.0,358.21,296595.0
2020-06-29,36.9,36.9,36.9,36.9,614987,EQ,966.0,636.63,614987.0
2020-06-30,38.7,38.7,38.7,38.7,594773,EQ,826.0,720.06,594773.0
2020-07-01,40.6,40.6,37.1,40.6,14457527,EQ,19334.0,747.78,7838103.0
2020-07-02,42.6,42.6,39.65,42.6,9086089,EQ,23740.0,382.73,5924947.0
2020-07-03,44.7,44.7,40.5,40.5,13508124,EQ,45919.0,294.17,7191059.0
2020-07-06,38.5,38.5,38.5,38.5,690135,EQ,4795.0,143.93,689328.0
2020-07-07,36.6,36.6,36.6,36.6,355169,EQ,2175.0,163.3,355169.0
2020-07-08,34.8,34.8,34.8,34.8,314745,EQ,2183.0,144.18,314742.0
2020-07-09,33.1,36.5,33.1,36.5,26725134,EQ,43379.0,616.08,8262683.0
2020-07-10,36.0,38.3,35.6,37.1,11807022,EQ,27804.0,424.65,3566439.0
2020-07-13,38.1,38.1,35.25,35.25,4379123,EQ,15875.0,275.85,2684716.0
2020-07-14,34.0,34.9,33.5,33.5,1760408,EQ,6137.0,286.85,1198409.0
2020-07-15,33.0,35.15,31.85,32.4,10594535,EQ,22926.0,462.12,2596552.0
2020-07-16,32.3,32.8,30.8,30.8,2946898,EQ,9057.0,325.37,1967604.0
2020-07-17,30.2,32.3,29.35,32.3,3925995,EQ,10512.0,373.48,2225358.0
2020-07-20,33.9,33.9,33.1,33.9,2150430,EQ,3700.0,581.2,1220211.0
2020-07-21,35.55,35.55,34.4,35.55,5830735,EQ,14252.0,409.12,2593578.0
2020-07-22,35.1,35.1,33.8,33.8,3355638,EQ,9736.0,344.66,1894145.0
2020-07-23,33.0,33.75,32.15,32.25,2981612,EQ,8977.0,332.14,1706323.0
2020-07-24,31.85,33.3,31.1,32.15,3070095,EQ,11750.0,261.28,1400834.0
2020-07-27,32.15,32.35,30.55,30.6,2401943,EQ,7896.0,304.2,1795421.0
2020-07-28,30.55,31.0,29.1,29.3,3100959,EQ,10611.0,292.24,1593947.0
2020-07-29,28.85,30.75,28.85,30.75,2467387,EQ,5718.0,431.51,1164238.0
2020-07-30,30.1,30.85,29.25,29.3,3061077,EQ,11175.0,273.92,1580150.0
2020-07-31,28.55,29.15,27.85,27.85,2390367,EQ,6837.0,349.62,1377836.0
2020-08-03,27.05,29.2,26.7,29.1,5137601,EQ,12011.0,427.74,2558595.0
2020-08-04,29.0,29.4,28.05,28.5,2271302,EQ,6998.0,324.56,873782.0
2020-08-05,28.9,29.85,28.55,29.5,1763563,EQ,5319.0,331.56,840626.0
2020-08-06,29.9,30.35,28.8,29.2,2271582,EQ,5619.0,404.27,1205632.0
2020-08-07,29.45,29.45,28.05,28.45,2212590,EQ,5955.0,371.55,1123391.0
2020-08-10,28.8,29.85,28.4,29.85,1738977,EQ,3248.0,535.4,994299.0
2020-08-11,30.4,31.3,29.9,31.3,1063669,EQ,2253.0,472.11,794154.0
2020-08-12,31.5,31.7,30.3,31.2,3962868,EQ,10737.0,369.09,1579745.0
2020-08-13,32.0,32.0,30.25,30.65,1892577,EQ,5615.0,337.06,1020822.0
2020-08-14,30.85,32.1,29.8,30.55,3786617,EQ,7890.0,479.93,1650090.0
2020-08-17,31.8,31.8,30.6,31.15,1183365,EQ,4479.0,264.2,635697.0
2020-08-18,31.25,31.25,30.5,30.75,1289333,EQ,3590.0,359.15,630026.0
2020-08-19,30.85,32.25,30.25,32.25,2665433,EQ,5258.0,506.93,1456509.0
2020-08-20,31.8,32.6,31.3,31.45,2313783,EQ,6457.0,358.34,1127916.0
2020-08-21,31.45,31.8,30.45,30.65,2362371,EQ,5984.0,394.78,1253228.0
2020-08-24,30.5,30.5,29.15,29.7,2113709,EQ,7094.0,297.96,1063060.0
2020-08-25,30.0,30.55,29.4,29.6,1507072,EQ,4823.0,312.48,671971.0
2020-08-26,30.0,30.4,29.3,29.8,1365202,EQ,4349.0,313.91,591912.0
2020-08-27,30.0,31.25,29.6,31.25,3733467,EQ,4806.0,776.83,2160990.0
2020-08-28,31.5,31.9,29.7,29.9,4335382,EQ,7777.0,557.46,2765618.0
2020-08-31,29.85,30.0,28.45,28.45,2710392,EQ,7052.0,384.34,1753211.0
2020-09-01,27.9,28.45,27.05,27.7,2541980,EQ,9406.0,270.25,1438468.0
2020-09-02,27.95,28.9,27.5,28.45,1337442,EQ,3947.0,338.85,611217.0
2020-09-03,28.9,28.9,27.6,27.95,1203773,EQ,3809.0,316.03,733465.0
2020-09-04,27.2,27.95,27.2,27.55,968241,EQ,2667.0,363.04,540485.0
2020-09-07,27.2,27.9,26.5,26.9,758240,EQ,3109.0,243.89,517525.0
2020-09-08,27.0,28.0,26.0,27.45,1123400,EQ,4098.0,274.13,609643.0
2020-09-09,27.05,27.15,26.2,26.85,742695,EQ,4388.0,169.26,431447.0
2020-09-10,26.9,27.75,26.65,27.0,824871,EQ,3778.0,218.34,571363.0
2020-09-11,27.2,27.5,26.5,26.8,957915,EQ,2766.0,346.32,596221.0
2020-09-14,27.5,28.1,26.65,26.85,1194200,EQ,3179.0,375.65,639021.0
2020-09-15,26.85,27.8,26.75,27.2,1720305,EQ,3615.0,475.88,1082996.0
2020-09-16,27.15,27.5,26.55,26.75,765457,EQ,2482.0,308.4,404654.0
2020-09-17,26.5,27.25,26.0,26.5,1172553,EQ,4477.0,261.91,561947.0
2020-09-18,26.4,26.8,25.4,25.65,1282742,EQ,6005.0,213.61,894228.0
2020-09-21,25.65,25.7,24.4,24.4,1351478,EQ,3813.0,354.44,839460.0
2020-09-22,23.55,23.85,23.2,23.2,2091025,EQ,2306.0,906.78,1456379.0
2020-09-23,23.4,23.8,22.2,22.45,1786400,EQ,4023.0,444.05,1065296.0
2020-09-24,22.45,23.55,21.45,21.8,1995763,EQ,5850.0,341.16,895132.0
2020-09-25,22.0,22.85,21.5,22.85,966681,EQ,2859.0,338.12,548491.0
2020-09-28,22.7,23.65,22.15,23.25,1413406,EQ,,,
2020-09-29,23.4,23.55,22.75,22.95,611661,EQ,2058.0,297.21,273983.0
2020-09-30,23.1,23.1,22.3,22.5,575216,EQ,1902.0,302.43,297827.0
2020-10-01,22.75,22.75,21.4,21.55,1136994,EQ,3332.0,341.23,661988.0
2020-10-05,21.55,22.0,20.7,20.8,1441884,EQ,4690.0,307.44,731486.0
2020-10-06,20.8,21.8,20.8,21.8,853308,EQ,1550.0,550.52,441711.0
2020-10-07,22.4,22.85,22.05,22.85,2478545,EQ,3844.0,644.78,981716.0
2020-10-08,23.0,23.4,21.9,22.35,1431314,EQ,3723.0,384.45,658494.0
2020-10-09,22.25,22.45,21.6,21.8,948509,EQ,2445.0,387.94,464895.0
2020-10-12,21.85,21.9,20.95,21.05,1044106,EQ,2462.0,424.09,453032.0
2020-10-13,21.3,22.1,20.8,21.85,949648,EQ,2738.0,346.84,423639.0
2020-10-14,21.8,22.55,21.65,22.35,1258713,EQ,4629.0,271.92,682420.0
2020-10-15,22.55,23.4,21.35,21.6,1024790,EQ,3023.0,339.0,414826.0
2020-10-16,21.6,22.2,21.15,21.2,749450,EQ,2114.0,354.52,305890.0
2020-10-19,21.8,21.8,20.8,20.95,679255,EQ,2528.0,268.69,421814.0
2020-10-20,20.95,21.6,20.6,20.9,640064,EQ,1841.0,347.67,291111.0
2020-10-21,21.35,21.5,20.7,20.95,1082889,EQ,2449.0,442.18,466521.0
2020-10-22,21.15,21.95,20.9,21.95,2329900,EQ,3239.0,719.33,1178423.0
2020-10-23,22.2,23.0,22.1,23.0,5333243,EQ,2716.0,1963.64,3773843.0
2020-10-26,23.45,23.75,21.85,21.85,4358112,EQ,4681.0,931.02,2490251.0
2020-10-27,21.25,21.5,20.8,20.85,3125398,EQ,4151.0,752.93,1471489.0
2020-10-28,20.85,21.2,19.9,20.1,1946567,EQ,3910.0,497.84,900427.0
2020-10-29,20.05,21.1,19.55,20.7,3747414,EQ,6378.0,587.55,1783034.0
2020-10-30,20.9,21.4,19.8,20.25,3942916,EQ,5288.0,745.63,2199250.0
2020-11-02,20.2,20.5,19.6,19.85,1275696,EQ,2651.0,481.21,622157.0
2020-11-03,19.85,20.1,19.5,19.6,1422085,EQ,2777.0,512.09,714012.0
2020-11-04,19.6,20.3,19.6,19.75,1419516,EQ,2906.0,488.48,567981.0
2020-11-05,20.0,20.0,19.45,19.55,1269991,EQ,3605.0,352.29,805356.0
2020-11-06,19.75,19.95,19.5,19.65,1134668,EQ,2826.0,401.51,726256.0
2020-11-09,19.85,19.9,19.55,19.6,1100121,EQ,3444.0,319.43,763909.0
2020-11-10,19.65,19.95,19.4,19.6,1545222,EQ,3546.0,435.76,909270.0
2020-11-11,19.9,20.15,19.45,19.75,1152356,EQ,4047.0,284.74,692099.0
2020-11-12,19.85,19.85,19.2,19.6,1321097,EQ,2787.0,474.02,810405.0
2020-11-13,19.5,19.85,19.25,19.6,825055,EQ,1935.0,426.39,505306.0
2020-11-17,20.1,20.25,19.65,20.0,1375122,EQ,4353.0,315.9,989090.0
2020-11-18,20.1,20.15,19.4,19.55,1459266,EQ,4045.0,360.76,1018394.0
2020-11-19,19.6,19.9,19.4,19.55,1121027,EQ,2139.0,524.09,730006.0
2020-11-20,19.75,20.1,19.4,19.65,1937650,EQ,4797.0,403.93,1505960.0
2020-11-23,20.1,20.6,19.8,20.45,6329215,EQ,4943.0,1280.44,4130641.0
2020-11-24,20.85,21.45,20.7,21.45,11139267,EQ,6587.0,1691.1,7225342.0
2020-11-25,22.5,22.5,21.55,22.45,15526418,EQ,10126.0,1533.32,7823155.0
2020-11-26,23.0,23.0,21.35,21.75,10960349,EQ,14606.0,750.4,3976636.0
2020-11-27,21.7,21.9,20.9,21.35,3337583,EQ,5290.0,630.92,2159363.0
2020-12-01,22.0,22.1,20.4,20.8,4368278,EQ,8981.0,486.39,2531420.0
2020-12-02,20.8,21.25,20.2,20.75,3310564,EQ,5018.0,659.74,1963021.0
2020-12-03,21.15,21.75,21.0,21.75,3074121,EQ,1571.0,1956.79,2739967.0
2020-12-04,22.8,22.8,22.8,22.8,659665,EQ,1108.0,595.37,659665.0
2020-12-07,25.05,25.05,25.05,25.05,1028050,EQ,2999.0,342.8,1028050.0
2020-12-08,26.5,27.55,25.6,27.55,24172478,EQ,25534.0,946.68,8130360.0
2020-12-09,28.5,28.9,26.55,27.45,9627202,EQ,20571.0,468.0,4797477.0
2020-12-10,27.5,27.8,25.25,26.15,4238620,EQ,13976.0,303.28,2313506.0
2020-12-11,26.85,28.75,26.4,28.75,5908642,EQ,12145.0,486.51,3956915.0
2020-12-14,30.15,30.15,29.1,30.15,8344991,EQ,15508.0,538.11,3734663.0
2020-12-15,30.5,30.6,28.65,28.65,6824261,EQ,6838.0,997.99,4154678.0
2020-12-16,27.7,29.5,27.65,28.4,4612768,EQ,8795.0,524.48,2351382.0
2020-12-17,28.35,28.35,27.05,27.1,2532326,EQ,6828.0,370.87,1537624.0
2020-12-18,26.7,27.75,25.8,26.3,4145257,EQ,8777.0,472.29,2324893.0
2020-12-21,26.2,26.65,25.0,25.0,2233423,EQ,5575.0,400.61,1335146.0
2020-12-22,24.5,25.0,23.75,24.3,2976294,EQ,7325.0,406.32,1201894.0
2020-12-23,24.9,25.5,24.65,25.5,1364915,EQ,1815.0,752.02,787414.0
2020-12-24,26.75,26.75,26.0,26.75,3628934,EQ,3933.0,922.69,1459791.0
2020-12-28,26.85,28.05,25.85,27.85,4061974,EQ,8347.0,486.64,2066258.0
2020-12-29,27.7,28.15,26.5,26.85,2325680,EQ,6106.0,380.88,1258995.0
2020-12-30,26.85,28.15,26.15,27.45,2816859,EQ,6140.0,458.77,1342149.0
2020-12-31,27.05,27.6,26.55,26.85,1269430,EQ,4968.0,255.52,851766.0
2021-01-01,27.2,28.15,26.95,27.55,3080324,EQ,5803.0,530.82,1353907.0
2021-01-04,28.75,28.9,28.1,28.9,4364971,EQ,7455.0,585.51,2851337.0
2021-01-05,28.9,30.3,28.3,30.3,6501863,EQ,13012.0,499.68,3192576.0
2021-01-06,30.3,30.65,29.15,29.65,5065730,EQ,10836.0,467.49,3056236.0
2021-01-07,29.25,29.95,28.25,28.5,3406662,EQ,6032.0,564.76,2354056.0
2021-01-08,28.7,29.85,28.5,29.45,3410303,EQ,6326.0,539.09,2244953.0
2021-01-11,30.5,30.9,29.6,30.9,7605575,EQ,8524.0,892.25,4497437.0
2021-01-12,31.55,32.4,30.05,32.35,7156762,EQ,13073.0,547.45,4680955.0
2021-01-13,32.4,33.0,31.3,31.5,6026760,EQ,12496.0,482.3,3960082.0
2021-01-14,31.6,32.45,31.3,31.45,1427878,EQ,3890.0,367.06,798714.0
2021-01-15,31.5,32.05,30.25,31.45,1992198,EQ,4806.0,414.52,968746.0
2021-01-18,31.8,31.95,30.1,30.35,1532517,EQ,4433.0,345.71,812352.0
2021-01-19,30.7,31.25,29.3,30.7,2468790,EQ,6105.0,404.39,1442735.0
2021-01-20,30.4,30.5,29.8,30.1,2050624,EQ,4030.0,508.84,1318624.0
2021-01-21,30.2,31.6,30.1,30.85,4284073,EQ,7253.0,590.66,2296943.0
2021-01-22,31.0,31.2,29.8,30.35,1791094,EQ,5443.0,329.06,976783.0
2021-01-25,30.05,31.1,29.6,30.35,1651008,EQ,4017.0,411.01,926079.0
2021-01-27,30.3,30.4,29.3,29.95,1459772,EQ,6018.0,242.57,739056.0
2021-01-28,29.75,29.75,28.55,28.9,1890589,EQ,6050.0,312.49,917287.0
2021-01-29,29.1,29.7,27.5,27.7,3058613,EQ,5664.0,540.01,1800116.0
2021-02-01,27.95,29.05,27.2,28.2,3806392,EQ,7983.0,476.81,1996069.0
2021-02-02,28.7,29.6,28.1,29.55,2653815,EQ,5304.0,500.34,1288939.0
2021-02-03,29.85,31.0,29.5,31.0,2486179,EQ,4726.0,526.06,1820285.0
2021-02-04,31.75,32.55,31.2,32.55,3302470,EQ,8076.0,408.92,1646227.0
2021-02-05,33.9,34.1,31.6,33.35,5899667,EQ,10972.0,537.7,3721452.0
2021-02-08,33.75,34.8,32.5,32.8,2960509,EQ,8069.0,366.9,1829104.0
2021-02-09,33.25,33.6,31.85,32.45,1714065,EQ,7930.0,216.15,881598.0
2021-02-10,32.0,32.2,30.8,31.3,2604870,EQ,5465.0,476.65,1550881.0
2021-02-11,31.2,32.5,31.1,31.85,2099679,EQ,4378.0,479.6,1188689.0
2021-02-12,32.0,33.4,31.35,32.9,3064708,EQ,7188.0,426.36,1669251.0
2021-02-15,33.0,33.15,31.8,32.4,1983080,EQ,4119.0,481.45,1144770.0
2021-02-16,32.8,32.8,31.3,31.95,1668806,EQ,3661.0,455.83,1028287.0
2021-02-17,31.8,32.15,31.35,31.8,1324740,EQ,3226.0,410.64,589481.0
2021-02-18,31.6,31.85,30.0,30.65,1949182,EQ,4727.0,412.35,1136293.0
2021-02-19,30.8,31.25,29.75,30.7,2763271,EQ,5475.0,504.71,1398118.0
2021-02-22,30.9,33.35,29.9,31.65,3922771,EQ,9553.0,410.63,1231809.0
2021-02-23,32.25,32.9,31.5,32.05,2852380,EQ,5905.0,483.04,1296766.0
2021-02-24,32.0,32.2,30.5,31.7,774853,EQ,3159.0,245.28,439784.0
2021-02-25,31.95,32.0,31.15,31.55,1657855,EQ,4141.0,400.35,912551.0
2021-02-26,30.7,31.75,30.1,30.85,2280714,EQ,9463.0,241.01,1374127.0
2021-03-01,31.6,33.9,30.75,32.85,6974151,EQ,11129.0,626.66,3521206.0
2021-03-02,33.2,33.95,31.8,32.4,3586414,EQ,7345.0,488.28,1679257.0
2021-03-03,32.8,33.1,31.55,31.7,2370578,EQ,4919.0,481.92,1321858.0
2021-03-04,30.6,33.35,30.6,32.2,2790470,EQ,6280.0,444.34,1004745.0
2021-03-05,32.7,33.15,31.8,32.55,2189066,EQ,4842.0,452.1,1125193.0
2021-03-08,33.0,34.05,32.0,32.4,3004408,EQ,6301.0,476.81,1427336.0
2021-03-09,32.75,35.6,32.7,35.6,8966876,EQ,12945.0,692.69,4087433.0
2021-03-10,36.9,39.15,36.35,39.15,6799718,EQ,12445.0,546.38,3280393.0
2021-03-12,41.0,42.75,37.1,39.7,14443946,EQ,39898.0,362.02,5166345.0
2021-03-15,40.0,40.7,36.85,37.7,5142606,EQ,12729.0,404.01,2309456.0
2021-03-16,38.1,38.6,35.2,35.75,3373952,EQ,9721.0,347.08,1784529.0
2021-03-17,35.95,36.4,33.5,33.9,3082504,EQ,8647.0,356.48,1362323.0
2021-03-18,34.8,34.9,31.3,32.35,3371383,EQ,10471.0,321.97,1588120.0
2021-03-19,31.75,33.75,31.15,32.95,3256447,EQ,8748.0,372.25,1442919.0
2021-03-22,33.3,36.2,32.3,36.2,5722876,EQ,8510.0,672.49,2619119.0
2021-03-23,37.6,39.8,36.65,39.8,6781592,EQ,20090.0,337.56,3041963.0
2021-03-24,39.8,41.6,36.95,37.55,9571436,EQ,27581.0,347.03,4452134.0
2021-03-25,37.8,38.1,35.2,35.65,4312804,EQ,10112.0,426.5,2607972.0
2021-03-26,36.6,37.6,35.65,36.6,2228436,EQ,6686.0,333.3,1009820.0
2021-03-30,37.0,37.3,35.15,35.55,1792401,EQ,5788.0,309.68,895971.0
2021-03-31,35.6,36.8,34.8,35.1,2114429,EQ,5973.0,354.0,885089.0
2021-04-01,35.4,38.6,35.4,38.2,5784965,EQ,14425.0,401.04,2116245.0
2021-04-05,38.45,40.7,37.5,39.1,5308369,EQ,15074.0,352.15,2139981.0
2021-04-06,39.5,43.0,38.25,38.9,19081034,EQ,37147.0,513.66,6858654.0
2021-04-07,39.15,39.5,37.2,37.9,4371873,EQ,11129.0,392.84,2194583.0
2021-04-08,38.55,39.55,38.15,38.55,3328823,EQ,8522.0,390.62,1428140.0
2021-04-09,38.75,39.2,37.4,38.05,2292011,EQ,6114.0,374.88,911355.0
2021-04-12,36.55,36.95,34.05,34.25,5649544,EQ,11355.0,497.54,3383799.0
2021-04-13,34.55,35.85,34.5,35.35,2625997,EQ,7536.0,348.46,1254526.0
2021-04-15,35.5,35.9,34.0,34.7,2900406,EQ,7125.0,407.07,1460364.0
2021-04-16,34.9,36.0,34.4,35.05,3235625,EQ,8801.0,367.64,1140462.0
2021-04-19,32.55,33.75,32.55,33.0,2546915,EQ,6789.0,375.15,1202103.0
2021-04-20,33.7,34.3,32.7,33.4,2286606,EQ,7165.0,319.14,874416.0
2021-04-22,33.3,34.1,32.9,33.35,2267769,EQ,5461.0,415.27,711287.0
2021-04-23,33.2,35.15,32.9,33.25,3177167,EQ,6933.0,458.27,1351989.0
2021-04-26,33.65,33.95,33.0,33.15,2356922,EQ,4580.0,514.61,995467.0
2021-04-27,33.5,33.8,33.2,33.7,2869961,EQ,3831.0,749.14,1898798.0
2021-04-28,33.8,35.7,33.65,34.95,3446563,EQ,5908.0,583.37,1740818.0
2021-04-29,36.0,38.4,34.3,37.5,7035746,EQ,15106.0,465.76,2500000.0
2021-04-30,37.5,44.25,37.1,42.4,24836921,EQ,56008.0,443.45,8079816.0
2021-05-03,41.9,50.85,41.55,50.45,31752079,EQ,68097.0,466.28,9452462.0
2021-05-04,50.7,50.7,45.45,45.5,14922450,EQ,36184.0,412.4,7549026.0
2021-05-05,45.55,48.3,45.1,47.3,5890744,EQ,19348.0,304.46,2701402.0
2021-05-06,47.75,48.45,45.55,46.35,6030364,EQ,21213.0,284.28,2735583.0
2021-05-07,46.8,49.1,46.0,47.3,8215437,EQ,19923.0,412.36,3309043.0
2021-05-10,48.4,49.35,47.45,48.25,9925717,EQ,16562.0,599.31,4946709.0
2021-05-11,47.5,53.05,46.95,53.05,23308893,EQ,24149.0,965.21,12203468.0
2021-05-12,54.9,58.3,49.8,54.15,29531881,EQ,78875.0,374.41,11361840.0
2021-05-14,54.95,56.1,51.6,52.9,9668388,EQ,26288.0,367.79,4680034.0
2021-05-17,52.0,53.5,50.05,50.4,4442126,EQ,15552.0,285.63,2503415.0
2021-05-18,50.8,54.4,49.0,51.65,11016406,EQ,29450.0,374.07,3879627.0
2021-05-19,52.2,54.1,51.45,51.85,7653077,EQ,19408.0,394.33,3803539.0
2021-05-20,52.4,53.0,51.0,51.6,3479716,EQ,10790.0,322.49,1437859.0
2021-05-21,52.25,53.2,51.3,51.6,3372102,EQ,9246.0,364.71,1410005.0
2021-05-24,52.45,56.75,52.1,56.5,24808841,EQ,39198.0,632.91,10583382.0
2021-05-25,57.5,61.8,56.75,58.0,20149517,EQ,46761.0,430.9,9618022.0
2021-05-26,59.1,63.0,57.75,61.85,17400721,EQ,40674.0,427.81,7880975.0
2021-05-27,64.0,68.0,62.6,68.0,12433290,EQ,34793.0,357.35,6888084.0
2021-05-28,70.0,71.4,64.6,64.6,28237172,EQ,65570.0,430.64,12089624.0
2021-05-31,63.0,64.95,61.4,63.35,19149858,EQ,32637.0,586.75,6204821.0
2021-06-01,63.5,64.25,60.2,60.4,12349100,EQ,27699.0,445.83,4147579.0
2021-06-02,60.55,63.4,60.5,63.4,6889951,EQ,11774.0,585.18,4005121.0
2021-06-03,66.55,66.55,66.55,66.55,742826,EQ,2221.0,334.46,742826.0
2021-06-04,69.85,69.85,66.55,69.8,23470355,EQ,44989.0,521.69,10256060.0
2021-06-07,73.1,73.25,70.1,73.25,11272552,EQ,40193.0,280.46,5857506.0
2021-06-08,74.5,76.9,73.25,76.9,19773184,EQ,40905.0,483.39,6634130.0
2021-06-09,80.7,80.7,77.0,80.7,15474045,EQ,32215.0,480.34,6290742.0
2021-06-10,83.0,84.7,82.5,84.7,10421252,EQ,28803.0,361.81,5168311.0
2021-06-11,88.9,88.9,81.0,83.1,26870411,EQ,88588.0,303.32,10130853.0
2021-06-14,86.75,87.25,80.0,87.25,10430228,EQ,41869.0,249.12,5597831.0
2021-06-15,89.85,91.6,88.6,91.6,3571511,EQ,7862.0,454.28,2490699.0
2021-06-16,94.9,96.15,92.2,96.15,20371718,EQ,61068.0,333.59,8139579.0
2021-06-17,97.4,100.95,92.1,100.9,5700197,BE,21122.0,269.87,5700197.0
2021-06-18,105.9,105.9,95.9,105.2,9744160,BE,52743.0,184.75,9744160.0
2021-06-21,101.45,108.65,100.0,102.1,5376320,BE,32789.0,163.97,5376320.0
2021-06-22,103.3,105.25,97.0,97.0,4760369,BE,33524.0,142.0,4760369.0
2021-06-23,93.0,98.2,92.15,92.15,4869948,BE,29426.0,165.5,4869948.0
2021-06-24,89.0,90.35,87.55,87.55,1057573,BE,7090.0,149.16,1057573.0
2021-06-25,83.2,83.2,83.2,83.2,617279,BE,4329.0,142.59,617279.0
2021-06-28,79.1,87.35,79.1,87.35,4338585,BE,16780.0,258.56,4338585.0
2021-06-29,90.5,91.7,89.9,91.7,950761,BE,3681.0,258.29,950761.0
2021-06-30,96.25,96.25,87.15,88.0,3944021,BE,22013.0,179.17,3944021.0
2021-07-01,86.9,86.9,83.6,83.6,1860716,BE,11267.0,165.15,1860716.0
2021-07-02,83.6,87.75,80.75,87.75,2511910,BE,13222.0,189.98,2511910.0
2021-07-05,87.75,89.4,84.1,85.8,2196225,BE,10227.0,214.75,2196225.0
2021-07-06,85.0,85.8,81.55,81.75,2365666,BE,12635.0,187.23,2365666.0
2021-07-07,79.0,81.75,78.0,78.2,2150500,BE,13210.0,162.79,2150500.0
2021-07-08,79.05,82.1,79.05,82.1,889163,BE,4133.0,215.14,889163.0
2021-07-09,85.0,85.5,83.1,85.15,1381425,BE,9621.0,143.58,1381425.0
2021-07-12,88.6,88.6,84.1,85.1,1467254,BE,9213.0,159.26,1467254.0
2021-07-13,86.0,86.4,81.15,82.05,1318115,BE,12148.0,108.5,1318115.0
2021-07-14,82.0,85.2,82.0,82.85,714334,BE,7529.0,94.88,714334.0
2021-07-15,83.6,84.55,79.5,80.9,1005861,BE,12549.0,80.15,1005861.0
2021-07-16,81.9,81.95,78.1,80.0,1107903,BE,8419.0,131.6,1107903.0
2021-07-19,77.55,82.0,77.4,78.9,1131996,BE,7598.0,148.99,1131996.0
2021-07-20,78.9,80.8,76.1,78.25,1513863,BE,7570.0,199.98,1513863.0
2021-07-22,79.9,80.0,76.05,77.35,1088620,BE,7993.0,136.2,1088620.0
2021-07-23,77.0,78.8,73.5,73.5,1579203,BE,9714.0,162.57,1579203.0
2021-07-26,71.5,77.15,69.85,77.15,2447723,BE,9720.0,251.82,2447723.0
2021-07-27,79.0,80.5,73.35,75.05,1305927,BE,8668.0,150.66,1305927.0
2021-07-28,74.5,75.0,71.5,73.15,799732,BE,5614.0,142.45,799732.0
2021-07-29,75.0,75.5,71.1,73.1,728633,BE,4290.0,169.84,728633.0
2021-07-30,74.0,76.75,71.8,76.55,1378599,BE,5612.0,245.65,1378599.0
2021-08-02,76.0,80.1,75.25,79.1,1482579,BE,11009.0,134.67,1482579.0
2021-08-03,79.8,80.4,76.75,77.35,1130523,BE,5240.0,215.75,1130523.0
2021-08-04,77.65,79.95,73.5,73.5,1113459,BE,7380.0,150.88,1113459.0
2021-08-05,73.4,73.4,70.0,72.25,920168,BE,5935.0,155.04,920168.0
2021-08-06,72.4,75.85,71.0,75.7,893901,BE,7198.0,124.19,893901.0
2021-08-09,75.7,78.0,71.95,73.65,868277,BE,4763.0,182.3,868277.0
2021-08-10,72.4,73.9,70.0,70.0,901666,BE,6630.0,136.0,901666.0
2021-08-11,71.35,72.7,66.5,70.4,1852320,BE,8227.0,225.15,1852320.0
2021-08-12,71.4,72.45,70.25,71.55,596198,BE,5183.0,115.03,596198.0
2021-08-13,71.55,71.85,69.35,69.7,927415,BE,3943.0,235.21,927415.0
2021-08-16,69.95,69.95,66.5,66.8,692243,BE,5169.0,133.92,692243.0
2021-08-17,66.8,67.9,63.5,63.5,1264578,BE,6205.0,203.8,1264578.0
2021-08-18,62.85,66.65,60.6,66.1,1933128,BE,6988.0,276.64,1933128.0
2021-08-20,65.0,68.6,63.0,63.4,664252,BE,4917.0,135.09,664252.0
2021-08-23,63.5,65.45,60.25,60.25,1054997,BE,5846.0,180.46,1054997.0
2021-08-24,60.5,63.25,58.0,63.25,1036254,BE,5089.0,203.63,1036254.0
2021-08-25,65.0,66.4,63.55,66.4,481674,BE,2549.0,188.97,481674.0
2021-08-26,69.15,69.2,66.5,67.9,853136,BE,4793.0,178.0,853136.0
2021-08-27,68.65,68.85,64.55,65.8,810832,BE,4369.0,185.59,810832.0
2021-08-30,66.4,69.05,66.0,68.95,875848,BE,4912.0,178.31,875848.0
2021-08-31,70.2,70.2,67.0,67.45,599454,BE,4492.0,133.45,599454.0
2021-09-01,67.45,68.0,64.55,66.0,510409,BE,3979.0,128.28,510409.0
2021-09-02,65.7,69.3,65.7,68.85,875279,BE,6256.0,139.91,875279.0
2021-09-03,68.9,71.95,67.0,70.55,887527,BE,4698.0,188.92,887527.0
2021-09-06,71.0,72.0,69.5,70.8,735824,BE,4754.0,154.78,735824.0
2021-09-07,71.5,71.5,67.75,68.65,652383,BE,3323.0,196.32,652383.0
2021-09-08,69.4,71.9,68.55,70.7,773863,BE,4001.0,193.42,773863.0
2021-09-09,72.75,74.2,71.0,74.2,1377612,BE,4048.0,340.32,1377612.0
2021-09-13,77.9,77.9,77.9,77.9,319272,BE,1646.0,193.97,319272.0
2021-09-14,81.75,81.75,81.75,81.75,453653,BE,2023.0,224.25,453653.0
2021-09-15,85.8,85.8,85.8,85.8,443818,BE,2053.0,216.18,443818.0
2021-09-16,90.05,90.05,90.05,90.05,844597,BE,2915.0,289.74,844597.0
2021-09-17,94.55,94.55,88.55,94.55,9641492,BE,40568.0,237.66,9641492.0
2021-09-20,94.5,99.25,92.25,98.0,6873441,EQ,27275.0,252.01,3950822.0
2021-09-21,98.7,98.7,93.1,93.1,7766227,EQ,18210.0,426.48,3194151.0
2021-09-22,93.0,97.75,91.5,97.45,4340649,EQ,21295.0,203.83,2537122.0
2021-09-23,99.0,102.3,98.05,102.3,4995623,EQ,11067.0,451.4,2387848.0
2021-09-24,104.3,106.7,99.4,105.35,7755268,EQ,45048.0,172.16,4383641.0
2021-09-27,109.0,110.6,106.4,110.6,2623327,BE,10548.0,248.7,2623327.0
2021-09-28,114.9,114.9,105.1,106.15,3981657,BE,19915.0,199.93,3981657.0
2021-09-29,101.6,110.0,101.6,106.2,2525153,BE,10521.0,240.01,2525153.0
2021-09-30,107.0,107.95,101.0,102.45,1761539,BE,10031.0,175.61,1761539.0
2021-10-01,102.45,102.45,98.0,99.6,2021810,BE,9910.0,204.02,2021810.0
2021-10-04,100.05,103.35,99.0,100.2,1294482,BE,7926.0,163.32,1294482.0
2021-10-05,100.2,100.6,96.4,96.9,1419129,BE,9824.0,144.46,1419129.0
2021-10-06,96.9,99.9,96.0,96.8,1272152,BE,8327.0,152.77,1272152.0
2021-10-07,97.5,101.6,97.5,101.6,916003,BE,4110.0,222.87,916003.0
2021-10-08,106.65,106.65,102.5,104.8,2255577,BE,8911.0,253.12,2255577.0
2021-10-11,104.8,106.7,102.0,102.7,1201258,BE,7174.0,167.45,1201258.0
2021-10-12,102.45,103.95,100.0,101.25,846991,BE,5184.0,163.39,846991.0
2021-10-13,102.0,103.0,99.1,100.05,998230,BE,6819.0,146.39,998230.0
2021-10-14,101.8,101.8,98.1,98.55,768680,BE,5576.0,137.86,768680.0
2021-10-18,99.0,102.0,98.0,98.45,978369,BE,6600.0,148.24,978369.0
2021-10-19,100.0,102.1,94.55,96.45,1349421,BE,6650.0,202.92,1349421.0
2021-10-20,95.55,95.55,91.65,92.3,1270273,BE,7893.0,160.94,1270273.0
2021-10-21,94.25,95.95,92.0,93.6,818840,BE,4084.0,200.5,818840.0
2021-10-22,94.45,96.0,91.5,91.95,643158,BE,3649.0,176.26,643158.0
2021-10-25,93.0,93.8,87.4,87.4,866644,BE,5696.0,152.15,866644.0
2021-10-26,87.4,91.75,87.4,91.5,804436,BE,4031.0,199.56,804436.0
2021-10-27,92.0,96.0,91.75,93.85,903425,BE,5137.0,175.87,903425.0
2021-10-28,92.0,92.0,89.2,89.2,699564,BE,4361.0,160.41,699564.0
2021-10-29,84.75,87.05,84.75,84.75,1064226,BE,5154.0,206.49,1064226.0
2021-11-01,82.0,83.95,81.1,82.15,807054,BE,5001.0,161.38,807054.0
2021-11-02,83.4,86.25,83.0,86.25,534030,BE,2706.0,197.35,534030.0
2021-11-03,84.75,87.6,84.2,84.65,379090,BE,3497.0,108.4,379090.0
2021-11-04,85.1,86.4,85.1,86.25,155775,BE,3497.0,44.55,155775.0
2021-11-08,86.9,87.55,83.5,83.95,462367,BE,3906.0,118.37,462367.0
2021-11-09,84.5,86.0,82.0,84.7,657100,BE,3743.0,175.55,657100.0
2021-11-10,84.65,88.0,83.2,84.6,414235,BE,3462.0,119.65,414235.0
2021-11-11,85.0,85.65,83.15,83.5,336261,BE,2611.0,128.79,336261.0
2021-11-12,84.0,84.6,82.1,82.9,366345,BE,3410.0,107.43,366345.0
2021-11-15,82.2,84.6,80.25,81.5,553538,BE,3565.0,155.27,553538.0
2021-11-16,81.0,85.25,80.35,82.75,575465,BE,3773.0,152.52,575465.0
2021-11-17,83.05,84.7,80.75,81.45,496894,BE,3150.0,157.74,496894.0
2021-11-18,82.5,82.5,77.4,79.4,672465,BE,5110.0,131.6,672465.0
2021-11-22,80.7,83.25,75.45,76.45,804602,BE,5616.0,143.27,804602.0
2021-11-23,75.9,80.25,73.55,80.25,768507,BE,3298.0,233.02,768507.0
2021-11-24,82.0,84.25,81.3,84.2,729683,BE,3378.0,216.01,729683.0
2021-11-25,86.4,88.4,85.5,88.4,1126722,BE,5825.0,193.43,1126722.0
2021-11-26,92.8,92.8,88.2,92.75,2761976,BE,9212.0,299.82,2761976.0
2021-11-29,94.5,94.5,88.15,88.15,1401566,BE,11825.0,118.53,1401566.0
2021-11-30,83.75,89.4,83.75,84.2,1444214,BE,5674.0,254.53,1444214.0
2021-12-01,84.0,88.0,82.75,83.65,694031,BE,3926.0,176.78,694031.0
2021-12-02,83.0,87.8,81.1,87.75,1176911,BE,5168.0,227.73,1176911.0
2021-12-03,88.7,90.95,84.0,87.45,1372807,BE,5928.0,231.58,1372807.0
2021-12-06,88.0,91.8,88.0,91.8,965185,BE,3651.0,264.36,965185.0
2021-12-07,96.35,96.35,93.75,96.35,795260,BE,2412.0,329.71,795260.0
2021-12-08,99.0,101.1,94.25,99.05,2200692,BE,10389.0,211.83,2200692.0
2021-12-09,99.8,104.0,96.1,104.0,2230415,BE,9694.0,230.08,2230415.0
2021-12-10,107.25,109.2,104.5,109.1,2876372,BE,11831.0,243.12,2876372.0
2021-12-13,110.95,111.9,103.65,103.65,1875470,BE,8550.0,219.35,1875470.0
2021-12-14,98.5,108.8,98.5,108.35,2489119,BE,8583.0,290.01,2489119.0
2021-12-15,108.3,111.8,104.0,106.75,1614894,BE,7300.0,221.22,1614894.0
2021-12-16,107.15,108.5,101.65,103.35,886339,BE,4496.0,197.14,886339.0
2021-12-17,104.0,104.0,98.2,98.45,1161679,BE,6053.0,191.92,1161679.0
2021-12-20,93.6,97.0,93.55,93.55,986882,BE,3967.0,248.77,986882.0
2021-12-21,94.05,97.0,89.3,90.65,956815,BE,4532.0,211.12,956815.0
2021-12-22,94.9,95.15,92.5,95.15,676630,BE,1992.0,339.67,676630.0
2021-12-23,94.85,96.75,92.4,93.8,609021,BE,3525.0,172.77,609021.0
2021-12-24,94.9,94.9,90.1,91.95,702851,BE,3720.0,188.94,702851.0
2021-12-27,92.0,94.1,89.0,90.4,1141219,BE,11460.0,99.58,1141219.0
2021-12-28,92.0,94.9,91.55,94.9,534038,BE,2541.0,210.17,534038.0
2021-12-29,96.0,97.5,94.0,95.5,733337,BE,3450.0,212.56,733337.0
2021-12-30,96.4,96.4,91.0,94.2,612060,BE,2644.0,231.49,612060.0
2021-12-31,95.05,98.55,95.05,96.0,684051,BE,3327.0,205.61,684051.0
2022-01-03,95.95,100.8,95.85,100.8,1433841,BE,4756.0,301.48,1433841.0
2022-01-04,102.0,102.8,96.8,97.5,1627872,EQ,9736.0,167.2,1069106.0
2022-01-05,97.9,99.5,96.05,97.05,907997,EQ,6406.0,141.74,535650.0
2022-01-06,96.45,101.7,94.5,100.15,1796340,EQ,10190.0,176.28,858262.0
2022-01-07,101.55,102.3,98.05,98.55,1091828,EQ,7653.0,142.67,701188.0
2022-01-10,98.55,103.45,95.1,103.45,4419483,EQ,16101.0,274.49,2498974.0
2022-01-11,105.1,107.5,98.3,98.4,4924424,EQ,20705.0,237.84,3017983.0
2022-01-12,98.2,99.75,94.4,96.4,2552372,EQ,13658.0,186.88,1686932.0
2022-01-13,97.8,100.0,95.0,99.05,1628860,EQ,9272.0,175.68,870977.0
2022-01-14,98.7,104.0,97.4,102.75,3291223,EQ,16187.0,203.33,1755713.0
2022-01-17,103.65,107.8,102.75,105.55,3772409,EQ,18558.0,203.28,1948514.0
2022-01-18,106.9,107.5,101.5,101.95,1845994,EQ,10867.0,169.87,1114458.0
2022-01-19,102.4,102.95,98.8,99.75,1381285,EQ,8844.0,156.18,823993.0
2022-01-20,99.0,102.5,99.0,101.55,1531294,EQ,8319.0,184.07,893164.0
2022-01-21,100.0,102.0,97.2,98.25,1446661,EQ,7314.0,197.79,821782.0
2022-01-24,98.0,98.75,93.35,93.55,2332253,EQ,11056.0,210.95,1433225.0
2022-01-25,92.6,98.2,91.4,98.05,2213795,EQ,7423.0,298.23,1150400.0
2022-01-27,97.0,100.5,96.05,97.8,1565476,EQ,7396.0,211.67,895175.0
2022-01-28,98.65,102.65,98.65,102.3,3224151,EQ,8891.0,362.63,1681555.0
2022-01-31,103.3,104.0,99.8,101.05,2102086,EQ,8615.0,244.0,1364758.0
2022-02-01,103.0,106.1,101.55,106.1,2850166,EQ,10026.0,284.28,1841781.0
2022-02-02,108.7,111.4,104.7,110.1,5451390,EQ,19329.0,282.03,2794746.0
2022-02-03,111.05,115.6,111.0,115.6,1737907,EQ,4875.0,356.49,1542369.0
2022-02-04,119.6,121.35,118.55,121.35,1577705,EQ,2886.0,546.68,1482661.0
2022-02-07,128.0,133.45,123.0,133.45,9134933,EQ,29082.0,314.11,3686738.0
2022-02-08,140.0,143.8,126.6,134.45,12445385,EQ,76472.0,162.74,5267249.0
2022-02-09,138.7,147.85,133.0,147.85,11459699,EQ,52509.0,218.24,4450361.0
2022-02-10,149.4,150.0,133.1,133.1,6161277,EQ,41853.0,147.21,3596246.0
2022-02-11,128.5,141.0,127.5,134.0,4806656,EQ,32164.0,149.44,2148052.0
2022-02-14,120.6,120.6,120.6,120.6,974557,EQ,4956.0,196.64,974556.0
2022-02-15,111.1,119.0,108.55,111.85,13727792,EQ,35897.0,382.42,5388642.0
2022-02-16,114.5,123.0,114.3,122.6,7114241,EQ,30608.0,232.43,3135401.0
2022-02-17,123.0,127.7,111.8,113.35,5168249,EQ,31096.0,166.2,2191967.0
2022-02-18,114.85,122.65,113.85,120.1,3668594,EQ,23008.0,159.45,1718931.0
2022-02-21,120.5,123.75,111.15,112.7,3716304,EQ,25502.0,145.73,1819712.0
2022-02-22,111.0,116.75,108.45,114.35,4010678,EQ,24051.0,166.76,1706273.0
2022-02-23,116.3,119.7,112.3,113.25,2337557,EQ,15127.0,154.53,1073029.0
2022-02-24,108.5,108.5,101.95,101.95,3202409,EQ,21539.0,148.68,1930422.0
2022-02-25,104.0,110.0,103.0,104.6,4213193,EQ,21116.0,199.53,2143425.0
2022-02-28,102.0,106.6,101.15,104.6,2635673,EQ,13520.0,194.95,1301124.0
2022-03-02,101.5,110.8,101.5,107.6,2483054,EQ,15858.0,156.58,1178873.0
2022-03-03,110.0,110.95,105.1,106.4,1536356,EQ,10196.0,150.68,888284.0
2022-03-04,105.0,107.1,102.65,103.5,1715481,EQ,10660.0,160.93,859689.0
2022-03-07,101.8,102.7,97.0,99.6,2606599,EQ,,,
2022-03-08,99.0,103.8,98.8,101.75,2501039,EQ,11889.0,210.37,1294735.0
2022-03-09,103.0,109.7,102.3,107.5,2069832,EQ,13814.0,149.84,1012520.0
2022-03-10,111.85,112.9,107.8,111.4,3081502,EQ,14715.0,209.41,1633724.0
2022-03-11,116.9,122.5,115.0,122.5,3796368,EQ,14483.0,262.13,2448287.0
2022-03-14,127.5,128.7,116.5,117.25,4130176,EQ,26452.0,156.14,2033211.0
2022-03-15,118.4,120.4,112.8,115.55,2071446,EQ,13125.0,157.82,1063139.0
2022-03-16,118.05,119.8,116.05,118.95,1612516,EQ,10306.0,156.46,882578.0
2022-03-17,120.0,121.5,115.65,116.8,1977893,EQ,10252.0,192.93,1370054.0
2022-03-21,118.2,118.45,115.0,115.4,1543608,EQ,8701.0,177.41,886632.0
2022-03-22,114.1,116.85,112.1,113.15,1655799,EQ,10137.0,163.34,959032.0
2022-03-23,114.45,115.7,110.1,111.8,2309731,EQ,10482.0,220.35,1563186.0
2022-03-24,111.9,114.25,108.9,109.7,3085013,EQ,9673.0,318.93,2392169.0
2022-03-25,111.7,114.5,108.1,109.2,2401003,EQ,12965.0,185.19,1137751.0
2022-03-28,101.35,106.75,99.15,100.7,5243142,EQ,31791.0,164.93,2616961.0
2022-03-29,102.05,110.75,102.0,110.75,7061792,EQ,19322.0,365.48,3508626.0
2022-03-30,113.0,119.9,111.7,114.8,3890593,EQ,23218.0,167.57,1674495.0
2022-03-31,116.25,118.0,110.3,112.3,2453312,EQ,12371.0,198.31,1165891.0
2022-04-01,112.7,123.5,112.3,122.65,3762082,EQ,18376.0,204.73,2007599.0
2022-04-04,123.9,128.5,119.5,124.7,5791150,EQ,34609.0,167.33,2417213.0
2022-04-05,125.9,134.95,123.85,132.15,6925281,EQ,47988.0,144.31,2098587.0
2022-04-06,132.0,139.1,130.15,136.15,5622619,EQ,44588.0,126.1,1630722.0
2022-04-07,136.5,138.6,124.0,125.15,5345931,EQ,31054.0,172.15,2811039.0
2022-04-08,126.0,131.5,126.0,126.75,2973963,EQ,19666.0,151.22,1114137.0
2022-04-11,126.9,130.45,125.1,125.85,1562737,EQ,10127.0,154.31,627870.0
2022-04-12,125.0,126.4,121.0,122.95,1977091,EQ,13488.0,146.58,889705.0
2022-04-13,123.6,127.0,122.25,123.4,1648115,EQ,12699.0,129.78,648221.0
2022-04-18,123.0,123.5,117.65,119.55,1205758,EQ,8533.0,141.31,596006.0
2022-04-19,120.5,131.5,120.4,123.6,4873123,EQ,27615.0,176.47,1432610.0
2022-04-20,126.0,128.6,123.3,125.75,2758694,EQ,16478.0,167.42,1270658.0
2022-04-21,127.45,134.0,124.35,130.3,4247086,EQ,26661.0,159.3,1629334.0
2022-04-22,128.0,132.7,127.05,128.9,2450467,EQ,13658.0,179.42,1053489.0
2022-04-25,127.0,128.45,121.7,123.25,1826560,EQ,13743.0,132.91,871016.0
2022-04-26,125.9,126.8,118.2,121.2,1789524,EQ,14766.0,121.19,936699.0
2022-04-27,120.0,124.7,118.5,123.0,2640030,EQ,16919.0,156.04,1088187.0
2022-04-28,123.0,125.85,120.0,120.6,1451387,EQ,13093.0,110.85,712083.0
2022-04-29,122.2,126.5,119.0,123.55,2745695,EQ,17295.0,158.76,1484682.0
2022-05-02,124.0,127.0,122.05,124.25,1530403,EQ,10305.0,148.51,701945.0
2022-05-04,125.0,126.35,112.95,116.1,2206418,EQ,17902.0,123.25,1154901.0
2022-05-05,118.0,122.25,114.25,115.1,2590263,EQ,19678.0,131.63,913694.0
2022-05-06,112.95,113.0,110.0,111.3,1723960,EQ,14759.0,116.81,886819.0
2022-05-09,111.45,115.0,105.0,112.3,2003478,EQ,13529.0,148.09,800154.0
2022-05-10,113.3,116.0,106.0,108.2,1651090,EQ,13248.0,124.63,749436.0
2022-05-12,102.0,107.8,96.4,100.9,3026642,EQ,18272.0,165.64,1437699.0
2022-05-13,104.55,107.0,101.0,102.05,2307109,EQ,18849.0,122.4,1181707.0
2022-05-16,98.0,101.0,96.05,98.3,2292453,EQ,16905.0,135.61,1289706.0
2022-05-17,99.9,108.1,99.2,107.05,3028015,EQ,16844.0,179.77,1184237.0
2022-05-18,107.4,109.5,103.25,104.1,1700333,EQ,13989.0,121.55,833612.0
2022-05-19,99.05,103.1,99.05,102.1,1583447,EQ,8578.0,184.59,687345.0
2022-05-20,105.0,106.7,103.1,104.0,1502352,EQ,8447.0,177.86,719008.0
2022-05-23,105.35,105.35,100.65,101.7,906988,EQ,7574.0,119.75,417055.0
2022-05-24,102.5,102.85,100.4,100.9,959803,EQ,6766.0,141.86,440067.0
2022-05-25,102.05,102.6,99.0,100.65,1441851,EQ,6745.0,213.77,965567.0
2022-05-26,101.45,101.9,94.4,100.35,1414181,EQ,10274.0,137.65,647493.0
2022-05-27,101.6,102.3,99.0,99.85,1102767,EQ,6547.0,168.44,637965.0
2022-05-30,100.85,104.4,100.25,102.55,1058373,EQ,8320.0,127.21,487316.0
2022-05-31,102.0,109.8,101.6,107.95,3287580,EQ,20669.0,159.06,1348749.0
2022-06-01,110.0,111.2,107.1,108.05,2016533,EQ,13262.0,152.05,804677.0
2022-06-02,107.95,111.3,107.8,109.3,1500661,EQ,10495.0,142.99,595362.0
2022-06-03,111.05,111.05,105.2,106.6,1451504,EQ,7856.0,184.76,761611.0
2022-06-06,107.75,107.8,104.0,105.15,1003963,EQ,6368.0,157.66,441794.0
2022-06-07,105.2,108.95,104.0,105.5,1798891,EQ,12688.0,141.78,711762.0
2022-06-08,106.2,109.5,104.1,104.85,4502450,EQ,63397.0,71.02,727209.0
2022-06-09,104.95,106.4,103.2,104.45,1127229,EQ,8379.0,134.53,404320.0
2022-06-10,103.5,105.7,102.75,103.6,1521191,EQ,8310.0,183.06,830063.0
2022-06-13,100.9,101.6,95.75,96.95,2245759,EQ,17885.0,125.57,897870.0
2022-06-14,97.0,101.4,95.15,95.75,2326227,EQ,18001.0,129.23,699972.0
2022-06-15,97.85,99.1,95.0,95.5,2204517,EQ,20863.0,105.67,581553.0
2022-06-16,97.0,98.9,94.2,95.4,3442148,EQ,31333.0,109.86,1233137.0
2022-06-17,95.55,97.45,94.55,95.6,1726018,EQ,13440.0,128.42,791503.0
2022-06-20,95.8,96.65,80.8,90.65,2742924,EQ,20727.0,132.34,1176985.0
2022-06-21,91.9,94.9,89.5,94.5,1730628,EQ,10072.0,171.83,810109.0
2022-06-22,93.9,95.0,90.5,91.2,1207988,EQ,11195.0,107.9,459195.0
2022-06-23,92.0,93.75,89.2,90.3,1441018,EQ,15789.0,91.27,497391.0
2022-06-24,91.5,92.5,90.45,90.7,1128854,EQ,7470.0,151.12,656407.0
2022-06-27,92.0,95.0,91.65,93.1,1491409,EQ,9164.0,162.75,627781.0
2022-06-28,92.75,93.25,91.6,92.2,852555,EQ,4791.0,177.95,501936.0
2022-06-29,91.5,94.85,91.1,92.1,1126742,EQ,8301.0,135.74,406359.0
2022-06-30,92.25,93.4,90.4,90.6,715388,EQ,4837.0,147.9,358377.0
2022-07-01,90.6,91.85,88.25,91.1,1181457,EQ,6788.0,174.05,592765.0
2022-07-04,92.15,94.9,91.1,94.5,1053289,EQ,8150.0,129.24,594960.0
2022-07-05,95.0,95.95,92.6,93.15,839571,EQ,6596.0,127.28,388136.0
2022-07-06,93.2,93.4,91.3,91.75,533623,EQ,4005.0,133.24,289538.0
2022-07-07,92.9,95.9,91.9,94.9,1532604,EQ,8010.0,191.34,961631.0
2022-07-08,95.7,95.85,93.5,94.8,1359425,EQ,5361.0,253.58,934017.0
2022-07-11,95.0,102.8,94.2,101.35,3016948,EQ,21313.0,141.55,1153599.0
2022-07-12,100.7,105.5,100.05,102.6,2250661,EQ,16722.0,134.59,822865.0
2022-07-13,103.3,103.85,101.0,101.65,1368205,EQ,7610.0,179.79,665286.0
2022-07-14,102.8,102.8,99.5,100.4,863781,EQ,5254.0,164.4,410978.0
2022-07-15,100.35,101.15,98.8,99.45,773178,EQ,4497.0,171.93,427819.0
2022-07-18,101.1,103.0,101.0,102.25,1143654,EQ,7315.0,156.34,520710.0
2022-07-19,101.75,104.6,100.7,102.3,1976618,EQ,9846.0,200.75,677196.0
2022-07-20,103.6,106.0,102.8,104.4,1912288,EQ,10478.0,182.51,806913.0
2022-07-21,104.65,107.0,103.8,105.8,1898268,EQ,9797.0,193.76,884270.0
2022-07-22,106.4,107.0,103.65,104.5,1214901,EQ,7072.0,171.79,675021.0
2022-07-25,104.5,104.95,103.5,104.25,913594,EQ,4915.0,185.88,447514.0
2022-07-26,104.25,121.8,104.0,113.9,13612880,EQ,89497.0,152.1,3461378.0
2022-07-27,115.2,119.9,114.5,115.85,4304471,EQ,32651.0,131.83,1188764.0
2022-07-28,117.5,117.7,113.5,114.25,1524371,EQ,11951.0,127.55,555117.0
2022-07-29,114.5,119.0,110.7,117.1,3149449,EQ,17212.0,182.98,1228669.0
2022-08-01,117.25,124.6,115.8,123.25,4578316,EQ,28658.0,159.76,1698167.0
2022-08-02,122.9,131.45,122.2,128.7,6262606,EQ,37814.0,165.62,1976344.0
2022-08-03,128.85,129.9,124.15,125.05,3060840,EQ,18075.0,169.34,1250838.0
2022-08-04,125.9,126.65,116.2,121.35,2986432,EQ,18583.0,160.71,927852.0
2022-08-05,122.0,124.0,119.05,120.0,1735286,EQ,12410.0,139.83,686720.0
2022-08-08,120.85,120.85,114.4,115.85,2696800,EQ,,,
2022-08-10,116.5,119.8,114.5,117.55,2831997,EQ,16776.0,168.81,839114.0
2022-08-11,118.25,118.7,114.5,115.35,1633029,EQ,9151.0,178.45,773051.0
2022-08-12,115.5,118.2,114.6,115.15,1748744,EQ,9874.0,177.11,781417.0
2022-08-16,116.4,118.3,115.9,116.55,1566813,EQ,9617.0,162.92,779943.0
2022-08-17,117.1,123.45,116.35,121.8,3660974,EQ,23462.0,156.04,1384256.0
2022-08-18,122.55,133.6,122.05,129.9,8977810,EQ,50771.0,176.83,2789601.0
2022-08-19,130.9,138.6,130.2,135.6,10438601,EQ,53731.0,194.28,2661725.0
2022-08-22,135.0,146.45,134.8,140.7,14000220,EQ,71238.0,196.53,3701096.0
2022-08-23,140.4,144.3,135.55,138.7,6314648,EQ,29698.0,212.63,1640959.0
2022-08-24,135.0,144.45,134.7,139.7,6962857,EQ,41276.0,168.69,1745870.0
2022-08-25,141.5,143.25,138.3,139.75,3058022,EQ,15929.0,191.98,1157923.0
2022-08-26,141.45,164.4,141.05,157.35,28998409,EQ,131167.0,221.08,6097279.0
2022-08-29,152.8,168.6,151.65,158.75,19840947,EQ,102907.0,192.8,4273821.0
2022-08-30,160.95,164.95,158.1,162.0,7921506,EQ,39889.0,198.59,1837332.0
2022-09-01,161.0,194.4,160.4,193.85,39082903,EQ,196175.0,199.22,7947079.0
2022-09-02,196.85,201.35,176.35,179.15,28620266,EQ,160536.0,178.28,6468650.0
2022-09-05,180.2,193.8,175.0,182.7,20711878,EQ,115489.0,179.34,3510384.0
2022-09-06,184.35,186.4,176.4,178.75,6702588,EQ,46380.0,144.51,1909763.0
2022-09-07,178.05,187.35,177.7,180.7,6178203,EQ,40732.0,151.68,1785682.0
2022-09-08,182.7,186.5,179.3,180.3,4685796,EQ,28987.0,161.65,1431382.0
2022-09-09,180.0,181.0,162.3,162.45,9760444,EQ,61564.0,158.54,4253033.0
2022-09-12,167.0,178.0,165.3,174.2,8493051,EQ,59158.0,143.57,2598332.0
2022-09-13,172.9,173.0,165.5,165.5,1400994,BE,11522.0,121.59,1400994.0
2022-09-14,157.6,166.0,157.25,157.45,1828419,BE,13705.0,133.41,1828419.0
2022-09-15,158.0,161.3,150.3,154.45,1738927,BE,13295.0,130.8,1738927.0
2022-09-16,154.0,159.8,152.5,156.35,1491326,BE,12514.0,119.17,1491326.0
2022-09-19,158.0,159.05,150.0,151.8,955459,BE,8342.0,114.54,955459.0
2022-09-20,153.5,157.7,151.5,154.45,817925,BE,6784.0,120.57,817925.0
2022-09-21,154.45,155.0,146.75,146.75,1199185,BE,8527.0,140.63,1199185.0
2022-09-22,145.05,152.1,141.5,146.15,998648,BE,7529.0,132.64,998648.0
2022-09-23,146.15,147.4,142.65,144.15,686328,BE,3972.0,172.79,686328.0
2022-09-26,143.0,144.15,136.95,137.2,954421,BE,8031.0,118.84,954421.0
2022-09-27,138.95,142.0,136.0,138.35,489737,BE,5064.0,96.71,489737.0
2022-09-28,137.5,143.0,135.3,136.35,673612,BE,4925.0,136.77,673612.0
2022-09-29,139.5,141.4,136.0,137.65,460435,BE,3100.0,148.53,460435.0
2022-09-30,137.0,140.0,134.0,136.7,672171,BE,5105.0,131.67,672171.0
2022-10-03,137.5,139.9,135.0,135.45,646760,BE,4424.0,146.19,646760.0
2022-10-04,138.0,139.8,136.1,137.55,423867,BE,3529.0,120.11,423867.0
2022-10-06,138.0,144.4,136.6,144.4,708226,BE,3415.0,207.39,708226.0
2022-10-07,149.6,151.6,146.8,151.6,787010,BE,3477.0,226.35,787010.0
2022-10-10,156.0,159.15,155.0,157.7,1684482,BE,8404.0,200.44,1684482.0
2022-10-11,154.35,155.75,149.85,149.85,907921,BE,3671.0,247.32,907921.0
2022-10-12,146.0,147.0,142.4,142.7,922602,BE,5181.0,178.07,922602.0
2022-10-13,143.05,145.3,140.15,142.35,536787,BE,4669.0,114.97,536787.0
2022-10-14,144.9,145.7,138.25,138.85,686736,BE,3709.0,185.15,686736.0
2022-10-17,139.2,143.5,135.75,138.7,1033973,BE,5557.0,186.07,1033973.0
2022-10-18,140.4,145.6,140.0,143.7,1125584,BE,6911.0,162.87,1125584.0
2022-10-19,143.05,143.9,138.0,141.35,821540,BE,4563.0,180.04,821540.0
2022-10-20,142.5,142.5,138.7,139.1,319174,BE,4231.0,75.44,319174.0
2022-10-21,140.0,144.0,137.75,139.15,618415,BE,3874.0,159.63,618415.0
2022-10-24,142.2,142.5,140.55,141.55,171756,BE,1333.0,128.85,171756.0
2022-10-25,143.0,143.0,139.0,141.6,426227,BE,3627.0,117.52,426227.0
2022-10-27,142.4,142.9,139.1,141.85,524257,BE,3573.0,146.73,524257.0
2022-10-28,142.0,144.0,140.5,141.9,455801,BE,3374.0,135.09,455801.0
2022-10-31,143.8,144.0,138.3,141.45,531686,BE,5202.0,102.21,531686.0
2022-11-01,140.25,143.0,138.1,140.65,288236,BE,2871.0,100.4,288236.0
2022-11-02,142.0,142.0,139.0,140.55,258410,BE,1995.0,129.53,258410.0
2022-11-03,140.05,142.3,139.2,140.15,198576,BE,2187.0,90.8,198576.0
2022-11-04,139.2,147.15,139.0,147.15,757938,BE,4295.0,176.47,757938.0
2022-11-07,147.8,153.9,145.1,152.95,1085314,BE,8417.0,128.94,1085314.0
2022-11-09,154.9,154.95,145.65,146.65,704574,BE,5335.0,132.07,704574.0
2022-11-10,146.95,148.4,141.5,142.85,467484,BE,4749.0,98.44,467484.0
2022-11-11,144.4,148.8,142.85,146.2,602577,BE,11130.0,54.14,602577.0
2022-11-14,149.25,153.5,145.0,153.4,1284679,BE,9161.0,140.23,1284679.0
2022-11-15,152.3,156.7,150.65,151.35,609981,BE,9161.0,66.58,609981.0
2022-11-16,151.0,153.2,147.65,148.65,607053,BE,5709.0,106.33,607053.0
2022-11-17,148.55,150.45,145.6,146.05,528087,BE,5868.0,89.99,528087.0
2022-11-18,147.35,152.25,147.25,147.65,561945,BE,5463.0,102.86,561945.0
2022-11-21,147.5,148.4,144.35,145.25,428059,BE,3824.0,111.94,428059.0
2022-11-22,147.0,147.0,140.0,141.3,478052,BE,4888.0,97.8,478052.0
2022-11-23,142.4,147.85,141.5,146.15,496347,BE,6194.0,80.13,496347.0
2022-11-24,143.5,150.5,143.5,147.05,387242,BE,4808.0,80.54,387242.0
2022-11-25,147.7,154.4,144.95,154.3,1571226,BE,12772.0,123.02,1571226.0
2022-11-28,154.4,159.2,153.0,153.65,1218304,BE,13407.0,90.87,1218304.0
2022-11-29,154.35,158.0,152.1,154.15,801793,BE,7586.0,105.69,801793.0
2022-11-30,155.0,160.9,153.1,157.7,2694941,BE,11460.0,235.16,2694941.0
2022-12-01,157.0,159.1,154.85,156.1,697198,BE,5557.0,125.46,697198.0
2022-12-02,158.0,163.75,154.1,162.9,1604661,BE,7288.0,220.18,1604661.0
2022-12-05,164.35,164.35,157.15,157.9,945767,BE,5150.0,183.64,945767.0
2022-12-06,155.5,160.65,155.3,156.4,1088807,EQ,5944.0,183.18,843097.0
2022-12-07,157.55,157.7,152.55,154.2,651013,EQ,7060.0,92.21,412468.0
2022-12-08,154.2,156.8,152.1,154.05,596748,EQ,5702.0,104.66,373931.0
2022-12-09,155.3,160.7,154.1,154.75,1378551,EQ,8830.0,156.12,547676.0
2022-12-12,155.25,162.45,153.0,161.8,2971065,EQ,19852.0,149.66,1541867.0
2022-12-13,164.0,164.0,156.75,157.25,1937271,EQ,13272.0,145.97,1161638.0
2022-12-14,155.6,161.7,153.15,156.65,3110155,EQ,16441.0,189.17,1300426.0
2022-12-15,154.0,155.7,148.85,148.9,2178314,EQ,13286.0,163.96,1476398.0
2022-12-16,151.9,154.7,149.6,151.1,1931417,EQ,11827.0,163.31,1073849.0
2022-12-19,151.7,152.95,149.5,150.65,646768,EQ,5554.0,116.45,366057.0
2022-12-20,151.0,152.0,148.2,149.8,654972,EQ,4157.0,157.56,354326.0
2022-12-21,150.55,150.8,142.35,142.55,1529900,EQ,7186.0,212.9,1043642.0
2022-12-22,142.4,144.0,135.45,135.45,1971677,EQ,9684.0,203.6,977746.0
2022-12-23,131.1,133.0,128.7,128.7,1476930,EQ,4721.0,312.84,804445.0
2022-12-26,125.0,132.4,122.3,128.2,4057278,EQ,16741.0,242.36,1527924.0
2022-12-27,129.1,134.6,127.4,134.6,1939011,EQ,10022.0,193.48,753851.0
2022-12-28,134.7,141.3,134.35,136.5,2098211,EQ,11325.0,185.27,887623.0
2022-12-29,136.5,137.05,133.6,135.8,880834,EQ,6789.0,129.74,506660.0
2022-12-30,136.7,140.85,136.5,137.7,950381,EQ,5642.0,168.45,461951.0
2023-01-02,139.45,139.9,136.85,137.85,643832,EQ,8131.0,79.18,397502.0
2023-01-03,137.7,142.3,137.5,138.6,788896,EQ,6682.0,118.06,312657.0
2023-01-04,138.9,140.5,135.0,136.45,838291,EQ,6057.0,138.4,386646.0
2023-01-05,137.8,137.9,131.95,133.75,1120318,EQ,7933.0,141.22,686685.0
2023-01-06,134.4,134.5,129.8,130.2,1128076,EQ,6193.0,182.15,695866.0
2023-01-09,132.55,135.8,131.5,135.05,820578,EQ,5311.0,154.51,502646.0
2023-01-10,136.4,136.65,132.7,133.0,481501,EQ,4142.0,116.25,275105.0
2023-01-11,134.1,135.25,132.85,134.3,537859,EQ,3459.0,155.5,272809.0
2023-01-12,135.1,135.6,131.5,132.3,727931,EQ,4849.0,150.12,406037.0
2023-01-13,133.0,134.45,131.55,132.65,760923,EQ,5734.0,132.7,439347.0
2023-01-16,134.15,139.25,133.8,139.25,716375,EQ,3736.0,191.75,548276.0
2023-01-17,141.6,145.0,140.25,141.3,1635698,EQ,11595.0,141.07,908435.0
2023-01-18,141.9,142.85,139.0,139.5,718448,EQ,6546.0,109.75,399950.0
2023-01-19,139.25,142.75,137.0,137.5,749354,EQ,5863.0,127.81,387594.0
2023-01-20,137.5,140.3,135.7,136.25,1399790,EQ,5717.0,244.85,1078016.0
2023-01-23,139.0,139.0,132.9,133.7,591735,EQ,4733.0,125.02,322615.0
2023-01-24,135.05,135.15,131.75,132.1,469018,EQ,4129.0,113.59,268726.0
2023-01-25,132.05,132.9,127.65,128.15,742820,EQ,6169.0,120.41,457576.0
2023-01-27,128.05,130.4,121.75,121.9,1348564,EQ,9295.0,145.08,874277.0
2023-01-30,120.1,123.8,117.55,119.15,1210695,EQ,9437.0,128.29,551533.0
2023-01-31,121.0,125.1,119.35,125.1,881510,EQ,6878.0,128.16,532631.0
2023-02-01,127.0,130.7,120.35,122.25,1374551,EQ,14120.0,97.35,554827.0
2023-02-02,122.05,125.9,118.8,121.3,1155689,EQ,11693.0,98.84,611846.0
2023-02-03,121.0,124.6,115.35,121.4,1573613,EQ,10139.0,155.2,748190.0
2023-02-06,119.7,126.6,119.5,124.45,1205797,EQ,10006.0,120.51,483754.0
2023-02-07,125.0,126.45,122.1,123.25,658418,EQ,7020.0,93.79,387922.0
2023-02-08,123.9,125.0,122.5,123.55,608664,EQ,5129.0,118.67,361992.0
2023-02-09,124.45,129.3,123.6,127.3,1154412,EQ,8767.0,131.68,586593.0
2023-02-10,127.2,132.0,126.65,130.95,858592,EQ,8142.0,105.45,441308.0
2023-02-13,132.15,134.5,126.5,127.55,1077274,EQ,10408.0,103.5,538466.0
2023-02-14,128.2,129.0,122.3,123.3,822493,EQ,6862.0,119.86,431472.0
2023-02-15,123.9,128.9,122.5,128.45,1158813,EQ,12054.0,96.14,597449.0
2023-02-16,129.75,131.65,128.1,129.55,657342,EQ,7109.0,92.47,345004.0
2023-02-17,130.95,131.7,125.85,127.05,1158643,EQ,9179.0,126.23,576933.0
2023-02-20,127.5,127.7,122.65,123.65,1273097,EQ,10714.0,118.83,667040.0
2023-02-21,124.2,124.55,120.0,120.8,763741,EQ,8176.0,93.41,493110.0
2023-02-22,120.45,120.6,117.1,118.55,1551085,EQ,12686.0,122.27,950369.0
2023-02-23,119.0,119.0,114.6,115.8,1110598,EQ,8190.0,135.6,546646.0
2023-02-24,117.95,127.35,116.8,126.95,3497721,EQ,25535.0,136.98,1607885.0
2023-02-27,126.95,136.5,126.0,127.75,5044701,EQ,30751.0,164.05,1959922.0
2023-02-28,128.55,132.8,127.0,130.7,2195389,EQ,15174.0,144.68,944716.0
2023-03-01,133.2,137.0,131.3,135.7,2433488,EQ,18299.0,132.98,1062173.0
2023-03-02,137.45,139.4,133.75,135.8,1795917,EQ,12779.0,140.54,805345.0
2023-03-03,136.8,144.6,135.5,143.25,3574241,EQ,24501.0,145.88,1421171.0
2023-03-06,143.9,145.8,139.6,140.8,2036128,EQ,14315.0,142.24,895629.0
2023-03-08,140.8,154.85,138.95,153.8,5066114,EQ,30415.0,166.57,2032084.0
2023-03-09,153.5,155.4,143.5,146.35,3536669,EQ,22148.0,159.68,1406728.0
2023-03-10,144.75,149.4,142.65,147.25,3009122,EQ,22617.0,133.05,943847.0
2023-03-13,147.2,148.2,138.15,139.65,2048610,EQ,18279.0,112.07,892515.0
2023-03-14,140.1,145.8,135.75,144.3,2061427,EQ,18729.0,110.07,816467.0
2023-03-15,146.95,149.2,144.55,146.7,2242191,EQ,23962.0,93.57,824877.0
2023-03-16,146.5,146.5,140.65,141.25,1371398,EQ,18681.0,73.41,602564.0
2023-03-17,143.1,153.0,143.1,148.65,10471294,EQ,34192.0,306.25,6914917.0
2023-03-20,149.0,154.7,144.85,148.05,4212014,EQ,35594.0,118.33,1627543.0
2023-03-21,149.05,150.6,145.5,146.85,1645929,EQ,13915.0,118.28,711356.0
2023-03-22,147.6,150.4,146.45,148.9,1222728,EQ,12831.0,95.29,495364.0
2023-03-23,148.65,151.0,147.25,148.2,1360324,EQ,13911.0,97.79,679396.0
2023-03-24,148.3,149.35,142.4,143.1,1200721,EQ,8138.0,147.54,566933.0
2023-03-27,144.45,144.8,141.6,142.2,1050458,EQ,11253.0,93.35,676308.0
2023-03-28,142.45,142.95,136.5,137.5,1296373,EQ,10456.0,123.98,669559.0
2023-03-29,136.55,143.9,135.75,141.55,3519899,EQ,23001.0,153.03,2508444.0
2023-03-31,142.85,145.65,142.6,144.25,2355256,EQ,34947.0,67.4,1490969.0
2023-04-03,145.9,147.5,145.1,146.4,1067769,EQ,9169.0,116.45,592248.0
2023-04-05,146.95,154.2,145.55,151.4,2718242,EQ,15857.0,171.42,1234121.0
2023-04-06,151.8,155.25,149.9,151.4,2207146,EQ,18208.0,121.22,776129.0
2023-04-10,151.9,152.8,146.05,146.8,1181455,EQ,6496.0,181.87,668056.0
2023-04-11,147.95,161.25,147.55,157.35,7879641,EQ,44426.0,177.37,1652744.0
2023-04-12,157.9,159.7,155.05,155.7,2691319,EQ,23249.0,115.76,802521.0
2023-04-13,155.0,168.85,154.45,165.55,6242789,EQ,38653.0,161.51,1932543.0
2023-04-17,164.5,166.05,160.55,162.0,2627397,EQ,17768.0,147.87,972086.0
2023-04-18,161.35,163.0,158.25,159.65,1991071,EQ,15591.0,127.71,786361.0
2023-04-19,159.05,164.2,157.3,159.2,2806166,EQ,21130.0,132.8,712716.0
2023-04-20,160.3,161.45,158.65,159.55,1528868,EQ,10868.0,140.68,608800.0
2023-04-21,160.3,163.85,157.3,159.35,2658208,EQ,16336.0,162.72,788745.0
2023-04-24,160.8,161.4,156.75,157.85,1107065,EQ,7589.0,145.88,490224.0
2023-04-25,157.95,160.8,157.4,157.9,1778643,EQ,12515.0,142.12,313804.0
2023-04-26,157.8,158.65,153.1,153.6,1272409,EQ,9717.0,130.95,625169.0
2023-04-27,154.2,163.15,153.2,160.7,5213009,EQ,28961.0,180.0,1514306.0
2023-04-28,161.7,163.1,155.9,157.55,1845188,EQ,14965.0,123.3,766199.0
2023-05-02,158.95,159.45,154.3,154.95,1262838,EQ,9478.0,133.24,580482.0
2023-05-03,154.0,156.8,150.85,153.75,1730231,EQ,12487.0,138.56,818981.0
2023-05-04,154.4,157.8,153.6,154.55,1638221,EQ,10200.0,160.61,718494.0
2023-05-05,153.8,157.5,152.15,153.6,1737610,EQ,10737.0,161.83,846179.0
2023-05-08,155.1,156.0,151.1,152.45,1162009,EQ,7577.0,153.36,590034.0
2023-05-09,151.1,153.4,148.45,150.3,1732308,EQ,10215.0,169.58,978075.0
2023-05-10,150.95,151.7,147.75,148.8,839843,EQ,6826.0,123.04,402978.0
2023-05-11,148.9,149.95,146.5,147.85,1333676,EQ,7766.0,171.73,749187.0
2023-05-12,147.85,150.3,146.05,146.6,1121430,EQ,6968.0,160.94,508792.0
2023-05-15,146.65,147.4,143.5,144.15,851364,EQ,7308.0,116.5,449075.0
2023-05-16,143.5,147.1,140.55,140.9,1866964,EQ,11294.0,165.31,630132.0
2023-05-17,141.0,142.45,136.4,137.1,1348528,EQ,9561.0,141.04,672797.0
2023-05-18,138.35,140.5,135.0,135.9,2062718,EQ,11526.0,178.96,976116.0
2023-05-19,137.0,140.4,131.4,137.45,3966670,EQ,19784.0,200.5,1191471.0
2023-05-22,138.3,138.75,133.85,134.65,1175031,EQ,8383.0,140.17,525763.0
2023-05-23,134.75,145.8,133.6,139.65,5899807,EQ,35906.0,164.31,1231777.0
2023-05-24,139.4,144.0,137.5,138.6,2155057,EQ,14443.0,149.21,769115.0
2023-05-25,139.35,145.4,137.7,138.9,4042738,EQ,27110.0,149.12,952429.0
2023-05-26,139.6,142.1,137.2,138.0,2135801,EQ,14407.0,148.25,803201.0
2023-05-29,138.7,140.9,138.15,139.65,1314674,EQ,8486.0,154.92,602873.0
2023-05-30,139.85,141.2,138.0,138.6,1077704,EQ,8276.0,130.22,423197.0
2023-05-31,134.35,137.5,132.25,134.7,3097207,EQ,15349.0,201.79,1433721.0
2023-06-01,134.6,137.2,133.5,133.95,1287812,EQ,7372.0,174.69,460498.0
2023-06-02,134.95,138.55,134.0,134.6,1632751,EQ,9938.0,164.29,534661.0
2023-06-05,135.8,136.45,132.2,132.8,1402403,EQ,8783.0,159.67,676068.0
2023-06-06,133.7,134.1,131.5,132.5,1338181,EQ,8149.0,164.21,484176.0
2023-06-07,133.55,139.0,132.35,136.05,4038980,EQ,18563.0,217.58,1419089.0
2023-06-08,136.3,143.2,136.1,137.05,3658660,EQ,21125.0,173.19,1010330.0
2023-06-09,138.15,138.75,135.8,137.2,1285143,EQ,8243.0,155.91,419862.0
2023-06-12,137.7,141.85,136.9,139.4,3495796,EQ,17582.0,198.83,1098986.0
2023-06-13,140.65,146.3,140.25,143.85,4669256,EQ,25830.0,180.77,1266990.0
2023-06-14,144.7,152.5,143.05,149.95,9256186,EQ,40489.0,228.61,2719889.0
2023-06-15,149.85,153.2,148.2,149.45,4482962,EQ,20173.0,222.23,1547693.0
2023-06-16,150.75,155.25,150.7,151.55,5272556,EQ,20334.0,259.3,2022879.0
2023-06-19,153.5,158.0,150.0,150.75,7330638,EQ,28191.0,260.03,3318089.0
2023-06-20,151.85,152.2,145.35,146.5,3101771,EQ,15682.0,197.79,1552531.0
2023-06-21,147.2,149.75,145.55,147.75,2290641,EQ,12401.0,184.71,919239.0
2023-06-22,148.45,151.3,143.5,145.15,1984324,EQ,12336.0,160.86,686070.0
2023-06-23,145.6,145.6,142.45,143.25,1338543,EQ,6833.0,195.89,664572.0
2023-06-26,144.2,144.5,138.85,140.2,2027061,EQ,10782.0,188.0,1068298.0
2023-06-27,141.4,143.25,140.05,141.25,1806735,EQ,10852.0,166.49,739907.0
2023-06-28,142.6,143.5,138.0,138.95,1382211,EQ,8929.0,154.8,722459.0
2023-06-30,140.2,140.8,138.0,138.25,902086,EQ,7028.0,128.36,478697.0
2023-07-03,139.35,141.6,137.5,139.65,1737640,EQ,10397.0,167.13,721396.0
2023-07-04,140.5,141.0,136.7,137.1,1898039,EQ,10797.0,175.79,821344.0
2023-07-05,137.85,144.4,137.25,138.5,4172153,EQ,21903.0,190.48,1726386.0
2023-07-06,138.9,141.4,137.95,138.75,2518600,EQ,13604.0,185.14,1086854.0
2023-07-07,139.0,140.5,136.75,138.6,1947768,EQ,9500.0,205.03,914200.0
2023-07-10,139.0,139.3,135.05,135.65,1026548,EQ,6585.0,155.89,520842.0
2023-07-11,136.8,141.4,136.25,136.8,2428051,EQ,11962.0,202.98,928812.0
2023-07-12,137.8,139.9,136.8,137.55,1804658,EQ,8830.0,204.38,760982.0
2023-07-13,138.35,139.05,135.25,136.45,1488533,EQ,8784.0,169.46,698629.0
2023-07-14,136.5,137.1,135.35,136.15,979555,EQ,6144.0,159.43,412264.0
2023-07-17,137.0,137.25,134.75,135.0,1335796,EQ,7347.0,181.82,743546.0
2023-07-18,135.5,147.25,135.4,141.7,11131931,EQ,42980.0,259.0,4494140.0
2023-07-19,142.4,157.2,140.05,154.85,20736740,EQ,75941.0,273.06,6577093.0
2023-07-20,156.0,168.0,155.65,162.4,20549015,EQ,72354.0,284.01,6301636.0
2023-07-21,161.75,170.4,159.1,163.05,14936694,EQ,53559.0,278.88,3933821.0
2023-07-24,164.3,168.15,161.6,162.6,4916533,EQ,22013.0,223.35,2005647.0
2023-07-25,163.7,176.4,160.9,175.2,10417687,EQ,49339.0,211.15,3992164.0
2023-07-26,176.05,178.3,168.9,170.95,5082488,EQ,30187.0,168.37,2135886.0
2023-07-27,172.25,181.0,172.1,178.6,7958641,EQ,43942.0,181.12,3047186.0
2023-07-28,180.0,186.3,176.65,184.85,8727529,EQ,46479.0,187.77,2764257.0
2023-07-31,184.65,190.9,183.1,188.85,5919563,EQ,33120.0,178.73,1903993.0
2023-08-01,187.0,188.55,180.5,183.8,4465638,EQ,26428.0,168.97,1391051.0
2023-08-02,182.75,186.25,175.5,181.2,5858830,EQ,28322.0,206.86,1767981.0
2023-08-03,182.0,188.55,178.0,187.05,6903355,EQ,32945.0,209.54,2357726.0
2023-08-04,189.0,201.4,188.15,199.15,11508329,EQ,53302.0,215.91,3984313.0
2023-08-07,201.95,215.5,201.95,210.05,14483972,EQ,68237.0,212.26,4437946.0
2023-08-08,210.4,210.4,192.9,194.7,5459480,EQ,34056.0,160.31,2777354.0
2023-08-09,192.5,196.1,186.0,191.45,5273173,EQ,25313.0,208.32,2078068.0
2023-08-10,192.5,194.0,172.5,175.85,6112980,EQ,37707.0,162.12,3256675.0
2023-08-11,176.85,180.0,166.75,170.0,7128853,EQ,41996.0,169.75,3333606.0
2023-08-14,172.15,173.5,158.55,166.95,5558047,EQ,29392.0,189.1,2593415.0
2023-08-16,158.6,169.8,158.6,163.0,3423850,BE,10984.0,311.71,3423850.0
2023-08-17,163.9,165.25,156.0,158.05,1262642,BE,6298.0,200.48,1262642.0
2023-08-18,158.5,162.9,155.65,160.6,1110326,BE,5839.0,190.16,1110326.0
2023-08-21,162.4,163.55,160.75,162.35,990768,BE,3377.0,293.39,990768.0
2023-08-22,164.0,170.45,162.35,170.45,1399967,BE,6040.0,231.78,1399967.0
2023-08-23,174.5,178.95,173.0,178.95,2380033,BE,6078.0,391.58,2380033.0
2023-08-24,183.0,186.9,173.1,177.3,1973701,BE,7739.0,255.03,1973701.0
2023-08-25,178.0,182.4,172.55,177.25,1091357,BE,4935.0,221.15,1091357.0
2023-08-28,177.15,180.8,172.2,177.9,783221,BE,3849.0,203.49,783221.0
2023-08-29,178.4,185.25,175.25,184.5,1399396,BE,11244.0,124.46,1399396.0
2023-08-30,189.0,190.4,185.4,188.05,1215406,BE,7577.0,160.41,1215406.0
2023-08-31,189.85,190.4,182.15,186.75,1061013,BE,5248.0,202.17,1061013.0
2023-09-01,187.9,189.1,185.2,186.9,784303,BE,2791.0,281.01,784303.0
2023-09-04,187.9,195.5,181.5,192.9,1545483,BE,11051.0,139.85,1545483.0
2023-09-05,194.0,194.0,188.0,190.8,959876,BE,7866.0,122.03,959876.0
2023-09-06,192.85,196.2,188.5,190.4,1343663,BE,8915.0,150.72,1343663.0
2023-09-07,191.0,193.05,187.25,189.8,807043,BE,5840.0,138.19,807043.0
2023-09-08,191.8,192.25,185.5,186.5,700187,BE,4308.0,162.53,700187.0
2023-09-11,188.25,189.0,182.1,182.85,521841,BE,3850.0,135.54,521841.0
2023-09-12,184.7,184.9,173.7,173.7,889075,BE,4621.0,192.4,889075.0
2023-09-13,172.85,178.9,165.6,172.65,1684531,BE,15185.0,110.93,1684531.0
2023-09-14,173.95,180.25,173.95,175.3,684115,BE,5853.0,116.88,684115.0
2023-09-15,176.0,184.05,172.5,183.75,2380175,BE,10104.0,235.57,2380175.0
2023-09-18,183.0,184.4,176.0,177.85,1012877,BE,6069.0,166.89,1012877.0
2023-09-20,177.8,179.9,172.5,173.7,699500,BE,5190.0,134.78,699500.0
2023-09-21,174.7,178.0,174.2,175.15,472725,BE,3610.0,130.95,472725.0
2023-09-22,174.1,178.0,173.1,175.75,876804,BE,3908.0,224.36,876804.0
2023-09-25,176.0,177.25,172.1,173.55,349052,BE,2480.0,140.75,349052.0
2023-09-26,173.0,175.7,169.1,171.0,558182,BE,4376.0,127.56,558182.0
2023-09-27,171.0,176.0,171.0,172.65,487299,BE,3129.0,155.74,487299.0
2023-09-28,172.65,176.0,170.45,170.9,714012,BE,2952.0,241.87,714012.0
2023-09-29,172.8,175.0,172.15,173.3,280132,BE,3081.0,90.92,280132.0
2023-10-03,174.9,176.8,173.0,174.35,547212,BE,2617.0,209.1,547212.0
2023-10-04,173.1,175.0,168.15,170.4,443026,BE,3899.0,113.63,443026.0
2023-10-05,172.5,173.9,167.65,172.2,931663,BE,3441.0,270.75,931663.0
2023-10-06,172.5,174.0,170.7,171.65,228832,BE,2108.0,108.55,228832.0
2023-10-09,171.65,172.4,166.05,171.25,666861,BE,3621.0,184.16,666861.0
2023-10-10,170.65,173.0,169.0,170.85,559703,BE,3308.0,169.2,559703.0
2023-10-11,171.9,173.2,170.0,170.5,896546,BE,3297.0,271.93,896546.0
2023-10-12,170.2,171.75,168.9,169.35,395108,BE,2024.0,195.21,395108.0
2023-10-13,168.0,170.25,167.0,167.95,611475,BE,2199.0,278.07,611475.0
2023-10-16,168.05,171.85,166.0,170.75,458858,BE,2939.0,156.13,458858.0
2023-10-17,172.8,173.25,170.0,172.35,616338,BE,2676.0,230.32,616338.0
2023-10-18,173.0,173.8,167.75,169.2,743977,BE,3147.0,236.41,743977.0
2023-10-19,168.55,175.5,166.5,174.85,805054,BE,3385.0,237.83,805054.0
2023-10-20,173.95,181.3,172.4,178.65,1233535,BE,6404.0,192.62,1233535.0
2023-10-23,178.65,179.7,169.75,169.75,678357,BE,2737.0,247.85,678357.0
2023-10-25,168.0,170.6,161.3,162.3,1303783,BE,4722.0,276.11,1303783.0
2023-10-26,159.9,159.9,154.75,159.05,1132945,BE,3120.0,363.12,1132945.0
2023-10-27,159.0,164.7,159.0,162.95,558125,BE,2164.0,257.91,558125.0
2023-10-30,163.1,169.8,160.95,168.0,604355,BE,2633.0,229.53,604355.0
2023-10-31,168.75,171.0,165.5,169.25,473285,BE,2155.0,219.62,473285.0
2023-11-01,169.25,174.75,169.25,172.25,731035,BE,2659.0,274.93,731035.0
2023-11-02,174.8,178.0,172.2,176.95,1092339,BE,4095.0,266.75,1092339.0
2023-11-03,177.0,181.5,172.85,180.2,1743275,BE,5411.0,322.17,1743275.0
2023-11-06,181.8,186.0,179.0,183.35,1351784,BE,6001.0,225.26,1351784.0
2023-11-07,184.45,187.0,181.2,185.55,1961112,EQ,8580.0,228.57,1079722.0
2023-11-08,185.5,185.85,177.1,179.1,1789042,EQ,7533.0,237.49,1247999.0
2023-11-09,179.9,184.35,177.3,178.1,1586733,EQ,8806.0,180.19,926728.0
2023-11-10,176.0,180.0,175.25,177.3,897958,EQ,6028.0,148.96,457627.0
2023-11-12,179.2,179.9,177.8,178.45,225750,EQ,2017.0,111.92,170197.0
2023-11-13,178.25,183.6,177.55,181.15,1682042,EQ,8602.0,195.54,887047.0
2023-11-15,183.2,184.9,180.35,181.75,1402167,EQ,8055.0,174.07,828000.0
2023-11-16,182.6,186.65,181.1,182.2,1419754,EQ,6344.0,223.79,760933.0
2023-11-17,181.25,190.3,181.25,186.0,3928483,EQ,19504.0,201.42,1675699.0
2023-11-20,187.4,187.4,182.1,182.75,846969,EQ,5241.0,161.6,510182.0
2023-11-21,183.5,184.2,179.0,179.55,656054,EQ,4784.0,137.14,409775.0
2023-11-22,179.9,180.0,172.8,174.85,1299365,EQ,9305.0,139.64,824590.0
2023-11-23,175.0,178.6,173.85,174.25,1120005,EQ,5188.0,215.88,670511.0
2023-11-24,175.0,176.8,171.7,173.45,842250,EQ,4676.0,180.12,558334.0
2023-11-28,172.75,182.05,172.35,177.9,1941844,EQ,10022.0,193.76,1074409.0
2023-11-29,178.7,186.75,177.9,186.75,2158403,EQ,11755.0,183.62,1454891.0
2023-11-30,186.5,192.4,181.25,189.75,4124262,EQ,23995.0,171.88,2367426.0
2023-12-01,192.05,196.4,191.0,194.05,3613619,EQ,15183.0,238.0,2303885.0
2023-12-04,197.95,198.7,192.15,192.7,2270086,EQ,14100.0,161.0,1496731.0
2023-12-05,193.0,202.3,190.15,202.3,6228137,EQ,20359.0,305.92,3509998.0
2023-12-06,205.0,212.4,203.65,212.4,4262296,EQ,14982.0,284.49,2732791.0
2023-12-07,217.4,232.0,208.25,220.5,9648348,EQ,44697.0,215.86,3875350.0
2023-12-08,221.0,225.45,210.05,214.75,4351456,EQ,25578.0,170.12,1948278.0
2023-12-11,216.4,224.95,215.2,218.7,2850295,EQ,16252.0,175.38,1203969.0
2023-12-12,219.25,220.9,210.0,211.65,2679626,EQ,16320.0,164.19,1177347.0
2023-12-13,211.95,217.9,211.95,215.8,1861892,EQ,11850.0,157.12,837205.0
2023-12-14,217.0,218.8,212.8,214.6,1768225,EQ,10170.0,173.87,925499.0
2023-12-15,214.5,217.75,207.5,209.75,2171676,EQ,18100.0,119.98,1319591.0
2023-12-18,210.0,217.6,208.8,213.45,2018455,EQ,12737.0,158.47,1031003.0
2023-12-19,214.3,217.2,208.55,209.65,1732170,EQ,9751.0,177.64,980942.0
2023-12-20,210.7,211.95,189.25,190.8,3654955,EQ,22584.0,161.84,1999434.0
2023-12-21,189.0,194.8,185.55,193.4,3266166,EQ,28055.0,116.42,1594590.0
2023-12-22,196.4,198.0,190.0,193.05,1516429,EQ,13751.0,110.28,663689.0
2023-12-26,195.7,199.95,191.65,196.75,1994187,EQ,15431.0,129.23,927126.0
2023-12-27,197.95,200.9,193.9,194.7,1487132,EQ,12641.0,117.64,729495.0
2023-12-28,196.0,196.0,190.1,190.8,1252849,EQ,8553.0,146.48,805497.0
2023-12-29,190.5,209.85,190.5,209.8,8029326,EQ,27602.0,290.9,4344737.0
2024-01-01,211.0,216.3,209.8,211.8,4870790,EQ,20648.0,235.9,2615436.0
2024-01-02,212.45,213.4,203.25,207.95,2939918,EQ,17716.0,165.95,1240176.0
2024-01-03,207.95,228.5,206.2,215.15,8927543,EQ,36148.0,246.97,3207510.0
2024-01-04,218.0,234.6,217.2,231.55,9664953,EQ,45773.0,211.15,3588122.0
2024-01-05,233.0,235.0,227.0,229.6,5627466,EQ,28998.0,194.06,1924389.0
2024-01-08,231.0,247.0,229.3,241.0,8677503,EQ,40287.0,215.39,3443827.0
2024-01-09,243.5,248.45,235.35,236.85,4104065,EQ,23019.0,178.29,1514959.0
2024-01-10,240.35,242.95,233.55,237.45,3617741,EQ,19855.0,182.21,1406300.0
2024-01-11,241.5,245.95,237.8,239.9,3326599,EQ,15916.0,209.01,1421733.0
2024-01-12,241.8,242.3,236.5,238.45,2587357,EQ,13676.0,189.19,1254133.0
2024-01-15,239.9,239.9,229.5,232.65,2407923,EQ,14488.0,166.2,981942.0
2024-01-16,232.0,235.95,218.75,221.9,3336614,EQ,20827.0,160.21,1631655.0
2024-01-17,218.4,224.0,214.9,217.3,2533215,EQ,17143.0,147.77,1136554.0
2024-01-18,217.1,222.0,210.25,218.9,2874907,EQ,15703.0,183.08,1183202.0
2024-01-19,220.85,221.85,214.6,216.75,1728119,EQ,12387.0,139.51,952568.0
2024-01-20,217.95,226.9,216.55,222.35,1862826,EQ,11885.0,156.74,791527.0
2024-01-23,222.65,223.85,206.85,208.35,2266229,EQ,17399.0,130.25,1040613.0
2024-01-24,208.35,215.0,205.1,213.4,1657104,EQ,12478.0,132.8,596246.0
2024-01-25,213.65,217.9,212.45,215.25,1654540,EQ,8892.0,186.07,730545.0
2024-01-29,219.95,233.9,219.0,227.95,4470833,EQ,24051.0,185.89,2129435.0
2024-01-30,230.25,235.95,226.5,231.55,3034343,EQ,16796.0,180.66,1314604.0
2024-01-31,230.0,235.0,229.9,231.05,1738443,EQ,11002.0,158.01,950505.0
2024-02-01,233.45,233.45,223.65,224.6,1421430,EQ,10609.0,133.98,713051.0
2024-02-02,225.9,226.15,219.7,221.95,1664169,EQ,13229.0,125.8,824899.0
2024-02-05,221.95,222.2,213.5,214.5,1621173,EQ,16308.0,99.41,893158.0
2024-02-06,215.1,216.0,212.1,214.95,1274550,EQ,10208.0,124.86,659744.0
2024-02-07,223.0,223.55,214.6,216.45,3399781,EQ,39324.0,86.46,1764760.0
2024-02-08,217.45,222.3,211.0,213.45,3543816,EQ,41502.0,85.39,1805634.0
2024-02-09,215.0,215.9,205.45,213.0,2218438,EQ,34390.0,64.51,891002.0
2024-02-12,210.0,215.05,200.2,202.25,2864504,EQ,31121.0,92.04,1445737.0
2024-02-13,201.25,213.8,194.0,210.15,4079730,EQ,49837.0,81.86,1446656.0
2024-02-14,208.1,239.0,207.15,229.15,11078807,EQ,109680.0,101.01,4422928.0
2024-02-15,233.85,242.5,228.0,234.35,5707274,EQ,67078.0,85.08,1869232.0
2024-02-16,232.0,235.5,224.55,225.25,2330496,EQ,29231.0,79.73,947622.0
2024-02-19,229.9,251.7,225.3,242.85,9256160,EQ,88931.0,104.08,2994540.0
2024-02-20,244.0,247.95,236.75,241.2,3830545,EQ,40587.0,94.38,1301889.0
2024-02-21,243.3,245.25,231.15,233.0,3182462,EQ,30306.0,105.01,1171937.0
2024-02-22,234.0,234.0,225.95,229.45,2215603,EQ,26212.0,84.53,985166.0
2024-02-23,230.4,238.7,227.2,228.5,3307602,EQ,33628.0,98.36,1055001.0
2024-02-26,228.4,236.8,227.5,228.55,2539848,EQ,30062.0,84.49,941374.0
2024-02-27,228.0,230.4,219.15,220.55,1876036,EQ,21864.0,85.8,1054580.0
2024-02-28,222.0,222.0,209.55,212.1,3714038,EQ,34594.0,107.36,1648570.0
2024-02-29,212.0,223.35,209.8,220.9,4001150,EQ,40350.0,99.16,1859561.0
2024-03-01,221.45,226.8,220.7,223.25,1896361,EQ,16997.0,111.57,965129.0
2024-03-02,223.35,227.7,221.9,226.05,462536,EQ,3731.0,123.97,311209.0
2024-03-04,226.0,233.8,223.1,228.75,2169830,EQ,26090.0,83.17,914807.0
2024-03-05,228.6,230.2,225.2,226.7,1393751,EQ,12865.0,108.34,818676.0
2024-03-06,226.0,226.85,214.05,218.35,2921978,EQ,34786.0,84.0,1244355.0
2024-03-07,218.0,224.9,215.9,221.2,2304713,EQ,21636.0,106.52,957688.0
2024-03-11,222.65,231.55,221.0,223.65,2615747,EQ,34212.0,76.46,989550.0
2024-03-12,225.9,230.95,212.2,217.55,3691556,EQ,42664.0,86.53,1306646.0
2024-03-13,218.5,220.6,181.6,186.9,6051584,EQ,63425.0,95.41,2800681.0
2024-03-14,191.0,216.5,187.35,214.25,5701903,EQ,61889.0,92.13,2339796.0
2024-03-15,212.0,243.7,206.25,237.5,11627633,EQ,106433.0,109.25,3866890.0
2024-03-18,240.7,263.95,236.35,255.95,23868902,EQ,194657.0,122.62,5257349.0
2024-03-19,251.75,256.6,236.2,239.8,8759619,EQ,73876.0,118.57,2872664.0
2024-03-20,242.0,253.4,237.35,249.3,12052192,EQ,83246.0,144.78,4163676.0
2024-03-21,254.9,275.85,251.5,271.2,14877201,EQ,106293.0,139.96,4157882.0
2024-03-22,277.0,286.65,272.8,277.35,13000530,EQ,80414.0,161.67,4373182.0
2024-03-26,276.9,287.7,271.5,273.7,6041226,EQ,41183.0,146.69,2203116.0
2024-03-27,275.7,278.0,264.5,266.95,3482355,EQ,22306.0,156.12,1578248.0
2024-03-28,269.0,274.5,266.25,270.95,2272474,EQ,16237.0,139.96,730908.0
2024-04-01,274.25,277.6,266.95,268.65,4248823,EQ,18538.0,229.2,2523130.0
2024-04-02,269.55,294.0,265.35,289.8,7851463,EQ,49798.0,157.67,2928871.0
2024-04-03,289.5,298.5,286.1,291.8,6516978,EQ,59137.0,110.2,2234865.0
2024-04-04,294.3,308.0,292.3,295.0,9110520,EQ,80572.0,113.07,2691191.0
2024-04-05,290.1,301.7,285.15,298.9,5986099,EQ,52674.0,113.64,1640592.0
2024-04-08,301.0,302.7,287.0,287.6,3536629,EQ,36276.0,97.49,1672069.0
2024-04-09,287.95,293.05,279.3,284.5,2263735,EQ,17129.0,132.16,959928.0
2024-04-10,286.65,287.3,227.6,227.6,16899750,EQ,71112.0,237.65,7251894.0
2024-04-12,182.1,208.7,182.1,197.75,42171052,EQ,144201.0,292.45,14235633.0
2024-04-15,195.0,206.0,189.4,199.95,13182706,EQ,64357.0,204.84,5184598.0
2024-04-16,197.9,204.0,192.3,194.2,5149489,EQ,30034.0,171.46,2625032.0
2024-04-18,197.7,200.5,193.0,194.7,3209227,EQ,23281.0,137.85,1513795.0
2024-04-19,192.7,192.95,185.2,188.75,3422493,EQ,25603.0,133.68,1430737.0
2024-04-22,198.0,199.55,192.8,195.25,3930990,EQ,23141.0,169.87,2136072.0
2024-04-23,197.4,198.65,191.5,192.95,2318679,EQ,16792.0,138.08,1522066.0
2024-04-24,194.65,197.9,189.1,191.7,4080861,EQ,22409.0,182.11,2413332.0
2024-04-25,190.0,196.75,189.45,192.65,2893721,EQ,16701.0,173.27,1788198.0
2024-04-26,194.7,195.0,190.15,190.9,1928007,EQ,14659.0,131.52,1296444.0
2024-04-29,193.25,194.0,185.0,185.8,2202459,EQ,18197.0,121.03,1546081.0
2024-04-30,187.0,190.35,176.3,177.9,4020285,EQ,30354.0,132.45,2786583.0
2024-05-02,179.75,179.9,174.2,175.45,2503944,EQ,20036.0,124.97,1427301.0
2024-05-03,176.9,179.4,170.5,176.2,3397162,EQ,23479.0,144.69,2025868.0
2024-05-06,178.4,179.55,165.5,166.55,4516990,EQ,28888.0,156.36,2401441.0
2024-05-07,167.4,177.65,166.8,170.75,5029323,EQ,30119.0,166.98,1952025.0
2024-05-08,171.0,171.55,165.4,166.8,2524058,EQ,16605.0,152.01,1181455.0
2024-05-09,166.0,168.7,160.0,161.2,3162156,EQ,21758.0,145.33,1428641.0
2024-05-10,162.5,165.4,157.45,162.95,2355315,EQ,17871.0,131.8,767523.0
2024-05-13,163.5,166.4,157.95,164.7,4259464,EQ,25935.0,164.24,1759602.0
2024-05-14,165.9,172.9,164.25,171.45,3280743,EQ,20442.0,160.49,1440157.0
2024-05-15,172.5,174.7,170.6,171.6,2020823,EQ,14079.0,143.53,859155.0
2024-05-16,172.5,174.8,171.2,172.35,2038500,EQ,10686.0,190.76,1041477.0
2024-05-17,172.95,173.6,169.1,170.1,1290797,EQ,10246.0,125.98,600238.0
2024-05-18,170.0,172.5,169.7,171.1,329805,EQ,2323.0,141.97,216551.0
2024-05-21,171.0,173.15,167.0,167.85,1759162,EQ,13474.0,130.56,965571.0
2024-05-22,167.95,171.65,163.0,167.35,2262465,EQ,17307.0,130.73,855468.0
2024-05-23,168.0,169.3,165.0,166.05,1716460,EQ,9720.0,176.59,1176394.0
2024-05-24,166.7,177.7,165.1,171.15,4505438,EQ,28198.0,159.78,1791107.0
2024-05-27,171.8,174.65,169.0,170.0,2277701,EQ,13102.0,173.84,1305144.0
2024-05-28,171.5,173.8,167.75,168.9,2533070,EQ,13531.0,187.2,1233294.0
2024-05-29,168.0,172.95,167.4,170.5,1471035,EQ,10493.0,140.19,682642.0
2024-05-30,170.5,171.75,166.5,167.1,1159365,EQ,10454.0,110.9,638936.0
2024-05-31,169.15,169.8,162.8,166.35,1934832,EQ,14449.0,133.91,944510.0
2024-06-03,179.0,179.95,165.0,173.25,2948747,EQ,15333.0,192.31,1671377.0
2024-06-04,172.5,172.5,155.95,155.95,3670554,EQ,28009.0,131.05,1955218.0
2024-06-05,158.95,158.95,144.45,149.95,4300375,EQ,22793.0,188.67,2267723.0
2024-06-06,155.95,162.0,152.0,157.65,2891532,EQ,24745.0,116.85,1378934.0
2024-06-07,159.9,169.15,158.6,167.8,4611123,EQ,38611.0,119.43,1981925.0
2024-06-10,175.0,192.07,173.75,185.54,15850843,EQ,138086.0,114.79,5154734.0
2024-06-11,188.5,192.29,186.3,189.3,8021216,EQ,66936.0,119.83,2222742.0
2024-06-12,190.2,196.49,187.2,190.3,10187557,EQ,69840.0,145.87,3226901.0
2024-06-13,194.0,204.7,192.0,203.15,12730373,EQ,83948.0,151.65,4758926.0
2024-06-14,204.45,214.0,201.1,208.98,14297358,EQ,96651.0,147.93,4208901.0
2024-06-18,210.9,213.3,207.6,211.03,5750817,EQ,56031.0,102.64,2192897.0
2024-06-19,212.0,216.0,203.56,209.82,7890324,EQ,75102.0,105.06,2243542.0
2024-06-20,208.41,214.8,207.49,213.25,5001212,EQ,50610.0,98.82,1998879.0
2024-06-21,211.21,218.9,209.98,214.8,8797504,EQ,79221.0,111.05,4272970.0
2024-06-24,214.95,219.4,212.25,213.37,3617039,EQ,35823.0,100.97,1193707.0
2024-06-25,213.5,215.45,206.35,208.4,3262637,EQ,46144.0,70.71,1129278.0
2024-06-26,209.24,211.69,203.6,205.41,2302946,EQ,37247.0,61.83,969728.0
2024-06-27,205.55,208.4,194.9,197.69,4249020,EQ,51598.0,82.35,1551535.0
2024-06-28,200.0,207.4,198.4,199.93,3355098,EQ,49012.0,68.45,1168904.0
2024-07-01,190.0,194.85,186.02,188.93,7038002,EQ,57248.0,122.94,2952811.0
2024-07-02,191.07,192.0,187.0,187.55,2972657,EQ,36454.0,81.55,1629351.0
2024-07-03,188.9,189.68,185.0,185.74,2710041,EQ,32017.0,84.64,1396376.0
2024-07-04,186.9,190.7,185.94,186.96,2977663,EQ,35070.0,84.91,1110227.0
2024-07-05,187.9,206.8,185.14,199.14,11536346,EQ,118910.0,97.02,3153188.0
2024-07-08,201.0,203.0,196.11,199.91,5156874,EQ,53114.0,97.09,2063919.0
2024-07-09,200.95,201.4,195.61,196.58,1882558,EQ,20246.0,92.98,772991.0
2024-07-10,197.4,197.5,186.9,189.0,3595272,EQ,33218.0,108.23,1826833.0
2024-07-11,190.9,194.71,190.79,191.92,2748761,EQ,25079.0,109.6,887333.0
2024-07-12,192.85,193.55,187.0,190.6,2519326,EQ,31161.0,80.85,950083.0
2024-07-15,190.2,196.0,187.93,194.39,4279101,EQ,44378.0,96.42,1486737.0
2024-07-16,193.1,195.46,189.05,189.58,1916423,EQ,25651.0,74.71,886376.0
2024-07-18,189.58,191.75,186.0,188.0,2127735,EQ,35774.0,59.48,904347.0
2024-07-19,189.3,189.3,181.05,181.74,2197896,EQ,34130.0,64.4,800498.0
2024-07-22,181.0,181.0,176.36,177.76,2040413,EQ,28583.0,71.39,868947.0
2024-07-23,179.49,179.49,169.51,175.17,2517241,EQ,38073.0,66.12,854133.0
2024-07-24,176.0,186.99,174.6,184.39,3227069,EQ,45392.0,71.09,1137006.0
2024-07-25,182.0,194.3,179.25,191.78,4506327,EQ,57559.0,78.29,1632668.0
2024-07-26,194.0,195.88,190.0,190.36,2448322,EQ,30986.0,79.01,1019965.0
2024-07-29,192.99,200.7,191.74,199.37,7740488,EQ,78183.0,99.0,3524870.0
2024-07-30,200.1,205.6,196.6,201.26,4992829,EQ,61845.0,80.73,1965995.0
2024-07-31,203.45,209.8,199.29,207.17,7555013,EQ,88334.0,85.53,3036181.0
2024-08-01,209.18,224.79,207.49,214.44,16900302,EQ,141252.0,119.65,6077646.0
2024-08-02,210.0,219.45,209.63,215.72,8524605,EQ,79355.0,107.42,2540545.0
2024-08-05,208.0,212.63,193.5,195.33,10633749,EQ,88243.0,120.51,3648116.0
2024-08-06,200.1,205.28,190.1,191.89,6593925,EQ,59050.0,111.67,2470506.0
2024-08-07,194.1,216.3,192.99,214.05,10272546,EQ,91728.0,111.99,3827786.0
2024-08-08,215.82,218.8,207.0,208.2,6583869,EQ,61611.0,106.86,2160995.0
2024-08-09,213.0,232.01,209.7,230.02,18906610,EQ,159935.0,118.21,6929412.0
2024-08-12,231.0,232.7,225.0,226.06,10461561,EQ,84939.0,123.17,3252569.0
2024-08-13,227.4,237.66,220.44,222.87,11534194,EQ,82313.0,140.13,3975761.0
2024-08-14,224.99,225.0,213.2,220.28,7639592,EQ,72991.0,104.66,2963984.0
2024-08-16,226.0,226.0,214.7,217.97,7765975,EQ,74307.0,104.51,3347618.0
2024-08-19,219.8,229.7,217.48,225.71,8155742,EQ,82840.0,98.45,3009081.0
2024-08-20,227.9,247.3,226.1,238.44,19152844,EQ,160217.0,119.54,5553825.0
2024-08-21,240.0,247.25,238.44,243.1,9282416,EQ,93659.0,99.11,3493654.0
2024-08-22,245.0,245.9,232.5,235.71,10450574,EQ,88312.0,118.34,3307684.0
2024-08-23,237.49,243.64,201.99,211.76,49956927,EQ,304591.0,164.01,12388358.0
2024-08-26,214.0,215.9,205.5,206.75,13750027,EQ,93890.0,146.45,3102771.0
2024-08-27,208.63,211.23,206.0,207.79,5588588,EQ,45353.0,123.22,1597024.0
2024-08-28,212.9,218.53,210.3,213.5,11694157,EQ,95618.0,122.3,3474320.0
2024-08-29,214.5,214.8,203.61,212.25,9059262,EQ,88989.0,101.8,2643250.0
2024-08-30,214.0,215.96,207.3,209.21,6413883,EQ,53842.0,119.12,2519802.0
2024-09-02,209.01,210.0,202.15,204.75,4683441,EQ,42966.0,109.0,1848942.0
2024-09-03,205.9,206.74,196.85,197.98,3688157,EQ,41251.0,89.41,1675461.0
2024-09-04,196.0,213.7,195.0,212.16,12139301,EQ,95204.0,127.51,4110978.0
2024-09-05,213.9,217.7,208.25,209.97,7286176,EQ,45608.0,159.76,2397009.0
2024-09-06,210.0,216.97,205.4,213.45,9005951,EQ,44467.0,202.53,3361360.0
2024-09-09,212.0,214.0,204.5,211.75,6559298,EQ,36090.0,181.75,2469227.0
2024-09-10,214.0,222.8,212.6,216.97,8769665,EQ,51096.0,171.63,2910732.0
2024-09-11,217.9,218.4,210.22,210.98,4361768,EQ,24885.0,175.28,1962552.0
2024-09-12,212.5,216.0,208.53,213.45,3577091,EQ,33400.0,107.1,1142815.0
2024-09-13,213.37,215.94,211.71,212.57,2059427,EQ,20502.0,100.45,710323.0
2024-09-16,215.0,223.4,212.01,216.05,9200981,EQ,59979.0,153.4,3759947.0
2024-09-17,218.55,238.0,218.0,235.61,21723077,EQ,125361.0,173.28,6604360.0
2024-09-18,244.0,282.73,239.36,282.73,52200056,EQ,309740.0,168.53,11694388.0
2024-09-19,294.0,304.0,272.33,284.89,55952528,EQ,359879.0,155.48,11096727.0
2024-09-20,284.65,327.7,281.81,316.29,56875659,EQ,317603.0,179.08,12615672.0
2024-09-23,319.4,335.3,310.01,329.53,24386427,EQ,142506.0,171.13,7257458.0
2024-09-24,331.0,351.0,326.63,337.04,31606857,EQ,171980.0,183.78,8353685.0
2024-09-25,337.55,346.4,325.1,335.16,19390430,EQ,121035.0,160.21,4463285.0
2024-09-26,326.0,338.2,326.0,328.79,11015248,EQ,67617.0,162.91,2579488.0
2024-09-27,332.1,335.0,317.15,322.95,12302274,EQ,63246.0,194.51,3835329.0
2024-09-30,329.9,345.4,324.35,336.13,22244974,EQ,146597.0,151.74,6566766.0
2024-10-01,339.7,342.0,328.3,332.0,11112275,EQ,61900.0,179.52,4169390.0
2024-10-03,333.0,345.7,324.1,326.7,10512072,EQ,70482.0,149.15,4010634.0
2024-10-04,324.8,327.75,296.65,301.15,11602213,EQ,81540.0,142.29,4076473.0
2024-10-07,305.95,310.0,285.3,288.25,11141091,EQ,69460.0,160.4,4064139.0
2024-10-08,284.0,302.65,279.5,299.5,1896350,BE,12117.0,156.5,1896350.0
2024-10-09,305.0,312.0,297.9,300.4,3138984,BE,13122.0,239.22,3138984.0
2024-10-10,303.0,304.5,290.05,294.05,3130684,BE,11281.0,277.52,3130684.0
2024-10-11,293.0,296.4,279.35,284.65,1409516,BE,10216.0,137.97,1409516.0
2024-10-14,286.05,297.75,286.0,289.4,1709629,BE,11981.0,142.7,1709629.0
2024-10-15,294.0,296.0,284.0,287.3,1640900,BE,8089.0,202.86,1640900.0
2024-10-16,287.6,295.0,285.0,291.45,1198262,BE,14703.0,81.5,1198262.0
2024-10-17,293.0,293.8,276.9,277.95,1465038,BE,8641.0,169.54,1465038.0
2024-10-18,274.65,284.6,266.15,281.25,1103558,BE,6621.0,166.68,1103558.0
2024-10-21,283.8,285.0,267.2,267.95,1676960,BE,10957.0,153.05,1676960.0
2024-10-22,269.3,269.5,254.55,254.55,1636568,BE,9844.0,166.25,1636568.0
2024-10-23,252.5,267.25,252.5,267.25,1897595,BE,8664.0,219.02,1897595.0
2024-10-24,271.6,280.6,270.05,280.6,1311192,BE,6985.0,187.72,1311192.0
2024-10-25,294.6,294.6,267.0,277.4,3029767,BE,17034.0,177.87,3029767.0
2024-10-28,278.0,286.0,272.0,274.45,1145555,BE,7862.0,145.71,1145555.0
2024-10-29,274.1,276.4,266.0,273.6,575465,BE,4796.0,119.99,575465.0
2024-10-30,273.5,284.9,270.15,278.95,963818,BE,7419.0,129.91,963818.0
2024-10-31,281.45,284.0,276.1,280.5,639647,BE,5403.0,118.39,639647.0
2024-11-01,285.0,293.3,282.65,291.05,1060564,BE,5776.0,183.62,1060564.0
2024-11-04,289.9,300.0,280.2,296.6,2312848,BE,9800.0,236.0,2312848.0
2024-11-05,299.95,299.95,292.2,294.25,1309289,BE,6846.0,191.25,1309289.0
2024-11-06,297.9,308.9,292.4,303.35,2938268,BE,12483.0,235.38,2938268.0
2024-11-07,302.0,304.4,288.2,288.25,2522034,BE,9440.0,267.16,2522034.0
2024-11-08,273.85,282.0,273.85,274.3,2237066,BE,9090.0,246.1,2237066.0
2024-11-11,267.15,275.0,260.6,260.6,1367290,BE,7920.0,172.64,1367290.0
2024-11-12,262.0,273.6,260.45,262.85,1550499,BE,8995.0,172.37,1550499.0
2024-11-13,264.0,268.2,249.7,249.7,1483563,BE,9844.0,150.71,1483563.0
2024-11-14,249.0,261.8,249.0,258.8,942597,BE,8085.0,116.59,942597.0
2024-11-18,267.0,269.7,252.55,254.15,925304,BE,7698.0,120.2,925304.0
2024-11-19,258.0,266.5,255.0,257.5,837880,BE,6686.0,125.32,837880.0
2024-11-21,256.25,256.25,244.9,248.6,922944,BE,7221.0,127.81,922944.0
2024-11-22,249.9,259.6,246.0,257.65,680118,BE,6189.0,109.89,680118.0
2024-11-25,267.3,270.5,255.15,258.85,1853319,BE,10781.0,171.91,1853319.0
2024-11-26,257.6,271.75,252.75,271.75,1431121,BE,7662.0,186.78,1431121.0
2024-11-27,272.0,281.5,267.3,275.65,2010955,BE,9039.0,222.48,2010955.0
2024-11-28,278.0,281.8,270.5,279.3,999738,BE,7812.0,127.97,999738.0
2024-11-29,280.0,282.7,272.25,279.1,1218694,BE,6584.0,185.1,1218694.0
2024-12-02,278.75,279.1,272.75,274.05,719029,BE,5286.0,136.03,719029.0
2024-12-03,275.65,285.6,274.35,281.4,1195028,BE,9665.0,123.64,1195028.0
2024-12-04,289.9,295.45,282.75,295.45,3070598,BE,12477.0,246.1,3070598.0
2024-12-05,297.0,303.45,293.2,302.15,1749784,BE,12193.0,143.51,1749784.0
2024-12-06,303.3,308.0,295.0,303.25,1262832,BE,11078.0,113.99,1262832.0
2024-12-09,306.8,307.0,292.75,298.35,822373,BE,6138.0,133.98,822373.0
2024-12-10,303.9,306.9,297.0,304.85,2017435,BE,7862.0,256.61,2017435.0
2024-12-11,305.0,307.0,290.55,293.4,988510,BE,6488.0,152.36,988510.0
2024-12-12,292.0,304.7,292.0,294.75,717922,BE,6482.0,110.76,717922.0
2024-12-13,294.5,298.7,282.75,294.7,847725,BE,6415.0,132.15,847725.0
2024-12-16,295.0,299.8,291.0,291.95,871343,BE,5127.0,169.95,871343.0
2024-12-17,292.6,295.7,284.1,286.7,1558977,BE,5948.0,262.1,1558977.0
2024-12-18,288.8,292.0,275.6,278.65,737463,BE,5691.0,129.58,737463.0
2024-12-19,273.0,292.55,268.7,292.55,1180588,BE,6217.0,189.9,1180588.0
2024-12-20,295.4,305.0,287.55,290.3,1587529,BE,13279.0,119.55,1587529.0
2024-12-23,290.9,294.75,283.1,289.0,806120,BE,6132.0,131.46,806120.0
2024-12-24,289.0,303.45,288.0,302.3,1438059,BE,7348.0,195.71,1438059.0
2024-12-26,301.2,308.0,301.15,302.15,857816,BE,6428.0,133.45,857816.0
2024-12-27,308.0,310.0,298.0,298.95,963989,BE,5351.0,180.15,963989.0
2024-12-30,298.0,299.85,290.5,297.05,754482,BE,4778.0,157.91,754482.0
2024-12-31,294.05,306.7,292.2,304.15,2233861,EQ,14799.0,150.95,1312595.0
2025-01-01,304.9,319.35,303.05,319.2,9317923,EQ,30629.0,304.22,4593024.0
2025-01-02,318.0,327.85,316.3,322.65,5337254,EQ,32141.0,166.06,2582368.0
2025-01-03,322.5,328.45,317.8,319.2,3019612,EQ,16832.0,179.4,1599738.0
2025-01-06,320.2,320.2,303.25,303.25,2903728,EQ,15569.0,186.51,1290590.0
2025-01-07,300.3,312.0,297.6,309.55,2266086,EQ,17707.0,127.98,1157687.0
2025-01-08,311.0,311.65,298.0,302.15,1733254,EQ,17768.0,97.55,761173.0
2025-01-09,303.85,304.45,287.05,287.05,2478812,EQ,14175.0,174.87,1924358.0
2025-01-10,287.0,301.4,283.8,292.15,3438608,EQ,27154.0,126.63,1626611.0
2025-01-13,288.35,296.95,277.55,277.55,2071284,EQ,17154.0,120.75,1063479.0
2025-01-14,278.95,286.65,273.1,274.95,5086386,EQ,22836.0,222.74,2812198.0
2025-01-15,277.0,279.5,270.6,275.1,3716226,EQ,16973.0,218.95,2483019.0
2025-01-16,278.4,282.7,277.15,279.3,1930471,EQ,12915.0,149.48,1048279.0
2025-01-17,278.5,289.5,278.05,285.6,1980765,EQ,17327.0,114.32,1139683.0
2025-01-20,289.95,289.95,279.6,280.95,1567639,EQ,11193.0,140.06,829478.0
2025-01-21,281.9,284.0,272.0,276.55,3344638,EQ,22515.0,148.55,2182561.0
2025-01-22,283.9,283.9,268.25,274.4,1302429,EQ,12598.0,103.38,578452.0
2025-01-23,273.9,281.45,272.6,274.4,957332,EQ,13108.0,73.03,419817.0
2025-01-24,275.4,277.0,260.7,262.75,957586,EQ,9991.0,95.84,544619.0
2025-01-27,258.85,259.8,249.65,249.65,1458447,EQ,7755.0,188.07,812101.0
2025-01-28,251.0,252.0,237.2,240.6,4643249,EQ,19121.0,242.84,2144122.0
2025-01-29,242.75,251.9,237.05,248.25,4864812,EQ,23617.0,205.99,2701114.0
2025-01-30,247.75,254.0,244.4,250.85,2679925,EQ,17269.0,155.19,1665656.0
2025-01-31,249.5,253.55,247.3,250.6,1473454,EQ,14341.0,102.74,682020.0
2025-02-01,252.7,254.7,241.35,246.35,1596370,EQ,13660.0,116.86,563424.0
2025-02-03,239.0,239.8,234.05,234.05,1722615,EQ,11399.0,151.12,851225.0
2025-02-04,234.45,245.75,231.95,245.5,2889165,EQ,23285.0,124.08,1463803.0
2025-02-05,245.0,257.75,243.85,254.45,3782970,EQ,23654.0,159.93,1732474.0
2025-02-06,259.4,276.65,258.0,272.0,9236767,EQ,54533.0,169.38,4087769.0
2025-02-07,271.55,288.7,268.2,286.5,6175237,EQ,49613.0,124.47,3108015.0
2025-02-10,295.0,303.0,276.8,284.45,6207675,EQ,43730.0,141.95,2185319.0
2025-02-11,283.7,283.7,263.55,267.5,3505859,EQ,24847.0,141.1,1534442.0
2025-02-12,265.35,275.55,252.8,266.8,4076501,EQ,33845.0,120.45,1127332.0
2025-02-13,268.2,277.1,262.1,266.7,2220442,EQ,19411.0,114.39,971816.0
2025-02-14,270.0,270.5,243.25,250.15,5498360,EQ,36081.0,152.39,3134327.0
2025-02-17,236.0,252.0,229.55,244.35,7146483,EQ,48167.0,148.37,3036061.0
2025-02-18,249.95,256.6,243.8,248.6,5932355,EQ,48935.0,121.23,2752294.0
2025-02-19,245.0,263.7,244.0,256.25,3382941,EQ,27036.0,125.13,903725.0
2025-02-20,255.0,263.1,253.8,258.35,1561572,EQ,13967.0,111.8,528150.0
2025-02-21,257.9,263.8,251.0,252.3,1791562,EQ,15410.0,116.26,715632.0
2025-02-24,250.35,250.65,240.1,240.8,3489248,EQ,18288.0,190.79,2109668.0
2025-02-25,241.0,245.9,236.5,238.8,3041715,EQ,16488.0,184.48,1856718.0
2025-02-27,238.2,240.8,220.05,222.95,3110075,EQ,31818.0,97.75,1441342.0
2025-02-28,221.0,222.5,210.1,211.95,5585491,EQ,33802.0,165.24,3414633.0
2025-03-03,214.99,217.86,198.13,206.58,5728528,EQ,36978.0,154.92,2938449.0
2025-03-04,203.0,214.85,202.45,205.89,2900533,EQ,23884.0,121.44,1076429.0
2025-03-05,207.2,221.39,207.2,219.6,4050862,EQ,25349.0,159.8,1817123.0
2025-03-06,223.87,248.9,221.1,235.86,10963580,EQ,74507.0,147.15,3550811.0
2025-03-07,235.01,247.9,231.1,239.35,10046677,EQ,57707.0,174.1,2970470.0
2025-03-10,239.9,243.7,227.3,229.72,3508266,EQ,23029.0,152.34,1455027.0
2025-03-11,228.89,231.4,222.55,225.91,4789414,EQ,27041.0,177.12,1885069.0
2025-03-12,228.0,230.45,218.85,220.33,3075754,EQ,18663.0,164.8,1343592.0
2025-03-13,222.4,225.25,216.01,218.44,2367618,EQ,17715.0,133.65,1058801.0
2025-03-17,220.0,223.95,217.32,219.38,4461379,EQ,20703.0,215.49,2959880.0
2025-03-18,222.0,234.23,221.0,230.55,5370777,EQ,29468.0,182.26,2717075.0
2025-03-19,232.2,245.34,232.0,242.35,5150722,EQ,33658.0,153.03,2133790.0
2025-03-20,245.0,245.7,236.0,237.28,3503097,EQ,37390.0,93.69,1511809.0
2025-03-21,237.6,245.67,236.84,239.5,5173318,EQ,37168.0,139.19,2564737.0
2025-03-24,241.9,247.5,240.79,243.64,4195025,EQ,34554.0,121.4,1909109.0
2025-03-25,245.35,246.1,235.3,237.8,4771028,EQ,31366.0,152.11,2544537.0
2025-03-26,237.9,262.4,237.7,253.78,15771087,EQ,127437.0,123.76,4702093.0
2025-03-27,254.0,257.9,250.0,255.12,8550177,EQ,58633.0,145.83,3843561.0
2025-03-28,257.1,267.95,257.0,258.64,6881450,EQ,65002.0,105.87,2277493.0
2025-04-01,254.9,262.0,252.1,254.25,2577736,EQ,29800.0,86.5,776456.0
2025-04-02,255.0,260.8,248.3,257.2,3413280,EQ,31975.0,106.75,1184758.0
2025-04-03,254.05,268.8,254.05,262.25,6231967,EQ,58855.0,105.89,2241429.0
2025-04-04,261.0,262.65,248.8,250.35,4671764,EQ,41621.0,112.25,2101397.0
2025-04-07,222.0,244.8,218.6,241.5,5876332,EQ,57625.0,101.98,1995894.0
2025-04-08,248.0,251.45,241.65,245.35,2361484,EQ,26132.0,90.37,676100.0
2025-04-09,243.5,257.7,238.75,243.75,4833606,EQ,52159.0,92.67,1197127.0
2025-04-11,248.05,252.6,246.0,250.15,3490607,EQ,31782.0,109.83,1327136.0
2025-04-15,252.8,259.15,251.85,255.0,2960127,EQ,32798.0,90.25,1236748.0
2025-04-16,255.6,259.75,252.05,253.2,3056385,EQ,27680.0,110.42,1294489.0
2025-04-17,253.0,264.7,252.4,262.3,6690709,EQ,45718.0,146.35,2776184.0
2025-04-21,265.6,272.7,262.3,271.25,6601989,EQ,50245.0,131.4,2515361.0
2025-04-22,271.9,274.2,265.2,266.55,3896492,EQ,35714.0,109.1,1682909.0
2025-04-23,268.45,270.75,262.85,266.25,2863738,EQ,29374.0,97.49,960987.0
2025-04-24,264.6,275.8,264.3,269.1,5022103,EQ,47798.0,105.07,1724250.0
2025-04-25,270.0,270.95,250.1,256.9,7229576,EQ,66890.0,108.08,2023695.0
2025-04-28,256.05,262.0,253.9,255.3,3235297,EQ,31602.0,102.38,1176078.0
2025-04-29,257.0,264.8,255.3,256.7,3892641,EQ,33772.0,115.26,1187395.0
2025-04-30,256.95,264.75,252.25,254.55,4164437,EQ,45849.0,90.83,1763525.0
2025-05-02,255.1,259.8,249.95,250.55,2523350,EQ,28751.0,87.77,832251.0
2025-05-05,252.3,258.1,250.85,256.4,2046500,EQ,23114.0,88.54,738954.0
2025-05-06,257.3,258.7,235.2,236.35,3577289,EQ,51462.0,69.51,1454645.0
2025-05-07,233.0,242.0,233.0,240.5,2890404,EQ,31907.0,90.59,878890.0
2025-05-08,241.0,244.6,230.95,233.6,2153890,EQ,23487.0,91.71,1006266.0
2025-05-09,226.1,236.2,225.7,234.6,2926843,EQ,28263.0,103.56,1146792.0
2025-05-12,246.9,263.0,245.6,255.35,6915665,EQ,56476.0,122.45,2579060.0
2025-05-13,256.9,268.0,256.35,265.05,3885608,EQ,40257.0,96.52,1475457.0
2025-05-14,267.0,272.4,264.7,271.65,3336343,EQ,29041.0,114.88,1281552.0
2025-05-15,272.65,275.0,269.35,272.05,2588744,EQ,25550.0,101.32,1034224.0
2025-05-16,273.0,282.0,268.6,279.5,6293367,EQ,53820.0,116.93,2576132.0
2025-05-19,279.95,284.8,277.4,279.5,4023006,EQ,31866.0,126.25,1753713.0
2025-05-20,281.8,284.0,272.75,274.65,4193967,EQ,42542.0,98.58,1698923.0
2025-05-21,275.5,279.0,272.75,276.15,2339631,EQ,24923.0,93.87,1059029.0
2025-05-22,275.1,286.0,275.0,283.4,4750110,EQ,43334.0,109.62,2222387.0
2025-05-23,288.0,313.0,282.45,305.45,22406660,EQ,174821.0,128.17,6155040.0
2025-05-26,306.9,308.9,287.0,293.55,13975946,EQ,111030.0,125.88,4900297.0
2025-05-27,296.7,310.0,288.6,306.8,13059582,EQ,98842.0,132.13,3717263.0
2025-05-28,309.0,312.0,304.25,308.3,6369651,EQ,53192.0,119.75,2243667.0
2025-05-29,310.65,321.0,308.9,313.1,7975244,EQ,78091.0,102.13,2650316.0
2025-05-30,314.0,347.55,311.1,330.5,29015364,EQ,220988.0,131.3,8833749.0
2025-06-02,332.0,359.0,329.65,356.85,27523498,EQ,221141.0,124.46,7488877.0
2025-06-03,359.0,359.0,337.0,342.05,17684059,EQ,145295.0,121.71,5357030.0
2025-06-04,342.0,385.7,339.2,380.6,28390440,EQ,203836.0,139.28,7782879.0
2025-06-05,370.0,377.5,362.0,371.45,5895435,BE,34476.0,171.0,5895435.0
2025-06-06,371.45,376.0,365.1,371.8,2581516,BE,21172.0,121.93,2581516.0
2025-06-09,379.0,390.35,376.6,390.35,3771005,BE,19303.0,195.36,3771005.0
2025-06-10,395.0,409.85,389.0,404.6,7309966,BE,34384.0,212.6,7309966.0
2025-06-11,405.7,420.0,390.0,400.95,5758829,BE,37890.0,151.99,5758829.0
2025-06-12,400.0,406.8,389.25,395.45,2643717,BE,19131.0,138.19,2643717.0
2025-06-13,379.0,392.0,377.5,384.55,2210899,BE,15816.0,139.79,2210899.0
2025-06-16,384.55,389.25,369.0,380.9,2545288,BE,20125.0,126.47,2545288.0
2025-06-17,381.0,381.0,362.0,368.1,2687911,BE,23336.0,115.18,2687911.0
2025-06-18,365.9,386.5,362.1,386.5,2729713,BE,19711.0,138.49,2729713.0
2025-06-19,400.0,405.0,380.0,382.8,4357973,BE,35206.0,123.78,4357973.0
2025-06-20,383.0,389.7,367.5,371.6,2802129,BE,24723.0,113.34,2802129.0
2025-06-23,367.0,384.7,365.0,377.25,1881128,BE,19396.0,96.99,1881128.0
2025-06-24,387.0,390.15,380.25,385.4,1747994,BE,24704.0,70.76,1747994.0
2025-06-25,388.0,404.65,383.1,404.65,3111830,BE,22140.0,140.55,3111830.0
2025-06-26,409.0,423.0,406.0,417.4,4655607,BE,33546.0,138.78,4655607.0
2025-06-27,421.0,422.0,402.2,413.05,2193893,BE,31394.0,69.88,2193893.0
2025-06-30,412.95,423.4,398.0,409.65,6116014,BE,37633.0,162.52,6116014.0
2025-07-01,412.0,415.8,402.0,406.4,1780712,BE,20991.0,84.83,1780712.0
2025-07-02,406.0,411.8,393.55,396.75,2297322,BE,19426.0,118.26,2297322.0
2025-07-03,386.25,390.0,376.95,376.95,4311061,BE,33766.0,127.67,4311061.0
2025-07-04,368.4,386.3,364.35,374.2,2555753,BE,20393.0,125.33,2555753.0
2025-07-07,373.0,380.2,366.5,371.9,2486838,BE,14997.0,165.82,2486838.0
2025-07-08,371.9,378.0,368.7,373.45,1271869,BE,11299.0,112.56,1271869.0
2025-07-09,373.45,376.7,359.0,366.05,1841172,BE,15274.0,120.54,1841172.0
2025-07-10,369.0,375.85,367.0,372.15,1151024,BE,9353.0,123.06,1151024.0
2025-07-11,375.0,384.95,374.5,377.75,1428011,BE,10570.0,135.1,1428011.0
2025-07-14,385.0,396.0,381.3,389.4,2355615,BE,18508.0,127.28,2355615.0
2025-07-15,392.45,394.7,385.25,387.2,1005513,BE,11609.0,86.61,1005513.0
2025-07-16,388.9,403.5,385.45,400.3,2235321,BE,13403.0,166.78,2235321.0
2025-07-17,403.7,403.8,392.5,396.35,2161993,BE,11178.0,193.42,2161993.0
2025-07-18,396.35,400.0,385.0,390.3,1167972,BE,8591.0,135.95,1167972.0
2025-07-21,390.3,392.5,378.4,383.95,762841,BE,13462.0,56.67,762841.0
2025-07-22,383.1,383.95,375.0,376.05,1159348,BE,9989.0,116.06,1159348.0
2025-07-23,374.0,385.95,363.1,378.75,1761722,BE,13289.0,132.57,1761722.0
2025-07-24,377.0,380.0,359.85,359.85,1487852,BE,12848.0,115.8,1487852.0
2025-07-25,341.85,341.85,341.85,341.85,546099,BE,4139.0,131.94,546099.0
2025-07-28,336.0,354.0,324.75,326.4,4870566,BE,25234.0,193.02,4870566.0
2025-07-29,316.0,342.7,316.0,340.25,2580289,BE,16247.0,158.82,2580289.0
2025-07-30,342.0,343.6,325.0,327.45,1313245,BE,11299.0,116.23,1313245.0
2025-07-31,322.05,334.8,321.3,328.1,1106191,BE,7612.0,145.32,1106191.0
2025-08-01,311.7,323.8,311.7,311.7,1892712,BE,12108.0,156.32,1892712.0
2025-08-04,296.15,296.15,296.15,296.15,180000,BE,2989.0,60.22,180000.0
2025-08-05,281.35,281.35,281.35,281.35,484377,BE,2660.0,182.1,484377.0
2025-08-06,267.3,295.4,267.3,295.05,10727914,BE,57163.0,187.67,10727914.0
2025-08-07,288.0,291.7,280.3,281.3,2525940,BE,13870.0,182.12,2525940.0
2025-08-08,277.25,291.25,270.0,273.4,2720524,BE,16988.0,160.14,2720524.0
2025-08-11,276.8,284.05,272.0,274.95,1342343,BE,9797.0,137.02,1342343.0
2025-08-12,277.0,278.45,267.55,270.95,924807,BE,6493.0,142.43,924807.0
2025-08-13,270.0,273.7,257.4,257.4,2050376,BE,10352.0,198.07,2050376.0
2025-08-14,251.0,267.5,251.0,259.8,1885868,BE,35719.0,52.8,1885868.0
2025-08-18,267.0,272.0,260.25,261.85,1375092,BE,8399.0,163.72,1375092.0
2025-08-19,264.2,274.9,264.2,274.9,1023141,BE,8079.0,126.64,1023141.0
2025-08-20,279.95,288.6,277.6,288.6,907465,BE,5289.0,171.58,907465.0
2025-08-21,300.0,303.0,292.5,302.75,2771178,BE,16454.0,168.42,2771178.0
2025-08-22,300.0,301.8,288.05,290.15,1266564,BE,10362.0,122.23,1266564.0
2025-08-25,279.5,281.45,275.65,275.65,670856,BE,4444.0,150.96,670856.0
2025-08-26,266.0,287.0,265.0,267.05,1901769,BE,13260.0,143.42,1901769.0
2025-08-28,270.0,277.9,269.1,273.05,1065425,BE,10146.0,105.01,1065425.0
2025-08-29,275.0,275.9,263.25,265.15,524124,BE,6765.0,77.48,524124.0
2025-09-01,268.45,271.9,260.0,266.05,605201,BE,9177.0,65.95,605201.0
2025-09-02,262.25,279.35,262.25,279.35,844877,BE,5108.0,165.4,844877.0
2025-09-03,284.0,293.3,281.55,293.2,2114361,BE,10324.0,204.8,2114361.0
2025-09-04,295.4,299.0,280.8,287.4,1056096,BE,8741.0,120.82,1056096.0
2025-09-05,284.7,289.0,276.3,282.8,891618,BE,7267.0,122.69,891618.0
2025-09-08,285.0,288.7,270.5,271.85,998320,BE,10952.0,91.15,998320.0
2025-09-09,272.9,274.7,262.9,265.5,1079234,BE,9995.0,107.98,1079234.0
2025-09-10,269.85,272.0,255.7,261.55,1813215,BE,13608.0,133.25,1813215.0
2025-09-11,261.0,266.0,254.45,257.9,1018946,BE,9808.0,103.89,1018946.0
2025-09-12,258.0,262.7,245.0,248.2,2548594,BE,16775.0,151.93,2548594.0
2025-09-15,250.7,255.0,244.0,248.0,1647658,BE,11289.0,145.95,1647658.0
2025-09-16,250.0,260.4,250.0,260.4,1148750,BE,5288.0,217.24,1148750.0
2025-09-17,263.0,272.4,263.0,271.45,1745606,BE,13582.0,128.52,1745606.0
2025-09-18,272.85,274.45,264.0,267.35,685137,BE,8626.0,79.43,685137.0
2025-09-19,263.8,265.7,254.0,258.0,1762288,BE,13386.0,131.65,1762288.0
2025-09-22,256.0,270.9,254.9,265.35,2976328,BE,17472,170.35,2976328
2025-09-23,269.0,273.7,262.0,264.8,1551246,BE,7999,193.93,1551246
2025-09-24,264.75,266.4,256.0,257.0,635986,BE,5361,118.63,635986
2025-09-25,257.9,260.9,251.3,253.0,763160,BE,5465,139.65,763160
2025-09-26,254.0,254.25,242.95,247.2,890881,BE,7413,120.18,890881
2025-09-29,249.9,255.2,245.0,247.65,630811,BE,5550,113.66,630811
2025-09-30,247.95,253.0,240.05,242.1,869595,BE,9316,93.34,869595
2025-10-01,240.0,244.0,234.0,243.61,1166055,BE,8525,136.78,1166055
2025-10-03,245.0,255.79,243.0,249.58,1202486,BE,8815,136.41,1202486
2025-10-06,248.3,249.58,240.0,243.76,966809,BE,7417,130.35,966809
2025-10-07,242.1,244.0,234.0,235.1,1284578,BE,10632,120.82,1284578
2025-10-08,238.75,240.5,226.65,232.52,1007950,BE,7605,132.54,1007950
2025-10-09,232.89,233.8,224.0,230.33,1108484,BE,8836,125.45,1108484
2025-10-10,230.33,241.84,229.0,241.84,982704,BE,3965,247.84,982704
2025-10-13,232.3,241.7,231.2,236.85,1435831,BE,8539,168.15,1435831
2025-10-14,232.0,238.0,225.0,225.4,1651710,BE,12072,136.82,1651710
2025-10-15,224.22,236.46,224.22,229.23,856811,BE,7189,119.18,856811
2025-10-16,229.9,234.5,226.5,230.01,673265,BE,5657,119.01,673265
2025-10-17,229.0,231.69,223.0,223.72,842348,BE,7720,109.11,842348
2025-10-20,223.0,226.04,222.0,224.41,437453,BE,5234,83.58,437453
2025-10-21,224.41,226.8,223.0,226.07,147202,BE,1997,73.71,147202
2025-10-23,225.38,236.9,225.38,229.69,787669,BE,6492,121.33,787669
2025-10-24,233.0,233.0,228.25,230.1,355004,BE,3436,103.32,355004
2025-10-27,231.0,232.2,224.0,225.61,670526,BE,8074,83.05,670526
2025-10-28,226.0,226.7,214.32,214.32,1104325,BE,10511,105.06,1104325
2025-10-29,205.0,224.95,204.15,217.82,4483808,BE,15826,283.32,4483808
2025-10-30,215.5,221.0,211.0,217.91,3041412,BE,8145,373.41,3041412
2025-10-31,216.55,218.5,213.0,215.96,2421568,BE,6023,402.05,2421568
2025-11-03,210.0,212.1,205.16,205.16,1106455,BE,9730,113.72,1106455
2025-11-04,194.9,194.9,194.9,194.9,318100,BE,4723,67.35,318100
2025-11-06,185.15,185.15,185.15,185.15,293992,BE,4079,72.07,293992
2025-11-07,175.89,175.89,175.89,175.89,310910,BE,3744,83.04,310910
2025-11-10,167.09,184.68,167.09,169.62,7379930,BE,25868,285.29,7379930
2025-11-11,169.5,177.75,164.1,173.79,2752358,BE,14755,186.54,2752358
2025-11-12,177.0,182.47,176.5,177.65,2959362,BE,12401,238.64,2959362
2025-11-13,176.77,186.53,175.0,184.66,2181176,BE,10630,205.19,2181176
2025-11-14,183.0,187.95,179.0,186.58,1172098,BE,8181,143.27,1172098
2025-11-17,186.5,195.0,183.0,189.13,1842240,BE,9171,200.88,1842240
2025-11-18,189.1,193.0,179.67,179.67,1540133,BE,9572,160.9,1540133
2025-11-19,173.15,182.5,171.5,179.36,2065946,BE,11385,181.46,2065946
2025-11-20,180.0,182.0,170.39,170.53,1745523,BE,9645,180.98,1745523
2025-11-21,167.0,170.41,162.0,165.29,2498166,BE,12435,200.9,2498166
2025-11-24,167.0,168.0,157.02,157.02,1383222,BE,8627,160.34,1383222
2025-11-25,155.0,159.4,149.16,150.44,2824314,BE,11312,249.67,2824314
2025-11-26,150.45,157.96,150.45,157.96,476849,BE,1864,255.82,476849
2025-11-27,165.85,165.85,165.85,165.85,244731,BE,918,266.59,244731
2025-11-28,169.4,174.14,162.0,171.92,2546326,BE,13583,187.46,2546326
2025-12-01,176.0,176.0,163.32,165.32,1062458,BE,8952,118.68,1062458
2025-12-02,165.25,165.25,160.0,161.32,570596,BE,5709,99.95,570596
2025-12-03,164.8,164.8,156.8,160.58,567475,BE,4559,124.47,567475
2025-12-04,161.99,162.65,157.99,158.88,553115,BE,5695,97.12,553115
2025-12-05,157.5,159.7,154.0,154.71,618102,BE,9559,64.66,618102
2025-12-08,150.0,150.65,146.97,146.97,1010805,BE,6962,145.19,1010805
2025-12-09,139.63,148.0,139.63,139.66,3804840,BE,17130,222.12,3804840
2025-12-10,139.65,142.85,132.68,135.13,2920030,BE,13488,216.49,2920030
2025-12-11,132.0,135.0,128.38,129.29,3640663,BE,13763,264.53,3640663
2025-12-12,130.0,135.75,129.93,135.75,1055531,BE,5677,185.93,1055531
2025-12-15,135.75,142.53,134.32,142.53,913517,BE,4857,188.08,913517
2025-12-16,145.0,149.65,143.2,149.65,1023616,BE,4311,237.44,1023616
2025-12-17,153.97,157.13,153.0,157.13,410951,BE,1755,234.16,410951
2025-12-18,164.98,164.98,158.0,164.96,3297467,BE,12249,269.2,3297467
2025-12-19,168.0,173.2,168.0,173.2,1588231,BE,6306,251.86,1588231
2025-12-29,164.54,164.54,164.54,164.54,51971,BE,589,88.24,51971
2026-01-05,156.32,156.32,156.32,156.32,65113,BE,351,185.51,65113
2026-01-12,148.51,148.51,148.51,148.51,36078,BE,620,58.19,36078
2026-01-19,141.09,141.09,141.09,141.09,34582,BE,524,66.0,34582
2026-01-27,134.04,134.04,134.04,134.04,151139,BE,1055,143.26,151139
2026-02-01,127.34,127.34,127.34,127.34,183110,BE,2034,90.02,183110
2026-02-02,120.98,120.98,120.98,120.98,154571,BE,2262,68.33,154571
2026-02-03,115.2,127.0,114.94,126.35,7952697,BE,31680,251.03,7952697
2026-02-04,123.05,132.66,121.15,132.66,3401429,BE,10389,327.41,3401429
2026-02-05,131.66,132.27,126.03,126.03,1423932,BE,8905,159.9,1423932
2026-02-06,121.55,124.0,119.73,120.11,1757251,BE,9693,181.29,1757251
2026-02-09,114.5,123.0,114.11,116.79,2561007,BE,13035,196.47,2561007
2026-02-10,114.6,121.81,114.5,119.84,1526626,BE,8176,186.72,1526626
2026-02-11,120.24,120.5,113.85,114.81,1467849,BE,9305,157.75,1467849
2026-02-12,115.7,115.9,109.09,109.58,1787281,BE,11471,155.81,1787281
2026-02-13,108.99,109.25,104.11,104.11,1567460,BE,10306,152.09,1567460
2026-02-16,101.5,101.5,98.91,98.91,1279743,BE,8143,157.16,1279743
2026-02-17,95.2,103.85,93.97,103.85,2642034,BE,10490,251.86,2642034
2026-02-18,106.9,109.04,105.15,109.04,550487,BE,2280,241.44,550487
2026-02-19,112.0,114.48,106.2,108.21,1852075,BE,11965,154.79,1852075
2026-02-20,107.35,110.5,102.8,103.81,1647356,BE,6559,251.16,1647356
2026-02-23,103.8,104.0,98.62,98.77,1521769,BE,10754,141.51,1521769
2026-02-24,94.2,97.79,94.2,95.59,1343381,BE,8937,150.32,1343381
2026-02-25,95.9,99.9,95.8,97.63,1065820,BE,6582,161.93,1065820
2026-02-26,94.0,97.0,92.75,93.89,1618352,BE,10711,151.09,1618352
2026-02-27,93.5,94.0,89.7,90.38,1382753,BE,10608,130.35,1382753
2026-03-02,85.87,86.98,85.87,85.87,1246918,BE,7712,161.69,1246918
2026-03-04,82.1,88.0,81.58,86.64,2795041,BE,10614,263.34,2795041
2026-03-05,86.0,90.97,83.12,90.09,2803435,BE,9465,296.19,2803435
2026-03-06,90.0,94.59,89.16,93.98,3432815,BE,8272,414.99,3432815
2026-03-04,82.1,88.0,81.58,86.64,2795041,BE,10614,263.34,2795041
2026-03-05,86.0,90.97,83.12,90.09,2803435,BE,9465,296.19,2803435
2026-03-06,90.0,94.59,89.16,93.98,3432815,BE,8272,414.99,3432815
2026-03-09,91.7,93.45,89.29,89.31,1402196,BE,6588,212.84,1402196
2026-03-10,89.3,92.99,88.0,90.86,1124160,BE,5507,204.13,1124160
2026-03-11,90.0,93.95,89.35,90.31,1458949,BE,5899,247.32,1458949
2026-03-12,89.5,93.02,86.1,89.89,1848249,BE,8054,229.48,1848249
2026-03-13,89.0,91.2,85.4,85.5,1501458,BE,9041,166.07,1501458
2026-03-16,84.1,85.0,81.23,81.23,842980,BE,5640,149.46,842980
2026-03-17,77.75,81.0,77.17,77.88,3865137,BE,11517,335.6,3865137
2026-03-18,77.88,81.45,76.55,79.25,4532253,BE,7719,587.16,4532253
2026-03-19,76.5,78.89,75.29,75.71,2244125,BE,9726,230.73,2244125
2026-03-20,77.0,79.49,75.0,77.46,3857061,BE,14962,257.79,3857061
