Date,Open,High,Low,Close,Volume,Series,TOTAL_TRADES,QTY_PER_TRADE,DLV_QTY
2023-01-06,25.0,26.9,22.15,22.5,50472,EQ,1401.0,36.03,34026.0
2023-01-09,23.55,23.75,22.25,22.75,89995,EQ,1422.0,63.29,57122.0
2023-01-10,23.1,27.3,22.95,27.3,412897,EQ,6996.0,59.02,154205.0
2023-01-11,29.0,31.2,28.3,30.65,1778986,EQ,30179.0,58.95,147599.0
2023-01-12,30.2,31.5,29.25,31.25,789900,EQ,12962.0,60.94,79613.0
2023-01-13,31.2,31.5,30.5,30.9,417530,EQ,5933.0,70.37,110642.0
2023-01-16,31.0,32.4,28.0,28.8,368562,EQ,7044.0,52.32,93787.0
2023-01-17,28.6,28.6,27.0,27.35,56671,EQ,1423.0,39.83,22714.0
2023-01-18,27.35,27.35,25.55,25.55,212735,EQ,3300.0,64.47,129159.0
2023-01-19,25.3,28.1,25.3,27.2,261237,EQ,4637.0,56.34,79405.0
2023-01-20,27.75,27.75,25.3,25.35,50990,EQ,1676.0,30.42,26846.0
2023-01-23,25.9,27.9,25.25,27.5,275822,EQ,5919.0,46.6,96262.0
2023-01-24,27.7,27.95,26.2,27.35,63395,EQ,2190.0,28.95,23564.0
2023-01-25,27.75,27.75,26.2,26.5,24602,EQ,1061.0,23.19,7804.0
2023-01-27,26.85,27.2,25.35,26.75,36871,EQ,1909.0,19.31,19708.0
2023-01-30,27.25,27.8,26.2,26.75,29335,EQ,1706.0,17.2,14180.0
2023-01-31,26.4,27.8,26.4,27.25,18587,EQ,1219.0,15.25,7953.0
2023-02-01,26.85,27.8,26.4,27.3,24289,EQ,1216.0,19.97,14985.0
2023-02-02,27.6,27.8,26.75,27.25,47841,EQ,2031.0,23.56,27260.0
2023-02-03,27.2,29.65,26.8,28.3,74936,EQ,4308.0,17.39,37832.0
2023-02-06,28.9,30.4,28.9,30.15,48030,EQ,2995.0,16.04,26954.0
2023-02-07,30.6,31.95,29.15,29.9,132914,EQ,4651.0,28.58,52533.0
2023-02-08,30.2,31.6,29.7,31.1,38114,EQ,1661.0,22.95,19757.0
2023-02-09,31.1,34.0,30.55,33.7,121817,EQ,5849.0,20.83,40685.0
2023-02-10,34.35,34.8,30.0,31.05,109193,EQ,5299.0,20.61,43926.0
2023-02-13,30.6,32.75,30.0,31.75,85910,EQ,4182.0,20.54,29021.0
2023-02-14,32.2,32.25,30.1,30.3,34487,EQ,2257.0,15.28,16382.0
2023-02-15,30.75,31.5,30.0,30.0,66040,EQ,1815.0,36.39,25162.0
2023-02-16,30.3,30.55,30.0,30.05,66274,EQ,1110.0,59.71,40571.0
2023-02-17,30.0,31.85,30.0,30.8,62774,EQ,3223.0,19.48,18489.0
2023-02-20,30.9,31.1,30.1,30.2,15013,EQ,970.0,15.48,6851.0
2023-02-21,30.5,30.85,30.3,30.6,27526,EQ,684.0,40.24,22240.0
2023-02-22,30.9,30.9,28.8,29.1,36065,EQ,1925.0,18.74,19379.0
2023-02-23,29.25,29.25,28.8,28.85,27680,EQ,963.0,28.74,12944.0
2023-02-24,29.0,34.6,29.0,34.4,474899,EQ,14132.0,33.6,132555.0
2023-02-27,34.1,35.5,33.2,33.8,247298,EQ,9519.0,25.98,44635.0
2023-02-28,33.8,34.35,32.2,32.75,47085,EQ,2434.0,19.34,18094.0
2023-03-01,32.25,33.7,32.15,32.9,63995,EQ,6994.0,9.15,11023.0
2023-03-02,32.55,33.25,31.7,32.2,22905,EQ,1985.0,11.54,11656.0
2023-03-03,32.35,32.65,31.0,31.2,42953,EQ,3245.0,13.24,26176.0
2023-03-06,31.6,34.0,31.0,31.5,115747,EQ,4760.0,24.32,44345.0
2023-03-08,32.0,32.0,31.05,31.55,17518,EQ,984.0,17.8,8414.0
2023-03-09,33.0,33.0,30.75,31.0,18019,EQ,1028.0,17.53,10452.0
2023-03-10,31.5,31.5,30.55,30.85,11854,EQ,895.0,13.24,7804.0
2023-03-13,31.0,32.05,27.5,28.1,81564,EQ,2709.0,30.11,49299.0
2023-03-14,28.5,28.5,26.55,27.55,50398,EQ,2652.0,19.0,16365.0
2023-03-15,28.0,28.5,26.5,26.85,23929,EQ,1401.0,17.08,16511.0
2023-03-16,27.25,27.45,25.6,26.0,35241,EQ,2033.0,17.33,15006.0
2023-03-17,26.35,27.15,26.0,26.45,19624,EQ,1637.0,11.99,6612.0
2023-03-20,26.3,27.25,25.75,26.8,38323,EQ,3426.0,11.19,18756.0
2023-03-21,26.7,27.15,26.4,26.5,29419,EQ,1110.0,26.5,23581.0
2023-03-22,26.1,27.8,26.1,27.1,48330,EQ,1414.0,34.18,31599.0
2023-03-23,27.1,27.1,26.15,26.4,5594,EQ,361.0,15.5,3565.0
2023-03-24,26.7,27.2,24.8,25.2,29621,EQ,860.0,34.44,20636.0
2023-03-27,25.1,25.4,20.65,24.2,21369,EQ,727.0,29.39,13395.0
2023-03-28,23.8,29.0,22.6,28.9,417867,EQ,8213.0,50.88,93335.0
2023-03-29,29.5,29.9,27.15,28.1,303662,EQ,5932.0,51.19,49700.0
2023-03-31,28.1,28.35,27.1,27.25,16985,EQ,625.0,27.18,8733.0
2023-04-03,28.3,28.65,27.15,27.55,26820,EQ,777.0,34.52,8109.0
2023-04-05,28.2,29.25,27.1,28.4,65917,EQ,1390.0,47.42,22292.0
2023-04-06,28.4,34.0,28.4,31.35,723694,EQ,14445.0,50.1,177993.0
2023-04-10,31.25,35.5,31.05,34.65,666480,EQ,13693.0,48.67,106885.0
2023-04-11,35.0,36.9,33.1,33.8,454770,EQ,10314.0,44.09,95378.0
2023-04-12,33.8,34.2,32.6,33.65,136552,EQ,6266.0,21.79,25017.0
2023-04-13,33.8,34.0,33.0,33.25,55238,EQ,1974.0,27.98,24243.0
2023-04-17,33.2,34.0,32.75,33.55,28600,EQ,2436.0,11.74,8305.0
2023-04-18,33.55,37.0,33.55,34.3,234039,EQ,6820.0,34.32,40924.0
2023-04-19,34.7,35.65,34.0,34.3,47331,EQ,1549.0,30.56,18884.0
2023-04-20,34.5,35.0,34.05,34.25,38095,EQ,794.0,47.98,18848.0
2023-04-21,34.0,34.4,32.9,33.0,88404,EQ,1632.0,54.17,50473.0
2023-04-24,33.0,34.5,31.8,32.7,77926,EQ,2203.0,35.37,23226.0
2023-04-25,33.0,33.7,32.0,32.2,28028,EQ,1191.0,23.53,10554.0
2023-04-26,32.85,33.35,32.0,32.9,51718,EQ,1504.0,34.39,17128.0
2023-04-27,33.25,34.65,32.75,33.6,80806,EQ,2391.0,33.8,42388.0
2023-04-28,33.85,33.95,32.5,33.0,21208,EQ,1224.0,17.33,12164.0
2023-05-02,32.6,34.7,32.6,34.4,57683,EQ,2326.0,24.8,34609.0
2023-05-03,33.0,34.8,33.0,34.45,26317,EQ,1130.0,23.29,14793.0
2023-05-04,34.45,36.1,34.4,34.65,95492,EQ,2837.0,33.66,48995.0
2023-05-05,34.65,34.65,33.45,33.55,100325,EQ,1111.0,90.3,80317.0
2023-05-08,33.7,34.1,33.0,33.5,15626,EQ,868.0,18.0,7900.0
2023-05-09,33.8,33.95,33.35,33.4,11497,EQ,712.0,16.15,7294.0
2023-05-10,33.6,33.9,33.2,33.6,18617,EQ,2333.0,7.98,8468.0
2023-05-11,33.85,33.85,32.3,32.85,19874,EQ,827.0,24.03,14087.0
2023-05-12,32.95,35.0,32.4,32.7,14399,EQ,1392.0,10.34,5073.0
2023-05-15,33.1,35.5,32.9,34.6,46678,EQ,2306.0,20.24,24865.0
2023-05-16,34.7,37.8,34.15,36.75,188410,EQ,11537.0,16.33,73088.0
2023-05-17,37.25,38.55,37.1,37.35,111776,EQ,4999.0,22.36,57708.0
2023-05-18,37.55,37.75,35.65,36.05,50070,EQ,2042.0,24.52,23899.0
2023-05-19,37.95,37.95,35.15,35.5,54475,EQ,2839.0,19.19,20628.0
2023-05-22,35.6,35.65,34.0,34.5,25773,EQ,859.0,30.0,14581.0
2023-05-23,35.0,36.0,34.4,34.7,33946,EQ,1821.0,18.64,15108.0
2023-05-24,35.0,35.45,34.0,34.2,15252,EQ,1121.0,13.61,5631.0
2023-05-25,34.45,41.05,34.45,40.95,857468,EQ,17182.0,49.91,195314.0
2023-05-26,42.2,42.5,38.6,40.7,693072,EQ,15338.0,45.19,136723.0
2023-05-29,40.2,42.65,40.2,40.75,142132,EQ,5079.0,27.98,50899.0
2023-05-30,41.0,44.0,39.5,39.85,204733,EQ,7726.0,26.5,83928.0
2023-05-31,40.45,43.35,40.45,41.6,113504,EQ,4817.0,23.56,40571.0
2023-06-01,42.5,42.75,40.05,40.45,117010,EQ,3332.0,35.12,59640.0
2023-06-02,40.8,41.05,39.6,39.9,73957,EQ,2307.0,32.06,42097.0
2023-06-05,40.5,47.4,40.15,40.5,916073,EQ,27961.0,32.76,262731.0
2023-06-06,40.6,40.75,32.4,32.65,1039935,EQ,19598.0,53.06,400649.0
2023-06-07,31.1,34.3,31.05,34.3,60761,BE,1710.0,35.53,60761.0
2023-06-08,34.0,34.0,32.6,32.65,35255,BE,985.0,35.79,35255.0
2023-06-09,32.5,33.0,31.05,31.05,42766,BE,1009.0,42.38,42766.0
2023-06-12,31.05,31.05,29.5,29.65,29600,BE,960.0,30.83,29600.0
2023-06-13,29.7,31.0,28.4,30.65,26048,BE,748.0,34.82,26048.0
2023-06-14,31.5,31.5,29.3,29.55,10963,BE,445.0,24.64,10963.0
2023-06-15,30.3,30.85,29.5,29.7,9395,BE,423.0,22.21,9395.0
2023-06-16,30.4,30.4,29.3,29.8,6187,BE,252.0,24.55,6187.0
2023-06-19,30.25,30.25,28.4,28.6,12459,BE,592.0,21.05,12459.0
2023-06-20,29.2,29.5,28.0,28.4,10484,BE,425.0,24.67,10484.0
2023-06-21,28.0,29.0,28.0,28.45,7537,BE,264.0,28.55,7537.0
2023-06-22,29.3,29.3,27.5,28.0,5365,BE,271.0,19.8,5365.0
2023-06-23,28.0,28.7,26.7,27.5,5573,BE,225.0,24.77,5573.0
2023-06-26,27.4,27.5,26.65,27.0,3889,BE,186.0,20.91,3889.0
2023-06-27,27.1,27.4,26.6,27.2,4326,BE,202.0,21.42,4326.0
2023-06-28,28.45,28.45,27.2,28.1,9686,BE,298.0,32.5,9686.0
2023-06-30,28.5,28.5,27.45,27.85,2518,BE,170.0,14.81,2518.0
2023-07-03,28.3,28.3,27.1,27.3,9214,BE,268.0,34.38,9214.0
2023-07-04,28.15,28.5,27.3,27.8,5498,BE,205.0,26.82,5498.0
2023-07-05,28.3,28.35,27.0,27.85,5566,BE,242.0,23.0,5566.0
2023-07-06,28.1,28.8,27.0,27.75,9538,BE,274.0,34.81,9538.0
2023-07-07,28.4,28.4,27.4,27.5,4613,BE,155.0,29.76,4613.0
2023-07-10,28.3,28.3,27.2,27.55,11351,BE,175.0,64.86,11351.0
2023-07-11,28.2,28.2,26.2,26.9,10321,BE,317.0,32.56,10321.0
2023-07-12,27.6,27.6,26.55,27.0,5146,BE,196.0,26.26,5146.0
2023-07-13,27.4,27.4,26.2,26.55,9679,BE,349.0,27.73,9679.0
2023-07-14,26.2,26.55,25.55,26.2,10335,BE,339.0,30.49,10335.0
2023-07-17,26.8,27.0,26.0,26.8,7455,BE,279.0,26.72,7455.0
2023-07-18,27.2,27.8,26.7,27.05,7234,BE,257.0,28.15,7234.0
2023-07-19,27.5,27.55,27.1,27.15,5481,BE,119.0,46.06,5481.0
2023-07-20,27.5,27.5,27.0,27.0,5336,BE,105.0,50.82,5336.0
2023-07-21,27.5,27.5,26.9,27.15,4230,BE,123.0,34.39,4230.0
2023-07-24,27.2,28.5,26.75,28.05,10344,BE,219.0,47.23,10344.0
2023-07-25,28.5,29.15,28.05,28.5,19705,BE,272.0,72.44,19705.0
2023-07-26,28.9,29.0,28.0,28.2,12462,BE,142.0,87.76,12462.0
2023-07-27,28.8,28.8,27.25,27.6,6105,BE,168.0,36.34,6105.0
2023-07-28,27.7,27.8,26.2,26.9,7731,BE,250.0,30.92,7731.0
2023-07-31,27.0,27.85,26.25,26.75,5249,BE,191.0,27.48,5249.0
2023-08-01,26.75,27.35,26.2,26.55,6644,BE,159.0,41.79,6644.0
2023-08-02,26.7,27.5,26.6,26.8,5745,BE,143.0,40.17,5745.0
2023-08-03,26.9,27.25,26.4,26.5,9795,BE,179.0,54.72,9795.0
2023-08-04,27.15,27.15,26.2,26.5,5380,BE,176.0,30.57,5380.0
2023-08-07,27.1,27.1,25.8,26.05,10101,BE,232.0,43.54,10101.0
2023-08-08,25.9,26.5,25.0,25.55,9798,BE,182.0,53.84,9798.0
2023-08-09,26.0,26.1,25.1,25.7,7432,BE,173.0,42.96,7432.0
2023-08-10,25.5,25.95,24.7,25.45,14903,BE,194.0,76.82,14903.0
2023-08-11,25.6,26.25,25.5,25.95,5342,BE,98.0,54.51,5342.0
2023-08-14,27.25,27.25,27.25,27.25,5625,BE,78.0,72.12,5625.0
2023-08-16,28.6,28.6,28.0,28.6,169954,BE,1024.0,165.97,169954.0
2023-08-17,29.9,30.05,29.3,30.0,128050,BE,1198.0,106.89,128050.0
2023-08-18,29.7,30.0,28.8,29.75,52330,BE,660.0,79.29,52330.0
2023-08-21,29.2,29.2,29.2,29.2,6616,BE,,,
2023-08-22,28.6,28.6,28.6,28.6,15666,BE,,,
2023-08-23,28.05,28.2,28.05,28.2,26983,BE,,,
2023-08-24,28.8,28.8,28.2,28.2,47994,BE,,,
2023-08-25,28.25,28.35,28.25,28.35,11052,BE,75.0,147.36,11052.0
2023-08-28,28.9,28.9,28.7,28.7,6458,BE,78.0,82.79,6458.0
2023-08-29,28.5,28.5,28.4,28.4,23571,BE,146.0,161.45,23571.0
2023-08-30,28.5,28.8,28.5,28.5,23801,BE,108.0,220.38,23801.0
2023-08-31,28.5,28.5,28.4,28.5,14607,BE,106.0,137.8,14607.0
2023-09-01,28.5,28.5,28.5,28.5,12566,BE,95.0,132.27,12566.0
2023-09-04,28.5,28.5,28.4,28.4,13544,BE,106.0,127.77,13544.0
2023-09-05,28.3,28.3,28.25,28.3,32562,BE,136.0,239.43,32562.0
2023-09-06,28.5,28.5,28.0,28.0,11053,BE,90.0,122.81,11053.0
2023-09-07,28.0,28.1,28.0,28.0,9596,BE,108.0,88.85,9596.0
2023-09-08,28.55,28.55,28.55,28.55,39196,BE,157.0,249.66,39196.0
2023-09-11,28.75,29.0,28.5,28.5,6594,BE,90.0,73.27,6594.0
2023-09-12,28.4,28.5,28.3,28.45,11408,BE,85.0,134.21,11408.0
2023-09-13,27.9,27.9,27.9,27.9,10763,BE,67.0,160.64,10763.0
2023-09-14,28.45,28.45,27.95,28.2,6009,BE,37.0,162.41,6009.0
2023-09-15,28.3,28.4,28.3,28.3,36107,BE,105.0,343.88,36107.0
2023-09-18,28.5,28.5,28.3,28.3,31646,BE,111.0,285.1,31646.0
2023-09-20,28.4,28.4,28.25,28.4,4950,BE,79.0,62.66,4950.0
2023-09-21,28.5,28.5,28.4,28.4,4834,BE,83.0,58.24,4834.0
2023-09-22,28.4,28.8,28.4,28.8,1762,BE,45.0,39.16,1762.0
2023-09-25,29.0,30.25,29.0,30.25,127706,BE,744.0,171.65,127706.0
2023-09-26,31.75,31.75,31.0,31.75,146674,BE,1040.0,141.03,146674.0
2023-09-27,31.9,32.5,31.4,32.5,121400,BE,1469.0,82.64,121400.0
2023-09-28,32.5,32.5,31.0,31.7,30683,BE,605.0,50.72,30683.0
2023-09-29,31.8,32.95,31.4,32.85,146521,BE,870.0,168.41,146521.0
2023-10-03,32.4,32.9,32.15,32.85,93080,BE,696.0,133.74,93080.0
2023-10-04,32.9,32.9,32.5,32.75,32008,BE,448.0,71.45,32008.0
2023-10-05,32.8,33.4,32.7,33.2,79142,BE,462.0,171.3,79142.0
2023-10-06,33.9,34.85,33.0,34.85,83804,BE,439.0,190.9,83804.0
2023-10-09,40.0,41.85,37.4,41.35,889552,EQ,14789.0,60.15,335151.0
2023-10-10,42.45,43.9,38.3,39.25,1206419,EQ,14700.0,82.07,521573.0
2023-10-11,39.85,39.95,38.4,39.1,168546,EQ,2834.0,59.47,114104.0
2023-10-12,39.0,46.9,38.8,46.9,841534,EQ,12305.0,68.39,411411.0
2023-10-13,49.1,55.45,49.1,53.55,1290378,EQ,29692.0,43.46,369321.0
2023-10-16,56.4,58.9,56.3,58.9,211907,EQ,1568.0,135.14,130769.0
2023-10-17,64.8,64.8,64.8,64.8,136756,EQ,701.0,195.09,114701.0
2023-10-18,64.4,71.2,58.75,70.3,1190147,EQ,23731.0,50.15,409746.0
2023-10-19,72.3,73.85,72.0,73.85,125292,EQ,1052.0,119.1,83720.0
2023-10-20,72.6,77.2,70.25,75.3,556308,EQ,16745.0,33.22,193837.0
2023-10-23,78.5,79.05,74.5,78.95,639334,EQ,10285.0,62.16,235067.0
2023-10-25,80.9,80.9,75.0,75.0,179485,EQ,7193.0,24.95,83978.0
2023-10-26,72.2,74.0,71.25,71.8,144394,EQ,3137.0,46.03,89157.0
2023-10-27,71.2,72.4,68.25,68.4,260808,EQ,7613.0,34.26,138798.0
2023-10-30,68.5,71.85,68.5,71.85,41222,EQ,1246.0,33.08,28915.0
2023-10-31,75.45,75.45,75.45,75.45,8583,EQ,146.0,58.79,8583.0
2023-11-01,79.2,79.2,75.75,79.2,351173,EQ,3151.0,111.45,157528.0
2023-11-02,81.5,81.7,75.25,75.35,201895,EQ,7076.0,28.53,93043.0
2023-11-03,75.9,78.5,72.1,75.95,137349,EQ,6289.0,21.84,60396.0
2023-11-06,76.9,77.5,74.45,75.8,80618,EQ,4424.0,18.22,39258.0
2023-11-07,76.8,77.85,73.1,73.7,56017,EQ,3235.0,17.32,36107.0
2023-11-08,73.65,76.0,72.6,75.4,47692,EQ,2708.0,17.61,28665.0
2023-11-09,77.25,77.25,71.65,73.0,200567,EQ,3896.0,51.48,115309.0
2023-11-10,75.9,76.65,73.2,76.65,73761,EQ,1615.0,45.67,58812.0
2023-11-12,80.45,80.45,80.45,80.45,43714,EQ,365.0,119.76,43714.0
2023-11-13,81.5,84.5,80.45,84.5,190800,EQ,1998.0,95.5,128617.0
2023-11-15,88.7,88.7,87.5,88.7,53339,EQ,900.0,59.27,46402.0
2023-11-16,92.0,93.15,86.6,92.2,188735,EQ,6813.0,27.7,91524.0
2023-11-17,92.6,92.9,87.6,88.1,150492,EQ,6271.0,24.0,93783.0
2023-11-20,91.5,91.5,87.1,89.2,61454,EQ,3497.0,17.57,33545.0
2023-11-21,89.0,90.95,84.75,85.3,71038,EQ,3484.0,20.39,46068.0
2023-11-22,85.3,89.55,82.75,86.9,124800,EQ,5282.0,23.63,58400.0
2023-11-23,87.7,88.8,85.45,85.7,30538,EQ,2348.0,13.01,16300.0
2023-11-24,85.8,90.0,85.65,89.75,65398,EQ,2731.0,23.95,52727.0
2023-11-28,92.0,94.2,92.0,94.2,70805,EQ,1191.0,59.45,60481.0
2023-11-29,98.95,98.95,96.25,98.95,101553,EQ,1512.0,67.16,69769.0
2023-11-30,100.0,103.9,99.4,103.9,85222,EQ,1480.0,57.58,72021.0
2023-12-01,109.05,109.05,109.05,109.05,12209,EQ,222.0,55.0,12185.0
2023-12-04,114.5,114.5,114.5,114.5,6294,EQ,140.0,44.96,6294.0
2023-12-05,120.25,120.25,109.6,112.6,261624,EQ,9794.0,26.71,137290.0
2023-12-06,117.0,118.2,112.6,118.2,67026,EQ,2515.0,26.65,37584.0
2023-12-07,120.1,124.15,119.55,124.15,73562,EQ,2719.0,27.05,52826.0
2023-12-08,129.95,129.95,117.9,117.9,184344,EQ,8104.0,22.75,99250.0
2023-12-11,113.5,114.0,112.05,112.05,77440,EQ,2172.0,35.65,47770.0
2023-12-12,106.45,116.0,106.45,106.45,334304,EQ,10578.0,31.6,127895.0
2023-12-13,108.5,111.75,107.0,111.75,116815,EQ,3927.0,29.75,59514.0
2023-12-14,117.35,117.35,117.35,117.35,18013,EQ,219.0,82.25,18012.0
2023-12-15,122.4,122.4,111.45,111.55,134808,EQ,7232.0,18.64,73725.0
2023-12-18,113.5,117.1,108.1,110.7,130845,EQ,6809.0,19.22,56233.0
2023-12-19,112.8,115.2,108.35,111.5,83420,EQ,5013.0,16.64,42719.0
2023-12-20,112.9,114.2,105.95,105.95,92151,EQ,5342.0,17.25,60229.0
2023-12-21,100.65,103.4,100.65,100.65,139868,EQ,4015.0,34.84,67910.0
2023-12-22,102.5,103.35,95.6,95.6,180411,EQ,4654.0,38.76,98888.0
2023-12-26,92.7,100.4,92.5,100.4,137701,EQ,4490.0,30.67,66277.0
2023-12-27,103.95,105.4,102.1,105.4,60480,EQ,1755.0,34.46,40336.0
2023-12-28,108.5,108.9,100.15,100.15,105637,EQ,4082.0,25.88,64250.0
2023-12-29,99.4,105.15,96.6,101.85,91126,EQ,4894.0,18.62,46303.0
2024-01-01,104.35,104.5,98.7,99.65,46708,EQ,3338.0,13.99,26250.0
2024-01-02,100.0,103.8,98.8,99.5,51712,EQ,3700.0,13.98,24681.0
2024-01-03,100.0,103.7,98.5,100.7,70010,EQ,3564.0,19.64,43226.0
2024-01-04,102.35,103.1,99.8,100.1,31236,EQ,2188.0,14.28,19602.0
2024-01-05,101.8,102.4,97.5,98.6,52409,EQ,3203.0,16.36,33011.0
2024-01-08,101.9,101.9,98.1,98.45,46141,EQ,2526.0,18.27,32374.0
2024-01-09,99.65,100.2,96.8,99.9,43616,EQ,2811.0,15.52,27019.0
2024-01-10,101.0,104.9,100.0,104.9,120298,EQ,3240.0,37.13,89546.0
2024-01-11,110.15,110.15,110.15,110.15,30900,EQ,454.0,68.06,30900.0
2024-01-12,115.65,115.65,115.65,115.65,19559,BE,444.0,44.05,19559.0
2024-01-15,119.5,121.4,112.0,116.45,134703,BE,2628.0,51.26,134703.0
2024-01-16,116.0,116.0,110.6,110.6,50595,BE,1264.0,40.03,50595.0
2024-01-17,106.3,116.0,106.3,115.2,45753,BE,1195.0,38.29,45753.0
2024-01-18,115.95,116.0,109.45,115.2,25775,BE,978.0,26.35,25775.0
2024-01-19,115.3,116.5,110.0,114.8,18715,BE,797.0,23.48,18715.0
2024-01-20,114.8,120.55,112.6,120.45,50330,BE,1389.0,36.23,50330.0
2024-01-23,126.0,126.5,116.0,118.9,50064,BE,1510.0,33.15,50064.0
2024-01-24,120.0,121.6,115.0,120.45,17005,BE,651.0,26.12,17005.0
2024-01-25,121.8,126.45,120.0,126.4,45909,BE,1210.0,37.94,45909.0
2024-01-29,128.8,128.8,120.1,120.1,41717,BE,1594.0,26.17,41717.0
2024-01-30,114.1,117.5,114.1,115.45,62026,BE,1776.0,34.92,62026.0
2024-01-31,115.0,119.0,114.0,115.95,19945,BE,804.0,24.81,19945.0
2024-02-01,121.5,121.5,114.0,116.65,18057,BE,743.0,24.3,18057.0
2024-02-02,119.0,119.0,114.95,116.25,15256,BE,502.0,30.39,15256.0
2024-02-05,117.3,117.3,110.45,110.45,29370,BE,1758.0,16.71,29370.0
2024-02-06,110.9,115.0,109.0,110.7,11507,BE,522.0,22.04,11507.0
2024-02-07,110.7,114.0,105.15,110.0,53402,BE,1458.0,36.63,53402.0
2024-02-08,110.3,115.4,104.55,112.2,41419,BE,1138.0,36.4,41419.0
2024-02-09,113.9,114.9,106.6,109.2,17835,BE,815.0,21.88,17835.0
2024-02-12,111.0,112.5,107.0,109.15,29641,BE,755.0,39.26,29641.0
2024-02-13,110.0,110.0,103.7,104.6,23656,BE,851.0,27.8,23656.0
2024-02-14,104.6,106.95,100.0,106.6,15475,BE,667.0,23.2,15475.0
2024-02-15,107.0,111.6,103.0,108.0,16927,BE,612.0,27.66,16927.0
2024-02-16,112.0,112.0,106.5,109.6,23498,BE,410.0,57.31,23498.0
2024-02-19,110.0,114.5,110.0,113.05,17659,BE,592.0,29.83,17659.0
2024-02-20,114.5,116.0,111.1,112.6,7579,BE,440.0,17.23,7579.0
2024-02-21,114.5,114.5,110.5,111.35,4894,BE,343.0,14.27,4894.0
2024-02-22,111.35,113.9,108.1,110.4,9273,BE,386.0,24.02,9273.0
2024-02-23,112.7,112.7,106.0,110.1,10873,BE,510.0,21.32,10873.0
2024-02-26,110.7,111.9,107.2,108.7,5379,BE,447.0,12.03,5379.0
2024-02-27,111.1,111.1,106.0,106.75,8689,BE,513.0,16.94,8689.0
2024-02-28,108.0,108.0,103.5,104.1,13794,BE,695.0,19.85,13794.0
2024-02-29,102.5,105.0,100.0,103.7,7327,BE,455.0,16.1,7327.0
2024-03-01,102.6,108.85,102.6,108.85,12247,BE,475.0,25.78,12247.0
2024-03-02,111.0,114.3,109.6,114.2,16277,BE,612.0,26.6,16277.0
2024-03-04,119.0,119.0,109.2,110.05,14505,BE,1077.0,13.47,14505.0
2024-03-05,107.2,112.0,106.0,108.15,9848,BE,528.0,18.65,9848.0
2024-03-06,105.1,110.0,103.5,106.55,15284,BE,536.0,28.51,15284.0
2024-03-07,106.55,110.5,104.5,108.6,10463,BE,451.0,23.2,10463.0
2024-03-11,108.6,111.9,103.15,103.95,14639,BE,644.0,22.73,14639.0
2024-03-12,103.95,107.0,98.75,98.95,29926,BE,954.0,31.37,29926.0
2024-03-13,97.5,101.5,94.0,94.0,16164,BE,685.0,23.6,16164.0
2024-03-14,89.3,98.7,89.3,98.7,24471,BE,702.0,34.86,24471.0
2024-03-15,100.1,103.0,95.8,99.2,6780,BE,490.0,13.84,6780.0
2024-03-18,95.4,101.0,94.5,95.65,12013,BE,703.0,17.09,12013.0
2024-03-19,98.8,100.0,95.0,95.65,9719,BE,417.0,23.31,9719.0
2024-03-20,95.65,99.5,95.2,98.95,27932,BE,512.0,54.55,27932.0
2024-03-21,98.9,99.9,95.0,97.55,14897,BE,480.0,31.04,14897.0
2024-03-22,102.0,102.0,95.6,100.05,23978,BE,386.0,62.12,23978.0
2024-03-26,96.55,101.5,95.5,97.85,9618,BE,553.0,17.39,9618.0
2024-03-27,98.75,98.75,95.0,95.5,9933,BE,614.0,16.18,9933.0
2024-03-28,97.4,98.0,95.0,96.05,13418,BE,535.0,25.08,13418.0
2024-04-01,96.05,100.85,96.05,100.85,10990,BE,417.0,26.35,10990.0
2024-04-02,101.95,105.9,101.95,103.65,15870,BE,649.0,24.45,15870.0
2024-04-03,103.6,105.85,101.6,105.55,9874,BE,484.0,20.4,9874.0
2024-04-04,108.2,110.8,108.2,110.8,16462,BE,410.0,40.15,16462.0
2024-04-05,113.0,116.3,111.5,114.6,19401,BE,789.0,24.59,19401.0
2024-04-08,116.0,118.0,110.0,112.8,18761,BE,844.0,22.23,18761.0
2024-04-09,109.1,115.0,107.2,109.2,12785,BE,661.0,19.34,12785.0
2024-04-10,111.5,114.0,104.0,113.4,14843,BE,635.0,23.37,14843.0
2024-04-12,119.1,119.1,109.0,109.95,24379,BE,839.0,29.06,24379.0
2024-04-15,106.95,109.9,104.45,108.15,11031,BE,489.0,22.56,11031.0
2024-04-16,110.0,110.5,105.0,107.5,13059,BE,427.0,30.58,13059.0
2024-04-18,110.4,111.4,107.0,107.5,7298,BE,344.0,21.22,7298.0
2024-04-19,109.4,110.9,103.0,106.3,6798,BE,323.0,21.05,6798.0
2024-04-22,106.3,109.9,103.0,103.85,10431,BE,570.0,18.3,10431.0
2024-04-23,103.85,108.0,101.45,104.45,29754,BE,934.0,31.86,29754.0
2024-04-24,106.8,106.8,101.1,105.6,14609,BE,458.0,31.9,14609.0
2024-04-25,103.45,110.5,102.1,109.4,21149,BE,686.0,30.83,21149.0
2024-04-26,110.0,110.6,106.0,108.25,12491,BE,644.0,19.4,12491.0
2024-04-29,108.1,113.65,108.1,113.65,29663,BE,907.0,32.7,29663.0
2024-04-30,115.9,119.3,115.2,119.3,43012,BE,1010.0,42.59,43012.0
2024-05-02,125.3,125.3,125.3,125.3,26766,BE,450.0,59.48,26766.0
2024-05-03,131.55,131.55,120.1,126.8,57510,BE,1637.0,35.13,57510.0
2024-05-06,133.0,133.15,120.9,133.15,47248,BE,1384.0,34.14,47248.0
2024-05-07,136.9,139.8,133.2,139.7,79767,BE,1965.0,40.59,79767.0
2024-05-08,135.0,138.5,132.75,132.75,22376,BE,955.0,23.43,22376.0
2024-05-09,130.0,137.0,126.1,126.1,27011,BE,1008.0,26.8,27011.0
2024-05-10,121.6,124.0,119.8,120.8,17332,BE,909.0,19.07,17332.0
2024-05-13,120.0,122.95,114.75,121.0,17938,BE,589.0,30.46,17938.0
2024-05-14,123.0,124.9,121.1,123.4,8569,BE,417.0,20.55,8569.0
2024-05-15,126.1,129.5,122.2,126.25,18079,BE,576.0,31.39,18079.0
2024-05-16,126.25,130.0,125.0,126.3,8980,BE,342.0,26.26,8980.0
2024-05-17,129.5,129.5,124.4,125.9,9137,BE,307.0,29.76,9137.0
2024-05-18,128.9,128.9,122.5,125.6,2416,BE,127.0,19.02,2416.0
2024-05-21,125.6,127.5,123.0,124.4,7597,BE,323.0,23.52,7597.0
2024-05-22,126.8,126.8,119.1,120.95,12090,BE,603.0,20.05,12090.0
2024-05-23,123.4,123.4,118.0,121.35,13948,BE,635.0,21.97,13948.0
2024-05-24,124.4,124.4,119.0,120.3,4877,BE,274.0,17.8,4877.0
2024-05-27,123.9,123.9,114.3,116.45,12286,BE,423.0,29.04,12286.0
2024-05-28,114.3,118.5,111.1,112.85,14123,BE,663.0,21.3,14123.0
2024-05-29,113.0,118.5,108.2,117.4,9322,BE,414.0,22.52,9322.0
2024-05-30,117.2,123.25,115.0,122.8,21095,BE,649.0,32.5,21095.0
2024-05-31,122.2,122.3,116.65,117.3,31640,BE,1173.0,26.97,31640.0
2024-06-03,117.3,123.15,111.45,121.0,48234,BE,941.0,51.26,48234.0
2024-06-04,119.0,119.0,114.95,114.95,16516,BE,626.0,26.38,16516.0
2024-06-05,109.25,120.7,109.2,120.7,35501,BE,1004.0,35.36,35501.0
2024-06-06,120.0,126.75,115.3,125.95,24359,BE,784.0,31.07,24359.0
2024-06-07,126.0,127.5,120.6,126.7,15343,BE,626.0,24.51,15343.0
2024-06-10,129.5,129.8,126.9,127.1,7566,BE,408.0,18.54,7566.0
2024-06-11,128.8,128.8,122.6,124.0,7902,BE,368.0,21.47,7902.0
2024-06-12,127.0,127.0,120.6,121.3,11742,BE,477.0,24.62,11742.0
2024-06-13,121.3,127.4,120.0,127.4,24581,BE,666.0,36.91,24581.0
2024-06-14,126.9,133.75,126.9,133.75,20333,BE,684.0,29.73,20333.0
2024-06-18,136.9,138.0,129.0,130.4,15893,BE,858.0,18.52,15893.0
2024-06-19,132.9,133.5,129.0,132.05,16447,BE,533.0,30.86,16447.0
2024-06-20,132.0,138.65,130.5,138.65,22424,BE,808.0,27.75,22424.0
2024-06-21,145.6,145.6,145.0,145.6,15641,BE,363.0,43.09,15641.0
2024-06-24,152.85,152.85,152.85,152.85,3099,BE,127.0,24.4,3099.0
2024-06-25,160.5,160.5,154.0,160.5,82180,BE,1518.0,54.14,82180.0
2024-06-26,158.0,167.9,152.45,165.05,84857,BE,1654.0,51.3,84857.0
2024-06-27,163.8,164.9,156.8,156.8,40304,BE,1673.0,24.09,40304.0
2024-06-28,151.25,164.65,151.2,163.85,30061,BE,1218.0,24.68,30061.0
2024-07-01,172.05,172.05,165.0,165.55,20741,BE,989.0,20.97,20741.0
2024-07-02,170.0,173.85,158.15,172.25,37360,BE,1227.0,30.45,37360.0
2024-07-03,165.05,171.9,165.05,167.15,22192,BE,1084.0,20.47,22192.0
2024-07-04,170.4,175.5,169.0,175.5,26060,BE,958.0,27.2,26060.0
2024-07-05,178.0,184.3,176.0,184.3,27327,BE,1163.0,23.5,27327.0
2024-07-08,183.0,193.5,175.05,193.3,48219,BE,1906.0,25.3,48219.0
2024-07-09,193.6,202.95,193.3,202.95,29007,BE,1239.0,23.41,29007.0
2024-07-10,212.4,213.1,204.5,213.1,53438,BE,2397.0,22.29,53438.0
2024-07-11,219.5,223.75,215.0,223.75,35316,BE,1620.0,21.8,35316.0
2024-07-12,223.5,225.0,212.55,221.45,36069,BE,2193.0,16.45,36069.0
2024-07-15,221.3,221.3,210.4,210.4,30264,BE,1852.0,16.34,30264.0
2024-07-16,200.6,205.0,199.85,199.85,18160,BE,1452.0,12.51,18160.0
2024-07-18,195.0,195.0,189.9,189.9,12251,BE,1014.0,12.08,12251.0
2024-07-19,180.55,199.35,180.4,199.35,41535,BE,2229.0,18.63,41535.0
2024-07-22,204.8,205.0,191.1,204.25,18290,BE,1256.0,14.56,18290.0
2024-07-23,201.0,214.45,194.1,214.45,29631,BE,1757.0,16.86,29631.0
2024-07-24,212.0,225.2,211.9,225.2,28356,BE,1237.0,22.92,28356.0
2024-07-25,230.0,236.45,217.5,233.55,43056,BE,2321.0,18.55,43056.0
2024-07-26,239.9,244.25,227.1,230.05,20642,BE,1544.0,13.37,20642.0
2024-07-29,230.9,236.0,218.55,224.25,44657,BE,1891.0,23.62,44657.0
2024-07-30,224.5,224.5,213.5,215.65,18344,BE,1789.0,10.25,18344.0
2024-07-31,206.6,216.0,204.9,204.9,45323,BE,2189.0,20.7,45323.0
2024-08-01,194.65,194.65,194.65,194.65,39718,BE,1412.0,28.13,39718.0
2024-08-02,186.5,204.4,186.45,204.35,83430,BE,1949.0,42.81,83430.0
2024-08-05,195.5,201.6,194.1,197.65,48886,BE,2431.0,20.11,48886.0
2024-08-06,193.7,202.4,190.0,198.75,29508,BE,1389.0,21.24,29508.0
2024-08-07,205.0,208.6,198.5,202.75,40846,BE,1178.0,34.67,40846.0
2024-08-08,201.8,212.9,201.8,212.9,74816,BE,1249.0,59.9,74816.0
2024-08-09,218.0,223.5,213.5,223.5,79160,BE,1568.0,50.48,79160.0
2024-08-12,234.7,234.7,234.7,234.7,6610,BE,290.0,22.79,6610.0
2024-08-13,246.45,246.45,246.45,246.45,7061,BE,342.0,20.65,7061.0
2024-08-14,258.75,258.75,237.0,249.95,144374,BE,4413.0,32.72,144374.0
2024-08-16,248.5,256.0,237.45,239.95,77751,BE,3670.0,21.19,77751.0
2024-08-19,235.0,251.95,230.0,251.95,76580,BE,1957.0,39.13,76580.0
2024-08-20,257.0,264.55,256.5,264.55,33235,BE,1270.0,26.17,33235.0
2024-08-21,273.0,275.0,255.6,268.55,50120,BE,2731.0,18.35,50120.0
2024-08-22,274.1,274.1,255.15,255.4,47094,BE,3362.0,14.01,47094.0
2024-08-23,255.0,260.0,249.8,253.7,23465,BE,1740.0,13.49,23465.0
2024-08-26,256.0,266.4,254.8,266.0,46448,BE,2705.0,17.17,46448.0
2024-08-27,264.1,268.0,261.0,264.75,17991,BE,1506.0,11.95,17991.0
2024-08-28,268.0,268.0,260.6,261.45,15808,BE,1341.0,11.79,15808.0
2024-08-29,264.0,273.9,255.0,260.4,26231,BE,1433.0,18.3,26231.0
2024-08-30,265.6,268.9,258.0,260.7,32592,BE,1124.0,29.0,32592.0
2024-09-02,265.0,272.5,256.0,269.05,40894,BE,1576.0,25.95,40894.0
2024-09-03,269.05,282.5,267.6,282.5,36445,BE,1436.0,25.38,36445.0
2024-09-04,288.8,295.0,282.5,285.15,37039,BE,2623.0,14.12,37039.0
2024-09-05,290.0,294.0,275.0,282.7,32417,BE,1847.0,17.55,32417.0
2024-09-06,282.7,287.8,274.9,276.7,19868,BE,2705.0,7.34,19868.0
2024-09-09,277.0,277.2,262.85,273.65,24131,BE,1864.0,12.95,24131.0
2024-09-10,273.65,274.5,265.0,268.05,17812,BE,2080.0,8.56,17812.0
2024-09-11,267.8,271.0,264.5,266.15,14407,BE,1802.0,8.0,14407.0
2024-09-12,265.0,278.0,265.0,275.6,20088,BE,2121.0,9.47,20088.0
2024-09-13,275.6,280.0,271.0,273.5,19656,BE,2138.0,9.19,19656.0
2024-09-16,278.9,278.9,260.2,263.9,28383,BE,2670.0,10.63,28383.0
2024-09-17,263.8,263.8,255.1,258.65,17526,BE,2464.0,7.11,17526.0
2024-09-18,257.8,264.9,250.5,257.85,17795,BE,1822.0,9.77,17795.0
2024-09-19,258.0,264.0,247.0,248.0,29036,BE,2823.0,10.29,29036.0
2024-09-20,248.0,252.0,248.0,249.45,31293,BE,1609.0,19.45,31293.0
2024-09-23,250.0,261.95,249.85,261.95,91954,BE,2487.0,36.97,91954.0
2024-09-24,261.95,271.0,261.5,263.65,53587,BE,2196.0,24.4,53587.0
2024-09-25,265.0,268.9,250.45,253.3,58485,BE,2339.0,25.0,58485.0
2024-09-26,256.6,259.85,241.5,255.3,36660,BE,2235.0,16.4,36660.0
2024-09-27,255.3,259.0,250.7,257.25,26884,BE,1434.0,18.75,26884.0
2024-09-30,257.25,270.1,251.0,269.45,30734,BE,2055.0,14.96,30734.0
2024-10-01,269.45,269.9,265.0,267.55,18060,BE,1363.0,13.25,18060.0
2024-10-03,267.4,274.0,260.1,266.9,29409,BE,2355.0,12.49,29409.0
2024-10-04,267.8,274.0,264.5,270.7,31733,BE,1933.0,16.42,31733.0
2024-10-07,272.5,281.3,262.5,279.85,100040,BE,3411.0,29.33,100040.0
2024-10-08,289.5,293.2,271.6,286.35,36908,BE,2010.0,18.36,36908.0
2024-10-09,290.0,295.0,280.6,292.5,22820,BE,1788.0,12.76,22820.0
2024-10-10,292.5,307.15,292.5,304.15,40224,BE,3156.0,12.75,40224.0
2024-10-11,304.0,314.3,297.0,303.7,22500,BE,2492.0,9.03,22500.0
2024-10-14,303.7,310.0,300.1,301.75,21593,BE,2079.0,10.39,21593.0
2024-10-15,307.8,316.85,290.1,316.0,47051,BE,2584.0,18.21,47051.0
2024-10-16,315.5,327.3,308.0,318.95,22409,BE,2248.0,9.97,22409.0
2024-10-17,324.9,325.1,303.0,303.0,23428,BE,2101.0,11.15,23428.0
2024-10-18,307.9,318.15,290.1,318.15,28954,BE,1956.0,14.8,28954.0
2024-10-21,322.0,334.05,315.15,332.6,60607,BE,2830.0,21.42,60607.0
2024-10-22,327.9,348.0,316.0,339.5,112650,BE,5296.0,21.27,112650.0
2024-10-23,342.9,347.4,330.0,344.45,59552,BE,3338.0,17.84,59552.0
2024-10-24,359.9,361.65,345.0,358.7,92196,BE,5258.0,17.53,92196.0
2024-10-25,365.0,368.5,341.0,348.7,71816,BE,5585.0,12.86,71816.0
2024-10-28,365.5,365.5,331.25,348.05,73324,BE,6208.0,11.81,73324.0
2024-10-29,348.05,348.05,331.0,336.85,30514,BE,3593.0,8.49,30514.0
2024-10-30,335.5,341.0,331.5,335.35,29051,BE,2454.0,11.84,29051.0
2024-10-31,342.0,342.0,325.0,335.85,19817,BE,2640.0,7.51,19817.0
2024-11-01,340.8,342.0,337.0,339.35,7163,BE,1482.0,4.83,7163.0
2024-11-04,348.4,348.5,335.85,345.75,15754,BE,2663.0,5.92,15754.0
2024-11-05,345.7,350.0,341.1,348.35,20384,BE,1968.0,10.36,20384.0
2024-11-06,346.0,353.0,332.0,348.65,43345,BE,2993.0,14.48,43345.0
2024-11-07,343.65,348.4,332.1,337.3,22181,BE,2650.0,8.37,22181.0
2024-11-08,337.6,340.0,326.1,334.7,18307,BE,2835.0,6.46,18307.0
2024-11-11,337.9,340.0,326.65,331.85,26550,BE,2297.0,11.56,26550.0
2024-11-12,338.7,338.7,318.0,323.6,13630,BE,2105.0,6.48,13630.0
2024-11-13,323.6,323.6,307.7,310.2,36252,BE,2902.0,12.49,36252.0
2024-11-14,325.7,325.7,317.9,325.7,43598,BE,2006.0,21.73,43598.0
2024-11-18,337.9,342.0,333.85,342.0,9558,BE,671.0,14.24,9558.0
2024-11-19,359.1,359.1,359.1,359.1,23056,BE,858.0,26.87,23056.0
2024-11-21,377.05,377.05,366.25,377.05,57406,BE,3609.0,15.91,57406.0
2024-11-22,395.9,395.9,385.0,395.85,80317,BE,4175.0,19.24,80317.0
2024-11-25,393.0,415.65,388.0,414.05,58319,BE,4531.0,12.87,58319.0
2024-11-26,424.5,424.5,393.35,393.35,45031,BE,4230.0,10.65,45031.0
2024-11-27,393.3,393.3,373.7,373.7,44163,BE,4231.0,10.44,44163.0
2024-11-28,369.0,392.35,361.15,381.1,65234,BE,4939.0,13.21,65234.0
2024-11-29,382.05,398.8,375.2,385.45,37593,BE,3672.0,10.24,37593.0
2024-12-02,392.4,403.0,374.2,381.25,54337,BE,6510.0,8.35,54337.0
2024-12-03,397.4,400.3,385.0,400.3,36126,BE,3144.0,11.49,36126.0
2024-12-04,410.0,420.35,410.0,420.35,37500,BE,2405.0,15.59,37500.0
2024-12-05,438.8,441.35,427.1,432.85,79313,BE,7503.0,10.57,79313.0
2024-12-06,444.0,444.0,411.2,412.65,61715,BE,7463.0,8.27,61715.0
2024-12-09,425.0,429.0,410.0,425.95,56634,BE,7057.0,8.03,56634.0
2024-12-10,429.9,442.9,428.0,438.2,64629,BE,7416.0,8.71,64629.0
2024-12-11,447.0,456.0,440.0,450.8,47269,BE,6143.0,7.69,47269.0
2024-12-12,462.0,467.5,429.8,432.35,68464,BE,9149.0,7.48,68464.0
2024-12-13,434.8,445.0,420.0,443.15,52145,BE,7341.0,7.1,52145.0
2024-12-16,465.3,465.3,465.3,465.3,40887,BE,449.0,91.06,40887.0
2024-12-17,488.55,488.55,487.0,488.55,444092,BE,6876.0,64.59,444092.0
2024-12-18,485.0,485.0,464.15,464.15,414402,BE,8903.0,46.55,414402.0
2024-12-19,440.95,440.95,440.95,440.95,97396,BE,4199.0,23.2,97396.0
2024-12-20,418.9,418.9,418.9,418.9,163142,BE,4484.0,36.38,163142.0
2024-12-23,398.5,439.7,398.5,407.9,644121,BE,12572.0,51.23,644121.0
2024-12-24,393.15,420.0,387.5,413.4,806666,BE,11979.0,67.34,806666.0
2024-12-26,410.0,434.05,401.0,423.55,570596,BE,10524.0,54.22,570596.0
2024-12-27,423.55,428.0,403.0,412.5,433090,BE,9298.0,46.58,433090.0
2024-12-30,412.5,415.0,393.0,398.05,316136,BE,9290.0,34.03,316136.0
2024-12-31,393.1,398.0,385.0,391.6,310719,BE,6410.0,48.47,310719.0
2025-01-01,393.9,394.8,385.6,391.45,162893,BE,4075.0,39.97,162893.0
2025-01-02,393.7,397.8,387.0,390.25,376003,BE,7516.0,50.03,376003.0
2025-01-03,393.95,395.0,388.1,390.3,334738,BE,5361.0,62.44,334738.0
2025-01-06,392.95,393.0,370.8,371.15,503623,BE,11406.0,44.15,503623.0
2025-01-07,360.15,389.7,360.15,389.65,405932,BE,6881.0,58.99,405932.0
2025-01-08,394.65,397.0,370.2,394.45,491448,BE,7758.0,63.35,491448.0
2025-01-09,385.0,400.0,374.75,385.9,428697,BE,8706.0,49.24,428697.0
2025-01-10,378.05,379.45,366.6,366.6,458844,BE,11938.0,38.44,458844.0
2025-01-13,351.0,362.0,348.3,348.3,542439,BE,10657.0,50.9,542439.0
2025-01-14,335.55,365.0,330.9,362.9,730889,BE,13229.0,55.25,730889.0
2025-01-15,359.85,380.1,344.75,377.8,419415,BE,7914.0,53.0,419415.0
2025-01-16,378.9,389.7,374.9,379.7,209280,BE,4094.0,51.12,209280.0
2025-01-17,378.95,379.0,365.2,367.25,133618,BE,3565.0,37.48,133618.0
2025-01-20,367.25,371.0,352.0,365.85,145429,BE,3414.0,42.6,145429.0
2025-01-21,363.9,364.9,347.55,347.55,185517,BE,4172.0,44.47,185517.0
2025-01-22,350.0,360.0,330.2,355.75,358534,BE,5710.0,62.79,358534.0
2025-01-23,354.9,368.0,341.7,353.7,187484,BE,3620.0,51.79,187484.0
2025-01-24,353.95,355.75,336.05,336.3,305269,BE,4959.0,61.56,305269.0
2025-01-27,321.45,327.65,319.5,319.5,360380,EQ,3746.0,96.2,218064.0
2025-01-28,309.0,313.15,303.55,303.55,687671,EQ,4790.0,143.56,416203.0
2025-01-29,292.0,318.7,292.0,318.7,535957,EQ,8321.0,64.41,266200.0
2025-01-30,330.4,334.6,315.1,321.0,920194,EQ,8904.0,103.35,318259.0
2025-01-31,324.75,337.05,322.3,336.85,1211528,EQ,5838.0,207.52,890997.0
2025-02-01,353.6,353.65,321.75,331.5,891204,EQ,9197.0,96.9,497994.0
2025-02-03,335.2,348.05,335.15,348.05,294122,EQ,2351.0,125.11,215167.0
2025-02-04,365.45,365.45,365.45,365.45,52347,EQ,581.0,90.1,52347.0
2025-02-05,383.7,383.7,383.7,383.7,68794,EQ,730.0,94.24,68794.0
2025-02-06,380.0,402.85,367.0,389.9,1455127,EQ,22971.0,63.35,732549.0
2025-02-07,394.8,394.8,374.1,378.0,343812,EQ,12642.0,27.2,175805.0
2025-02-10,376.95,377.0,359.1,359.55,276279,BE,7045.0,39.22,276279.0
2025-02-11,358.4,358.4,341.6,341.6,222527,BE,4831.0,46.06,222527.0
2025-02-12,348.0,358.65,325.25,358.65,391335,BE,5483.0,71.37,391335.0
2025-02-13,372.5,376.55,368.5,376.55,552401,BE,3727.0,148.22,552401.0
2025-02-14,375.0,388.7,358.0,366.75,413089,BE,5329.0,77.52,413089.0
2025-02-17,374.0,383.0,361.0,368.75,278009,BE,3138.0,88.59,278009.0
2025-02-18,369.8,369.8,350.35,350.35,214377,BE,4943.0,43.37,214377.0
2025-02-19,340.0,349.8,332.85,337.7,347577,BE,7925.0,43.86,347577.0
2025-02-20,321.5,353.95,321.5,351.1,245295,BE,3293.0,74.49,245295.0
2025-02-21,345.2,355.0,340.5,345.3,172810,BE,2802.0,61.67,172810.0
2025-02-24,340.05,352.5,331.65,342.8,228637,BE,2461.0,92.9,228637.0
2025-02-25,342.8,352.5,333.0,335.3,93745,BE,1927.0,48.65,93745.0
2025-02-27,335.35,341.35,323.05,334.85,167648,BE,7007.0,23.93,167648.0
2025-02-28,325.25,329.95,318.1,318.1,230781,BE,4619.0,49.96,230781.0
2025-03-03,308.3,334.0,302.2,334.0,448284,BE,4692.0,95.54,448284.0
2025-03-04,317.3,349.9,317.3,346.25,360404,BE,5125.0,70.32,360404.0
2025-03-05,344.1,363.55,340.15,358.3,251497,BE,4418.0,56.93,251497.0
2025-03-06,367.9,376.2,361.0,376.2,305095,BE,4850.0,62.91,305095.0
2025-03-07,378.0,385.5,370.0,376.2,226828,BE,4654.0,48.74,226828.0
2025-03-10,378.6,384.0,357.4,359.9,224412,BE,6040.0,37.15,224412.0
2025-03-11,345.15,369.0,342.05,350.2,238013,BE,6521.0,36.5,238013.0
2025-03-12,351.55,360.0,340.1,344.15,166435,BE,5147.0,32.34,166435.0
2025-03-13,344.9,354.85,331.0,335.65,282468,BE,5811.0,48.61,282468.0
2025-03-17,337.25,347.5,318.9,319.45,323930,BE,7956.0,40.72,323930.0
2025-03-18,325.0,335.4,325.0,335.4,227840,BE,3023.0,75.37,227840.0
2025-03-19,332.1,347.0,331.05,334.15,287419,BE,3572.0,80.46,287419.0
2025-03-20,335.8,338.9,323.0,324.9,248975,BE,5542.0,44.93,248975.0
2025-03-21,320.0,336.0,319.0,334.95,475128,BE,5521.0,86.06,475128.0
2025-03-24,335.0,346.0,331.0,334.35,214825,BE,3616.0,59.41,214825.0
2025-03-25,338.8,338.8,320.5,323.2,221070,BE,3683.0,60.02,221070.0
2025-03-26,320.1,329.8,313.0,316.4,270779,BE,4733.0,57.21,270779.0
2025-03-27,316.3,324.65,310.0,312.2,293515,BE,4949.0,59.31,293515.0
2025-03-28,318.85,327.75,315.0,321.55,260793,BE,4411.0,59.12,260793.0
2025-04-01,319.0,330.0,315.0,326.05,276299,BE,4326.0,63.87,276299.0
2025-04-02,329.95,338.9,325.0,335.35,256176,BE,2796.0,91.62,256176.0
2025-04-03,328.0,349.95,322.0,344.8,317528,BE,4963.0,63.98,317528.0
2025-04-04,340.0,340.0,327.6,327.6,243445,BE,5229.0,46.56,243445.0
2025-04-07,311.25,311.25,311.25,311.25,67503,BE,1707.0,39.54,67503.0
2025-04-08,297.0,321.0,297.0,306.8,444394,BE,7993.0,55.6,444394.0
2025-04-09,303.0,316.0,297.9,304.75,232987,BE,4027.0,57.86,232987.0
2025-04-11,318.5,319.95,302.0,319.95,198118,BE,2446.0,81.0,198118.0
2025-04-15,335.9,335.9,335.9,335.9,84869,EQ,430.0,197.37,84869.0
2025-04-16,352.65,352.65,327.05,334.3,1104500,EQ,13371.0,82.6,673419.0
2025-04-17,333.0,351.0,328.55,351.0,2224732,EQ,8025.0,277.23,1008163.0
2025-04-21,359.5,366.8,333.45,333.45,1344237,EQ,17058.0,78.8,871048.0
2025-04-22,339.0,350.1,333.45,349.35,401129,BE,4747.0,84.5,401129.0
2025-04-23,346.0,346.45,331.9,337.05,399464,BE,6363.0,62.78,399464.0
2025-04-24,334.95,334.95,321.9,323.25,356489,BE,6459.0,55.19,356489.0
2025-04-25,323.25,327.7,307.1,315.3,568418,BE,8723.0,65.16,568418.0
2025-04-28,311.1,319.9,305.5,309.3,257883,EQ,7015.0,36.76,173653.0
2025-04-29,306.25,313.85,301.0,312.0,329476,EQ,6765.0,48.7,207780.0
2025-04-30,315.95,315.95,303.0,311.7,289544,EQ,6485.0,44.65,202817.0
2025-05-02,311.95,314.8,300.0,302.9,272839,EQ,7206.0,37.86,195565.0
2025-05-05,302.0,315.0,287.75,302.65,1010302,EQ,14880.0,67.9,508222.0
2025-05-06,299.1,308.0,290.0,298.65,594935,EQ,10658.0,55.82,390202.0
2025-05-07,290.0,310.85,286.15,302.75,508818,EQ,9527.0,53.41,342748.0
2025-05-08,308.95,314.0,294.0,297.3,225957,EQ,4945.0,45.69,135516.0
2025-05-09,285.5,293.9,285.5,289.5,324919,EQ,7053.0,46.07,181016.0
2025-05-12,299.95,303.95,298.75,303.95,365286,EQ,2674.0,136.61,217248.0
2025-05-13,314.0,319.1,304.95,319.1,428610,EQ,6582.0,65.12,286403.0
2025-05-14,315.0,335.05,313.0,335.05,1103653,EQ,8021.0,137.6,583629.0
2025-05-15,336.95,351.8,332.15,338.8,1178678,EQ,11565.0,101.92,558713.0
2025-05-16,338.8,346.0,337.0,338.7,376473,EQ,8019.0,46.95,224439.0
2025-05-19,341.7,352.8,330.05,342.35,365597,EQ,9650.0,37.89,200561.0
2025-05-20,343.1,345.9,336.05,340.65,215330,EQ,5246.0,41.05,124343.0
2025-05-21,336.3,349.0,336.3,344.15,253867,EQ,6059.0,41.9,167573.0
2025-05-22,340.35,344.5,339.25,340.6,140339,EQ,3611.0,38.86,93803.0
2025-05-23,338.35,357.6,338.35,355.45,1131099,EQ,10199.0,110.9,502526.0
2025-05-26,358.0,373.2,356.1,370.05,1116374,EQ,11549.0,96.66,503760.0
2025-05-27,373.0,375.25,352.75,365.15,1012490,EQ,16536.0,61.23,366098.0
2025-05-28,372.0,383.4,367.2,374.45,1352971,EQ,22812.0,59.31,734927.0
2025-05-29,379.7,393.15,368.3,392.3,1489896,EQ,23016.0,64.73,859129.0
2025-05-30,400.0,400.95,385.55,393.6,881839,EQ,16451.0,53.6,601930.0
2025-06-02,393.0,399.5,383.0,393.45,499530,BE,5207.0,95.93,499530.0
2025-06-03,399.95,400.0,380.1,385.5,344954,BE,7431.0,46.42,344954.0
2025-06-04,385.0,388.0,379.1,381.35,372514,BE,3707.0,100.49,372514.0
2025-06-05,383.0,384.0,367.1,381.0,471528,BE,6850.0,68.84,471528.0
2025-06-06,380.0,380.75,370.0,377.4,351348,BE,4384.0,80.14,351348.0
2025-06-09,380.05,380.1,366.0,368.55,489080,EQ,19331.0,25.3,376074.0
2025-06-10,370.0,375.0,360.45,371.0,470798,EQ,10085.0,46.68,311802.0
2025-06-11,372.0,389.55,368.0,372.95,736385,EQ,17627.0,41.78,413295.0
2025-06-12,374.85,377.75,366.1,370.15,351660,EQ,7739.0,45.44,237336.0
2025-06-13,363.7,388.6,353.5,385.25,1049162,EQ,22701.0,46.22,683884.0
2025-06-16,386.0,396.0,376.0,380.3,421956,EQ,18389.0,22.95,222123.0
2025-06-17,384.85,384.85,361.3,362.35,644419,EQ,20462.0,31.49,476131.0
2025-06-18,358.0,358.0,344.25,344.25,18288277,EQ,13345.0,1370.42,9418635.0
2025-06-19,327.05,337.7,327.05,327.05,5248932,EQ,15281.0,343.49,2367071.0
2025-06-20,324.0,324.0,313.85,318.05,2956569,EQ,37312.0,79.24,1884863.0
2025-06-23,313.05,317.7,307.8,309.95,1107765,EQ,18830.0,58.83,701641.0
2025-06-24,317.0,323.2,313.15,314.75,848225,EQ,11519.0,73.64,503074.0
2025-06-25,315.25,327.25,314.1,325.3,1163845,EQ,13280.0,87.64,746770.0
2025-06-26,330.9,334.7,323.4,327.3,1565144,EQ,14550.0,107.57,1088618.0
2025-06-27,335.0,335.2,321.2,323.55,1380465,EQ,17270.0,79.93,732469.0
2025-06-30,326.65,326.65,312.0,314.1,841025,EQ,13984.0,60.14,555952.0
2025-07-01,316.0,318.75,312.25,313.65,456505,EQ,8376.0,54.5,280155.0
2025-07-02,313.65,319.6,312.5,313.95,502796,EQ,7962.0,63.15,262837.0
2025-07-03,315.95,316.4,309.0,311.7,641132,EQ,9415.0,68.1,474230.0
2025-07-04,314.0,320.7,311.1,317.3,710861,EQ,10319.0,68.89,416197.0
2025-07-07,319.0,329.4,315.75,326.65,983364,EQ,12010.0,81.88,521414.0
2025-07-08,329.0,329.8,313.95,318.25,569183,EQ,11762.0,48.39,318412.0
2025-07-09,320.85,323.65,314.5,316.45,403109,EQ,7708.0,52.3,213682.0
2025-07-10,317.7,324.5,315.45,322.95,326564,EQ,6170.0,52.93,197157.0
2025-07-11,323.0,323.0,316.0,316.9,276178,EQ,5398.0,51.16,173682.0
2025-07-14,318.65,324.9,315.0,323.45,426264,EQ,6014.0,70.88,269722.0
2025-07-15,324.0,329.25,320.35,326.0,728341,EQ,10298.0,70.73,456561.0
2025-07-16,325.95,328.4,317.2,319.75,433394,EQ,6982.0,62.07,277812.0
2025-07-17,322.6,335.0,322.55,329.7,1219404,EQ,12189.0,100.04,730654.0
2025-07-18,332.0,336.0,324.0,326.9,597376,EQ,9186.0,65.03,328297.0
2025-07-21,331.95,342.0,324.5,338.1,1423478,EQ,18164.0,78.37,837879.0
2025-07-22,343.0,346.8,336.0,341.1,1758191,EQ,17790.0,98.83,1040396.0
2025-07-23,341.0,342.5,324.05,324.05,2789932,EQ,27831.0,100.25,1334409.0
2025-07-24,307.85,314.85,307.85,307.85,2597682,EQ,8715.0,298.07,1102759.0
2025-07-25,292.45,306.8,292.45,301.8,5415961,EQ,38652.0,140.12,2477117.0
2025-07-28,302.9,314.0,300.35,305.7,1408382,EQ,16926.0,83.21,613459.0
2025-07-29,305.7,305.75,297.5,303.0,905872,EQ,11443.0,79.16,548016.0
2025-07-30,305.0,305.0,293.95,295.1,1291123,EQ,14189.0,90.99,700246.0
2025-07-31,289.95,294.45,285.1,288.85,895147,EQ,12676.0,70.62,420841.0
2025-08-01,289.85,290.55,274.4,274.4,1231277,EQ,16831.0,73.16,946690.0
2025-08-04,260.7,275.3,260.7,272.4,3784456,EQ,24549.0,154.16,1868493.0
2025-08-05,275.0,276.85,258.8,258.8,1379435,EQ,19204.0,71.83,894307.0
2025-08-06,246.05,271.7,246.05,271.7,2672279,EQ,24949.0,107.11,1190070.0
2025-08-07,285.0,287.95,266.4,284.5,3170070,EQ,38565.0,82.2,1387004.0
2025-08-08,285.0,288.7,272.9,275.7,1623668,EQ,20875.0,77.78,777552.0
2025-08-11,275.0,275.7,265.1,268.4,843564,EQ,13972.0,60.38,330963.0
2025-08-12,269.35,275.9,268.4,273.3,425394,EQ,8460.0,50.28,204655.0
2025-08-13,275.8,276.8,266.7,268.5,700516,EQ,9085.0,77.11,389802.0
2025-08-14,268.5,277.85,267.15,273.15,763499,EQ,10760.0,70.96,284677.0
2025-08-18,277.65,281.0,272.0,277.05,495213,EQ,8858.0,55.91,226448.0
2025-08-19,278.0,279.55,273.65,275.75,536616,EQ,7613.0,70.49,318574.0
2025-08-20,277.0,320.85,275.25,313.5,3705446,EQ,41435.0,89.43,1611975.0
2025-08-21,318.5,318.5,306.35,312.9,1362666,EQ,20212.0,67.42,685084.0
2025-08-22,312.55,312.55,300.0,304.95,713763,EQ,14732.0,48.45,375119.0
2025-08-25,309.5,311.05,305.0,308.6,622562,EQ,10868.0,57.28,349686.0
2025-08-26,305.5,310.0,300.3,304.8,694596,EQ,10285.0,67.53,341723.0
2025-08-28,303.5,304.1,291.7,295.75,646572,EQ,11130.0,58.09,342423.0
2025-08-29,295.25,298.4,284.95,287.9,418028,EQ,9273.0,45.08,212254.0
2025-09-01,286.0,293.65,283.35,286.4,552248,EQ,10155.0,54.38,315601.0
2025-09-02,288.0,294.0,286.1,288.45,421491,EQ,8474.0,49.74,202383.0
2025-09-03,290.2,298.3,290.05,291.2,444393,EQ,9673.0,45.94,191020.0
2025-09-04,295.9,296.35,279.4,281.2,819157,EQ,12627.0,64.87,442123.0
2025-09-05,282.25,287.05,276.2,278.95,519377,EQ,9417.0,55.15,275278.0
2025-09-08,280.85,286.75,278.05,283.0,304908,EQ,6943.0,43.92,139480.0
2025-09-09,283.9,284.4,274.0,274.95,621195,EQ,10296.0,60.33,411007.0
2025-09-10,280.0,287.55,275.75,279.85,872361,EQ,12929.0,67.47,392733.0
2025-09-11,280.0,286.0,279.5,281.5,485046,EQ,8495.0,57.1,285086.0
2025-09-12,281.95,285.6,278.3,282.25,363750,EQ,7953.0,45.74,197211.0
2025-09-15,283.0,285.0,279.1,281.65,442853,EQ,8251.0,53.67,240651.0
2025-09-16,281.65,293.7,281.05,289.75,607661,EQ,9219.0,65.91,298143.0
2025-09-17,290.8,299.1,284.9,296.75,1010055,EQ,25747.0,39.23,487943.0
2025-09-18,299.8,300.0,288.1,290.85,443783,EQ,8419.0,52.71,255065.0
2025-09-19,286.1,298.7,286.1,293.0,710976,EQ,12454.0,57.09,266873.0
2025-09-22,292.9,295.8,285.65,290.75,536631,EQ,9445,56.82,202325
2025-09-23,290.85,292.95,280.0,290.0,607780,EQ,12197,49.83,295517
2025-09-24,290.95,291.0,280.6,284.85,332463,EQ,6966,47.73,121224
2025-09-25,282.1,284.35,271.8,276.85,524323,EQ,8839,59.32,214363
2025-09-26,275.5,278.95,266.1,272.5,615627,EQ,15333,40.15,302912
2025-09-29,275.0,278.0,264.5,266.55,862566,EQ,14683,58.75,447882
2025-09-30,268.8,269.9,259.0,263.25,519053,EQ,12745,40.73,270333
2025-10-01,262.0,278.15,260.85,276.7,619200,EQ,11782,52.55,301081
2025-10-03,279.95,289.7,275.8,284.45,1040553,EQ,17795,58.47,496486
2025-10-06,287.0,287.6,277.0,282.4,388210,EQ,9392,41.33,169603
2025-10-07,283.0,302.6,280.0,297.35,1642914,EQ,28464,57.72,850694
2025-10-08,300.0,322.9,299.9,313.05,3934763,EQ,61805,63.66,1741523
2025-10-09,315.4,339.9,313.35,337.0,3424725,EQ,43622,78.51,1356901
2025-10-10,338.0,346.3,330.4,342.65,2412749,EQ,56415,42.77,1215346
2025-10-13,339.25,344.3,328.1,337.75,1984186,EQ,28282,70.16,890090
2025-10-14,337.8,342.05,322.0,324.55,1090528,EQ,18469,59.05,578358
2025-10-15,325.1,329.5,320.4,325.05,702084,EQ,14171,49.54,295407
2025-10-16,325.95,334.8,323.0,326.4,719428,EQ,14239,50.53,303778
2025-10-17,327.0,339.7,327.0,334.1,879508,EQ,16718,52.61,453307
2025-10-20,334.1,357.7,334.0,353.25,2480004,EQ,44956,55.17,1117481
2025-10-21,355.0,367.0,355.0,362.45,979979,EQ,14919,65.69,483260
2025-10-23,360.0,375.45,342.4,372.0,4126317,EQ,44923,91.85,1999194
2025-10-24,373.8,375.2,359.3,365.6,924175,EQ,15898,58.13,383651
2025-10-27,370.0,370.05,356.5,359.15,765517,EQ,15154,50.52,395064
2025-10-28,355.1,356.9,348.0,349.8,879984,EQ,12487,70.47,523787
2025-10-29,350.0,353.25,346.45,349.55,413163,EQ,7922,52.15,212386
2025-10-30,350.0,373.2,348.0,354.25,1497084,EQ,18177,82.36,795128
2025-10-31,354.5,359.9,350.5,355.85,446592,EQ,8707,51.29,212728
2025-11-03,355.85,362.0,352.5,357.7,763924,EQ,9985,76.51,449064
2025-11-04,357.1,369.9,355.55,359.1,990351,EQ,14389,68.83,508532
2025-11-06,360.2,362.1,346.2,348.85,703541,EQ,11584,60.73,380448
2025-11-07,347.6,354.9,342.3,352.0,530706,EQ,10588,50.12,228348
2025-11-10,357.0,357.5,337.1,349.8,641362,EQ,12737,50.35,307854
2025-11-11,350.8,352.95,342.5,346.75,506908,EQ,9741,52.04,270639
2025-11-12,347.9,353.8,347.9,353.0,392051,EQ,6431,60.96,203676
2025-11-13,356.0,372.5,334.0,344.8,4615473,EQ,61208,75.41,1154590
2025-11-14,350.0,354.8,343.55,346.85,838221,EQ,11876,70.58,368808
2025-11-17,350.45,366.5,343.05,361.4,2675024,EQ,28463,93.98,1718360
2025-11-18,361.0,370.0,354.9,364.8,1054418,EQ,18227,57.85,460880
2025-11-19,365.0,365.0,351.0,354.6,751685,EQ,14560,51.63,380639
2025-11-20,352.85,355.0,348.3,350.75,429896,EQ,8818,48.75,222324
2025-11-21,354.95,363.35,345.85,351.55,1159917,EQ,23650,49.05,493386
2025-11-24,351.5,351.5,336.25,339.1,915460,EQ,17085,53.58,533627
2025-11-25,336.6,338.9,327.0,337.45,763057,EQ,14344,53.2,318838
2025-11-26,337.4,345.0,335.9,337.6,316806,EQ,6708,47.23,147360
2025-11-27,338.0,343.5,330.35,334.45,783921,EQ,11846,66.18,481681
2025-11-28,334.65,334.65,327.15,331.1,378314,EQ,6903,54.8,202118
2025-12-01,332.5,335.95,325.5,333.6,590845,EQ,9813,60.21,304708
2025-12-02,333.6,351.4,329.9,342.55,735318,EQ,9021,81.51,409016
2025-12-03,342.9,345.0,338.15,343.85,495596,EQ,10974,45.16,267452
2025-12-04,343.0,343.0,331.25,335.45,407421,EQ,7127,57.17,225621
2025-12-05,333.0,338.7,327.1,336.5,378519,EQ,10415,36.34,171842
2025-12-08,335.7,335.7,318.4,324.8,779836,EQ,19230,40.55,383747
2025-12-09,323.0,331.0,309.9,327.05,581512,EQ,15370,37.83,230058
2025-12-10,328.0,329.5,322.65,326.3,260855,EQ,6251,41.73,124820
2025-12-11,324.0,325.6,315.65,318.0,298489,EQ,7061,42.27,135709
2025-12-12,319.35,325.5,316.8,323.05,307559,EQ,8490,36.23,121980
2025-12-15,322.05,330.5,320.95,326.75,236992,EQ,5875,40.34,104414
2025-12-16,326.6,328.2,321.5,324.25,252961,EQ,5963,42.42,123254
2025-12-17,326.0,328.0,317.25,320.1,243423,EQ,7640,31.86,94904
2025-12-18,320.1,322.0,316.65,320.3,190594,EQ,5263,36.21,100940
2025-12-19,321.6,324.0,316.05,319.15,288110,EQ,7181,40.12,127029
2025-12-22,321.0,334.9,320.6,332.25,529057,EQ,12202,43.36,277055
2025-12-23,333.6,336.95,330.15,333.25,436193,EQ,12364,35.28,210412
2025-12-24,331.7,334.55,328.2,330.25,486065,EQ,11531,42.15,253459
2025-12-26,330.2,336.0,327.9,332.95,240409,EQ,8288,29.01,122918
2025-12-29,333.0,334.35,326.55,330.2,499256,EQ,10680,46.75,235521
2025-12-30,329.0,333.85,323.55,331.5,284731,EQ,8175,34.83,136521
2025-12-31,332.85,335.0,327.15,333.65,275545,EQ,7054,39.06,114889
2026-01-01,333.65,338.4,331.55,333.4,136187,EQ,3524,38.65,58237
2026-01-02,331.5,335.0,329.35,332.65,214706,EQ,3738,57.44,121180
2026-01-05,332.5,343.75,331.35,335.75,331964,EQ,7198,46.12,154583
2026-01-06,335.5,339.0,326.6,334.15,349222,EQ,6603,52.89,131317
2026-01-07,335.3,353.9,333.8,348.25,2494075,EQ,35099,71.06,801264
2026-01-08,351.0,358.65,327.8,337.0,977600,EQ,18379,53.19,358552
2026-01-09,335.0,339.25,330.1,337.7,619936,EQ,12086,51.29,318218
2026-01-12,333.0,336.05,323.8,329.15,697469,EQ,12940,53.9,299105
2026-01-13,329.2,331.75,327.3,330.05,285059,EQ,4482,63.6,109269
2026-01-14,326.35,331.05,320.65,324.7,366539,EQ,4834,75.83,179473
2026-01-16,323.0,327.65,315.5,325.6,490085,EQ,8269,59.27,214515
2026-01-19,317.5,324.95,304.8,313.65,449706,EQ,7628,58.95,198985
2026-01-20,311.15,335.0,303.5,326.5,1140724,EQ,12792,89.17,533766
2026-01-21,326.05,330.45,320.1,324.45,738484,EQ,10224,72.23,340269
2026-01-22,326.0,326.0,310.05,313.25,462925,EQ,8889,52.08,240031
2026-01-23,313.9,316.8,297.95,301.5,781656,EQ,13381,58.42,349458
2026-01-27,300.05,319.9,299.5,315.15,848928,EQ,12463,68.12,526393
2026-01-28,315.15,319.8,311.25,313.6,375703,EQ,7946,47.28,192232
2026-01-29,314.2,315.9,306.25,309.6,440425,EQ,8813,49.97,275348
2026-01-30,307.3,309.1,300.4,303.75,422248,EQ,9214,45.83,191898
2026-02-01,301.35,312.0,285.0,309.15,566396,EQ,12983,43.63,232197
2026-02-02,308.5,308.5,298.65,303.8,355657,EQ,7355,48.36,163570
2026-02-03,318.0,328.0,310.8,324.65,625845,EQ,10410,60.12,296404
2026-02-04,324.6,326.7,318.0,320.75,262862,EQ,6828,38.5,122773
2026-02-05,316.15,320.75,310.6,313.65,442483,EQ,8744,50.6,185693
2026-02-06,311.0,323.0,304.45,320.3,523332,EQ,8964,58.38,238608
2026-02-09,325.45,356.85,324.0,349.65,3720080,EQ,51991,71.55,958308
2026-02-10,349.65,354.4,325.1,328.8,2128173,EQ,29613,71.87,918465
2026-02-11,330.4,339.95,325.9,335.3,860926,EQ,16120,53.41,409019
2026-02-12,338.35,384.0,334.2,368.2,14902640,EQ,154865,96.23,2791368
2026-02-13,368.0,381.0,361.25,372.75,4118048,EQ,49469,83.25,1041805
2026-02-16,372.05,383.45,363.8,370.85,1168453,EQ,20676,56.51,378535
2026-02-17,370.0,383.8,364.8,371.05,1479941,EQ,27146,54.52,586651
2026-02-18,371.05,380.0,363.3,378.4,1003134,EQ,18003,55.72,339297
2026-02-19,382.0,387.45,363.1,366.7,1268944,EQ,24209,52.42,355502
2026-02-20,366.7,370.95,359.3,361.25,584526,EQ,11345,51.52,204187
2026-02-23,367.85,377.95,361.75,369.65,678226,EQ,16552,40.98,220095
2026-02-24,371.0,373.45,360.3,362.25,431485,EQ,7482,57.67,167597
2026-02-25,364.85,369.2,359.0,362.0,372069,EQ,8063,46.15,123563
2026-02-26,362.9,368.0,356.0,360.1,451264,EQ,10997,41.04,184403
2026-02-27,360.15,369.9,358.05,361.35,407960,EQ,7643,53.38,130000
2026-03-02,326.3,353.9,326.3,345.4,853444,EQ,16841,50.68,385222
2026-03-04,339.95,339.95,326.85,333.4,705864,EQ,13656,51.69,297973
2026-03-05,334.05,336.45,326.55,333.15,405849,EQ,8900,45.6,186937
2026-03-06,330.1,345.0,330.1,338.85,538631,EQ,9053,59.5,216280
2026-03-04,339.95,339.95,326.85,333.4,705864,EQ,13656,51.69,297973
2026-03-05,334.05,336.45,326.55,333.15,405849,EQ,8900,45.6,186937
2026-03-06,330.1,345.0,330.1,338.85,538631,EQ,9053,59.5,216280
2026-03-09,328.0,332.85,320.2,328.05,552511,EQ,10154,54.41,249759
2026-03-10,330.7,340.6,330.3,339.65,256604,EQ,6005,42.73,114988
2026-03-11,339.65,349.2,337.2,341.4,475667,EQ,9530,49.91,200251
2026-03-12,341.45,348.8,332.0,347.1,364008,EQ,7952,45.78,130634
2026-03-13,345.0,346.25,328.45,334.5,485823,EQ,10925,44.47,219049
2026-03-16,332.0,336.05,326.0,333.9,424726,EQ,8731,48.65,148446
2026-03-17,330.1,340.7,328.5,338.55,289355,EQ,7902,36.62,100296
2026-03-18,341.0,356.85,335.9,354.3,512678,EQ,10717,47.84,197648
2026-03-19,348.0,348.3,333.6,340.2,498299,EQ,11104,44.88,245759
2026-03-20,343.0,352.0,339.7,346.65,337426,EQ,7922,42.59,146352
