Date,Open,High,Low,Close,Volume,Series,TOTAL_TRADES,QTY_PER_TRADE,DLV_QTY
1995-10-11,20.0,20.0,20.0,20.0,50,EQ,,,
1995-10-24,20.0,20.0,20.0,20.0,50,EQ,,,
1995-11-17,20.0,21.0,20.0,21.0,2350,EQ,,,
1995-12-29,18.7,18.7,18.7,18.7,400,EQ,,,
1996-01-01,18.0,18.0,18.0,18.0,50,EQ,,,
1996-01-02,18.5,19.0,18.5,19.0,400,EQ,,,
1996-01-09,18.1,16.5,16.5,16.5,200,EQ,,,
1996-01-11,16.5,16.5,16.5,16.5,50,EQ,,,
1996-01-16,16.85,16.9,16.85,16.9,100,EQ,,,
1996-01-17,17.0,17.3,17.0,17.3,200,EQ,,,
1996-02-12,18.4,18.5,18.4,18.5,200,EQ,,,
1996-02-13,18.5,20.3,20.1,20.2,600,EQ,,,
1996-02-14,20.2,20.3,20.0,20.0,250,EQ,,,
1996-02-15,19.8,19.8,19.1,19.1,450,EQ,,,
1996-02-16,19.1,19.3,19.0,19.1,1200,EQ,,,
1996-02-19,19.1,20.0,19.0,20.0,950,EQ,,,
1996-02-20,20.0,20.5,20.0,20.0,900,EQ,,,
1996-02-22,20.3,20.8,20.3,20.5,1050,EQ,,,
1996-02-23,20.2,20.2,19.8,20.0,650,EQ,,,
1996-02-26,20.6,20.6,19.0,19.1,500,EQ,,,
1996-02-27,19.1,19.4,19.0,19.25,1050,EQ,,,
1996-02-28,19.25,19.4,19.0,19.0,550,EQ,,,
1996-02-29,18.8,18.8,18.7,18.7,150,EQ,,,
1996-03-01,18.0,18.3,17.8,18.2,600,EQ,,,
1996-03-12,18.5,18.5,17.0,17.0,100,EQ,,,
1996-03-13,17.0,17.05,17.0,17.05,150,EQ,,,
1996-03-15,17.05,17.7,17.7,17.7,100,EQ,,,
1996-03-19,17.7,17.5,17.0,17.0,150,EQ,,,
1996-03-21,17.5,17.5,17.5,17.5,100,EQ,,,
1996-03-22,17.0,17.0,16.9,16.95,150,EQ,,,
1996-03-26,16.95,17.3,17.3,17.3,50,EQ,,,
1996-03-27,17.5,17.5,17.3,17.3,200,EQ,,,
1996-03-28,16.5,16.5,16.5,16.5,300,EQ,,,
1996-03-29,17.1,17.1,17.1,17.1,50,EQ,,,
1996-04-01,17.2,17.5,17.1,17.5,200,EQ,,,
1996-04-02,17.5,17.85,17.5,17.85,250,EQ,,,
1996-04-03,19.0,19.0,19.0,19.0,50,EQ,,,
1996-04-04,19.0,18.0,18.0,18.0,100,EQ,,,
1996-04-08,18.0,18.0,17.7,17.7,350,EQ,,,
1996-04-09,17.7,18.0,17.4,17.4,100,EQ,,,
1996-04-10,17.4,18.0,18.0,18.0,100,EQ,,,
1996-04-12,18.0,17.5,17.5,17.5,50,EQ,,,
1996-04-15,17.5,17.4,17.0,17.05,500,EQ,,,
1996-04-16,17.05,17.2,16.5,16.5,1850,EQ,,,
1996-04-17,16.5,17.0,16.9,16.9,1450,EQ,,,
1996-04-18,17.1,17.7,17.0,17.7,1000,EQ,,,
1996-04-19,17.7,19.3,18.25,18.25,600,EQ,,,
1996-04-22,18.25,18.25,17.2,17.5,900,EQ,,,
1996-04-23,17.5,17.1,16.7,16.7,700,EQ,,,
1996-04-24,17.0,18.0,17.0,17.55,750,EQ,,,
1996-04-25,17.55,17.95,17.1,17.8,550,EQ,,,
1996-04-26,17.8,17.2,17.0,17.0,200,EQ,,,
1996-04-29,17.0,17.0,16.7,16.7,400,EQ,,,
1996-04-30,16.7,17.0,16.7,16.8,400,EQ,,,
1996-05-01,16.7,17.0,16.7,17.0,150,EQ,,,
1996-05-03,17.0,17.0,17.0,17.0,500,EQ,,,
1996-05-06,17.0,17.0,17.0,17.0,200,EQ,,,
1996-05-07,17.0,17.0,16.6,16.9,500,EQ,,,
1996-05-09,17.0,17.0,17.0,17.0,100,EQ,,,
1996-05-10,15.9,16.5,15.9,16.5,250,EQ,,,
1996-05-13,15.5,16.0,15.5,16.0,500,EQ,,,
1996-05-14,16.0,16.0,15.9,16.0,150,EQ,,,
1996-05-15,16.8,16.8,16.6,16.6,150,EQ,,,
1996-05-16,17.0,17.0,16.8,17.0,250,EQ,,,
1996-05-20,17.0,16.5,16.5,16.5,50,EQ,,,
1996-05-21,15.5,15.5,15.5,15.5,150,EQ,,,
1996-05-22,16.3,16.3,16.3,16.3,150,EQ,,,
1996-05-23,16.4,16.4,16.4,16.4,250,EQ,,,
1996-05-24,16.3,16.3,16.3,16.3,50,EQ,,,
1996-05-28,15.5,15.5,15.5,15.5,100,EQ,,,
1996-05-29,17.0,17.0,17.0,17.0,100,EQ,,,
1996-05-30,17.0,15.5,15.5,15.5,50,EQ,,,
1996-05-31,16.5,16.5,16.5,16.5,100,EQ,,,
1996-06-03,16.5,16.5,16.0,16.1,250,EQ,,,
1996-06-04,16.1,17.0,16.9,17.0,200,EQ,,,
1996-06-05,17.0,17.6,17.0,17.6,350,EQ,,,
1996-06-06,18.25,18.35,17.7,17.7,700,EQ,,,
1996-06-07,18.5,19.55,18.5,19.55,900,EQ,,,
1996-06-10,21.25,21.25,21.25,21.25,200,EQ,,,
1996-06-12,23.4,23.5,23.4,23.5,400,EQ,,,
1996-06-13,25.75,25.8,25.0,25.1,2950,EQ,,,
1996-06-14,25.8,26.0,24.0,24.35,2650,EQ,,,
1996-06-17,25.4,25.5,24.5,24.6,950,EQ,,,
1996-06-18,24.15,24.2,23.6,23.6,1300,EQ,,,
1996-06-19,23.0,23.0,22.0,22.65,1700,EQ,,,
1996-06-20,21.35,22.0,21.2,21.75,1450,EQ,,,
1996-06-21,20.0,22.1,20.0,21.5,1550,EQ,,,
1996-06-24,21.3,21.5,20.85,20.85,850,EQ,,,
1996-06-25,21.5,22.5,21.1,22.25,1200,EQ,,,
1996-06-26,22.9,23.6,22.5,22.55,950,EQ,,,
1996-06-27,22.4,23.0,22.4,23.0,650,EQ,,,
1996-06-28,22.8,22.8,22.5,22.5,300,EQ,,,
1996-07-01,22.0,22.0,21.4,21.4,2150,EQ,,,
1996-07-02,21.35,22.0,21.1,21.1,1000,EQ,,,
1996-07-03,22.0,22.0,21.0,21.2,1600,EQ,,,
1996-07-04,21.0,21.2,21.0,21.2,500,EQ,,,
1996-07-05,21.1,21.4,21.1,21.1,750,EQ,,,
1996-07-08,21.2,21.2,20.7,21.0,2250,EQ,,,
1996-07-09,21.1,21.3,20.8,21.0,1800,EQ,,,
1996-07-10,21.1,21.5,21.1,21.4,900,EQ,,,
1996-07-11,21.5,21.7,21.5,21.5,850,EQ,,,
1996-07-12,22.0,22.0,21.2,21.4,1050,EQ,,,
1996-07-15,21.0,21.2,20.9,20.9,300,EQ,,,
1996-07-16,20.8,20.9,20.6,20.7,1000,EQ,,,
1996-07-17,21.0,21.5,21.0,21.5,600,EQ,,,
1996-07-18,21.1,21.2,21.0,21.0,550,EQ,,,
1996-07-19,21.45,21.5,21.25,21.5,800,EQ,,,
1996-07-22,21.05,22.2,21.0,22.05,1050,EQ,,,
1996-07-23,21.8,22.0,20.9,21.7,1150,EQ,,,
1996-07-24,21.0,21.2,21.0,21.2,350,EQ,,,
1996-07-25,21.0,21.1,21.0,21.05,350,EQ,,,
1996-07-26,21.2,21.2,20.95,20.95,600,EQ,,,
1996-07-29,20.0,20.6,20.0,20.5,200,EQ,,,
1996-07-30,19.6,20.0,19.2,19.3,900,EQ,,,
1996-07-31,19.75,20.4,19.65,20.35,500,EQ,,,
1996-08-01,20.1,20.2,20.0,20.0,500,EQ,,,
1996-08-02,20.0,20.0,19.55,19.55,350,EQ,,,
1996-08-05,19.5,19.5,19.3,19.3,300,EQ,,,
1996-08-06,19.05,19.3,18.6,18.8,900,EQ,,,
1996-08-07,19.5,19.5,19.5,19.5,50,EQ,,,
1996-08-08,19.4,19.8,19.4,19.5,450,EQ,,,
1996-08-09,19.3,19.4,19.1,19.2,750,EQ,,,
1996-08-12,18.8,19.0,18.65,19.0,350,EQ,,,
1996-08-13,18.6,18.6,18.2,18.4,450,EQ,,,
1996-08-14,18.5,18.6,18.5,18.6,200,EQ,,,
1996-08-16,18.6,18.6,18.4,18.55,850,EQ,,,
1996-08-19,18.0,18.0,17.55,17.55,250,EQ,,,
1996-08-20,17.5,17.9,17.45,17.65,800,EQ,,,
1996-08-21,18.0,18.9,17.95,18.5,500,EQ,,,
1996-08-22,18.5,18.5,18.5,18.5,100,EQ,,,
1996-08-23,18.4,18.5,18.4,18.4,200,EQ,,,
1996-08-26,18.4,18.4,18.3,18.35,350,EQ,,,
1996-08-27,18.1,18.2,18.0,18.15,300,EQ,,,
1996-08-28,18.8,18.9,18.5,18.9,250,EQ,,,
1996-08-29,18.9,19.3,18.9,19.3,100,EQ,,,
1996-08-30,19.3,20.5,19.3,20.5,350,EQ,,,
1996-09-02,21.0,21.05,20.5,21.0,800,EQ,,,
1996-09-03,20.9,21.5,20.8,21.0,1450,EQ,,,
1996-09-04,21.5,23.1,21.2,22.5,3550,EQ,,,
1996-09-05,21.75,24.0,21.25,23.7,8200,EQ,,,
1996-09-06,23.7,24.0,23.1,23.1,2450,EQ,,,
1996-09-09,23.0,23.0,22.0,22.1,2100,EQ,,,
1996-09-10,21.5,22.0,20.0,20.9,2750,EQ,,,
1996-09-11,21.5,21.5,21.25,21.35,400,EQ,,,
1996-09-12,21.0,21.25,21.0,21.25,350,EQ,,,
1996-09-13,21.1,21.4,20.8,21.4,700,EQ,,,
1996-09-16,20.5,20.5,20.05,20.05,300,EQ,,,
1996-09-17,20.0,20.5,20.0,20.5,400,EQ,,,
1996-09-18,20.8,21.8,20.8,21.7,1100,EQ,,,
1996-09-19,21.5,21.5,21.1,21.1,800,EQ,,,
1996-09-20,21.2,21.2,21.0,21.0,450,EQ,,,
1996-09-23,20.7,20.7,20.2,20.5,800,EQ,,,
1996-09-24,20.5,20.5,20.0,20.2,1400,EQ,,,
1996-09-25,20.4,21.0,20.4,20.5,300,EQ,,,
1996-09-26,19.7,19.7,19.7,19.7,150,EQ,,,
1996-09-27,19.4,19.4,19.2,19.2,350,EQ,,,
1996-09-30,18.5,18.5,18.5,18.5,300,EQ,,,
1996-10-01,18.8,18.8,18.4,18.75,900,EQ,,,
1996-10-03,18.0,18.8,17.5,18.8,550,EQ,,,
1996-10-04,18.5,18.5,18.5,18.5,100,EQ,,,
1996-10-07,18.1,18.35,18.1,18.1,350,EQ,,,
1996-10-08,18.05,18.05,17.5,18.0,900,EQ,,,
1996-10-09,18.2,18.5,18.0,18.3,350,EQ,,,
1996-10-10,19.0,19.0,18.5,18.5,1150,EQ,,,
1996-10-11,19.0,19.05,18.5,18.5,1900,EQ,,,
1996-10-14,18.5,18.5,17.6,17.6,1300,EQ,,,
1996-10-15,17.95,17.95,17.3,17.3,450,EQ,,,
1996-10-16,17.8,17.8,17.8,17.8,50,EQ,,,
1996-10-17,17.5,18.0,17.5,17.8,250,EQ,,,
1996-10-18,17.5,17.95,17.3,17.3,350,EQ,,,
1996-10-22,17.35,17.7,17.3,17.4,1250,EQ,,,
1996-10-23,18.5,19.0,18.3,18.45,2750,EQ,,,
1996-10-24,18.6,19.1,18.6,18.8,1850,EQ,,,
1996-10-25,18.7,19.6,18.7,19.2,1600,EQ,,,
1996-10-28,19.8,19.9,19.2,19.2,450,EQ,,,
1996-10-29,19.2,19.4,19.0,19.3,1300,EQ,,,
1996-10-31,19.2,19.25,19.0,19.25,350,EQ,,,
1996-11-01,19.1,19.1,19.1,19.1,50,EQ,,,
1996-11-04,18.75,18.8,18.7,18.7,200,EQ,,,
1996-11-05,18.4,18.4,18.3,18.4,400,EQ,,,
1996-11-06,17.8,18.2,17.8,18.2,150,EQ,,,
1996-11-07,18.5,18.55,18.5,18.55,250,EQ,,,
1996-11-08,19.0,19.7,19.0,19.7,150,EQ,,,
1996-11-10,19.8,19.8,19.7,19.7,100,EQ,,,
1996-11-11,18.8,18.8,18.7,18.7,400,EQ,,,
1996-11-13,19.25,19.25,19.2,19.2,200,EQ,,,
1996-11-14,19.2,19.2,19.2,19.2,200,EQ,,,
1996-11-15,19.1,19.1,18.9,18.9,350,EQ,,,
1996-11-18,18.6,18.6,18.6,18.6,50,EQ,,,
1996-11-19,18.45,18.5,18.3,18.4,900,EQ,,,
1996-11-20,18.4,18.7,18.15,18.55,2150,EQ,,,
1996-11-21,18.7,18.7,18.1,18.3,1500,EQ,,,
1996-11-22,17.8,17.8,17.4,17.4,500,EQ,,,
1996-11-25,16.3,17.0,16.3,16.9,300,EQ,,,
1996-11-26,16.9,16.9,15.3,15.75,2600,EQ,,,
1996-11-27,15.3,15.85,15.2,15.85,700,EQ,,,
1996-11-28,16.7,16.7,16.2,16.2,1200,EQ,,,
1996-11-29,16.5,16.6,16.4,16.5,450,EQ,,,
1996-12-02,16.1,16.9,16.1,16.4,1500,EQ,,,
1996-12-03,16.3,16.3,15.5,15.75,900,EQ,,,
1996-12-04,16.0,16.0,15.3,15.6,1500,EQ,,,
1996-12-05,15.85,15.85,15.6,15.85,1000,EQ,,,
1996-12-06,15.8,15.9,15.8,15.9,550,EQ,,,
1996-12-09,15.9,15.9,15.65,15.9,450,EQ,,,
1996-12-10,15.8,16.15,15.4,15.7,2050,EQ,,,
1996-12-11,16.1,16.25,16.1,16.25,900,EQ,,,
1996-12-12,15.7,16.4,15.5,16.1,850,EQ,,,
1996-12-13,15.8,16.1,15.8,16.05,450,EQ,,,
1996-12-16,16.1,16.1,16.1,16.1,350,EQ,,,
1996-12-17,16.5,16.5,16.15,16.3,700,EQ,,,
1996-12-18,16.8,17.8,16.7,17.4,2650,EQ,,,
1996-12-19,17.6,17.65,17.1,17.1,1350,EQ,,,
1996-12-20,17.25,18.25,17.25,17.6,2150,EQ,,,
1996-12-23,18.2,18.3,17.75,17.75,2900,EQ,,,
1996-12-24,18.1,18.3,17.9,18.1,1850,EQ,,,
1996-12-26,18.5,19.7,18.5,19.2,2900,EQ,,,
1996-12-31,19.3,19.5,19.2,19.2,1700,EQ,,,
1997-01-01,19.35,19.4,19.1,19.1,650,EQ,,,
1997-01-02,19.2,19.2,18.6,18.7,1650,EQ,,,
1997-01-03,18.7,19.0,18.6,19.0,1400,EQ,,,
1997-01-06,18.8,19.2,18.65,19.0,2300,EQ,,,
1997-01-07,18.75,19.2,18.25,18.6,3750,EQ,,,
1997-01-08,19.0,19.0,18.7,18.7,700,EQ,,,
1997-01-09,18.7,18.7,18.65,18.65,150,EQ,,,
1997-01-10,18.7,19.2,18.7,18.7,350,EQ,,,
1997-01-13,18.7,18.7,18.5,18.55,600,EQ,,,
1997-01-14,18.9,18.9,18.5,18.5,600,EQ,,,
1997-01-15,19.5,20.1,19.5,20.1,800,EQ,,,
1997-01-16,20.5,20.5,19.5,19.65,1200,EQ,,,
1997-01-17,18.3,19.4,18.3,19.0,400,EQ,,,
1997-01-20,19.0,19.0,18.5,18.5,400,EQ,,,
1997-01-21,18.9,18.9,18.15,18.4,650,EQ,,,
1997-01-24,17.85,17.85,17.85,17.85,100,EQ,,,
1997-01-27,17.8,18.4,17.8,18.2,800,EQ,,,
1997-01-28,18.45,18.45,17.7,17.85,650,EQ,,,
1997-01-30,17.6,17.6,17.6,17.6,150,EQ,,,
1997-01-31,18.0,18.0,17.5,17.5,200,EQ,,,
1997-02-03,17.1,17.1,17.1,17.1,100,EQ,,,
1997-02-04,16.55,17.0,16.5,17.0,300,EQ,,,
1997-02-06,17.15,17.15,17.15,17.15,100,EQ,,,
1997-02-07,17.0,17.0,16.9,17.0,300,EQ,,,
1997-02-10,16.8,16.8,16.8,16.8,100,EQ,,,
1997-02-11,16.9,17.4,16.75,16.85,550,EQ,,,
1997-02-12,17.0,17.0,17.0,17.0,250,EQ,,,
1997-02-13,16.6,16.6,16.6,16.6,100,EQ,,,
1997-02-14,16.8,17.0,16.5,16.5,2100,EQ,,,
1997-02-18,16.2,16.2,15.8,15.85,350,EQ,,,
1997-02-19,16.3,16.5,16.3,16.5,250,EQ,,,
1997-02-20,17.1,17.1,17.1,17.1,100,EQ,,,
1997-02-24,16.3,16.3,16.2,16.25,200,EQ,,,
1997-02-25,16.0,16.4,16.0,16.4,400,EQ,,,
1997-02-26,16.0,16.6,16.0,16.5,350,EQ,,,
1997-02-27,16.5,16.75,16.3,16.75,600,EQ,,,
1997-02-28,18.0,18.0,18.0,18.0,50,EQ,,,
1997-03-01,18.0,18.0,17.2,17.65,500,EQ,,,
1997-03-03,17.5,18.5,17.4,17.7,1700,EQ,,,
1997-03-04,17.2,17.7,17.1,17.15,1450,EQ,,,
1997-03-05,18.3,18.8,17.8,17.8,2200,EQ,,,
1997-03-06,18.2,18.2,17.2,17.2,1150,EQ,,,
1997-03-10,16.3,16.3,16.3,16.3,100,EQ,,,
1997-03-11,16.3,16.3,15.8,15.8,1550,EQ,,,
1997-03-14,16.3,16.3,16.3,16.3,50,EQ,,,
1997-03-18,15.75,15.75,15.6,15.65,200,EQ,,,
1997-03-19,15.7,15.7,15.7,15.7,50,EQ,,,
1997-03-21,15.3,15.9,15.3,15.9,200,EQ,,,
1997-03-25,15.4,15.4,15.4,15.4,50,EQ,,,
1997-03-26,15.5,15.5,15.45,15.45,150,EQ,,,
1997-03-27,15.4,15.4,15.1,15.1,100,EQ,,,
1997-03-31,13.7,14.5,13.7,14.05,350,EQ,,,
1997-04-01,13.6,14.5,13.6,14.0,400,EQ,,,
1997-04-02,15.1,15.1,14.4,14.4,200,EQ,,,
1997-04-03,14.95,14.95,14.6,14.7,350,EQ,,,
1997-04-04,14.65,14.65,14.6,14.6,300,EQ,,,
1997-04-07,14.05,14.4,13.8,14.4,500,EQ,,,
1997-04-09,14.6,14.6,14.6,14.6,100,EQ,,,
1997-04-10,14.6,14.6,13.8,13.85,700,EQ,,,
1997-04-11,13.7,13.75,13.65,13.75,400,EQ,,,
1997-04-12,13.8,13.8,13.8,13.8,50,EQ,,,
1997-04-15,13.5,13.65,13.5,13.6,300,EQ,,,
1997-04-21,13.75,14.0,13.75,14.0,200,EQ,,,
1997-04-22,13.9,14.15,13.6,14.0,250,EQ,,,
1997-04-23,14.0,14.0,14.0,14.0,100,EQ,,,
1997-04-24,14.1,14.3,14.1,14.3,200,EQ,,,
1997-04-25,14.2,14.2,14.2,14.2,100,EQ,,,
1997-04-28,14.1,14.2,14.1,14.2,250,EQ,,,
1997-04-29,14.0,14.3,13.4,13.5,400,EQ,,,
1997-04-30,13.8,14.3,13.8,14.2,350,EQ,,,
1997-05-02,14.5,14.5,14.1,14.1,500,EQ,,,
1997-05-05,13.7,13.8,13.65,13.65,350,EQ,,,
1997-05-06,13.2,14.0,13.2,13.7,600,EQ,,,
1997-05-07,13.0,13.5,12.9,13.5,300,EQ,,,
1997-05-08,13.0,13.4,12.95,13.4,350,EQ,,,
1997-05-09,13.0,13.05,13.0,13.0,500,EQ,,,
1997-05-12,12.9,12.95,12.9,12.95,200,EQ,,,
1997-05-13,12.8,13.3,12.8,13.25,800,EQ,,,
1997-05-14,12.9,12.9,12.7,12.85,300,EQ,,,
1997-05-15,13.2,13.3,13.05,13.05,400,EQ,,,
1997-05-16,12.95,13.0,12.9,13.0,500,EQ,,,
1997-05-19,12.7,12.9,12.7,12.9,150,EQ,,,
1997-05-20,12.7,12.8,12.6,12.65,600,EQ,,,
1997-05-21,12.5,12.5,12.5,12.5,150,EQ,,,
1997-05-22,12.0,12.0,12.0,12.0,100,EQ,,,
1997-05-23,11.8,12.0,11.8,11.8,150,EQ,,,
1997-05-26,11.3,11.3,10.9,11.05,450,EQ,,,
1997-05-27,10.65,10.65,10.0,10.05,600,EQ,,,
1997-05-28,9.7,9.7,9.2,9.55,1200,EQ,,,
1997-05-29,9.2,9.45,9.05,9.1,750,EQ,,,
1997-05-30,9.2,9.2,9.2,9.2,50,EQ,,,
1997-06-03,10.0,10.5,9.7,9.8,800,EQ,,,
1997-06-04,10.0,10.0,9.9,9.9,600,EQ,,,
1997-06-05,10.2,10.2,10.2,10.2,50,EQ,,,
1997-06-06,10.4,10.4,10.05,10.05,350,EQ,,,
1997-06-09,10.0,10.0,9.9,10.0,500,EQ,,,
1997-06-10,9.8,9.8,9.6,9.6,300,EQ,,,
1997-06-11,9.7,9.7,9.6,9.6,350,EQ,,,
1997-06-12,9.5,9.9,9.5,9.6,900,EQ,,,
1997-06-13,9.7,9.7,8.8,8.8,2500,EQ,,,
1997-06-16,8.2,9.15,8.2,8.4,2050,EQ,,,
1997-06-17,8.45,8.5,8.4,8.5,650,EQ,,,
1997-06-18,9.1,9.25,9.0,9.25,500,EQ,,,
1997-06-19,9.5,9.5,9.3,9.5,350,EQ,,,
1997-06-20,9.5,9.85,9.5,9.8,500,EQ,,,
1997-06-23,9.55,9.55,9.25,9.55,200,EQ,,,
1997-06-24,9.8,9.8,9.5,9.5,650,EQ,,,
1997-06-25,9.2,9.2,9.2,9.2,100,EQ,,,
1997-06-26,9.3,9.8,9.3,9.3,11200,EQ,,,
1997-06-27,9.2,9.4,9.1,9.4,500,EQ,,,
1997-06-30,8.9,9.7,8.9,9.4,24100,EQ,,,
1997-07-01,9.3,9.35,9.2,9.25,550,EQ,,,
1997-07-02,9.2,9.5,9.2,9.5,300,EQ,,,
1997-07-03,9.95,9.95,9.95,9.95,100,EQ,,,
1997-07-04,9.6,9.8,9.55,9.8,500,EQ,,,
1997-07-07,10.25,10.25,10.0,10.0,400,EQ,,,
1997-07-08,10.0,10.0,9.85,9.9,550,EQ,,,
1997-07-09,9.8,10.0,9.8,10.0,1200,EQ,,,
1997-07-10,10.2,10.6,10.2,10.35,700,EQ,,,
1997-07-11,10.5,10.6,10.2,10.2,350,EQ,,,
1997-07-14,9.8,9.9,9.4,9.4,750,EQ,,,
1997-07-15,9.5,9.8,9.45,9.45,550,EQ,,,
1997-07-16,9.5,9.6,9.5,9.6,150,EQ,,,
1997-07-17,9.65,9.65,9.4,9.4,100,EQ,,,
1997-07-22,9.4,9.4,9.05,9.1,750,EQ,,,
1997-07-23,9.5,9.5,9.5,9.5,350,EQ,,,
1997-07-24,9.3,9.3,9.3,9.3,100,EQ,,,
1997-07-25,9.3,9.3,9.1,9.3,550,EQ,,,
1997-07-29,9.2,9.2,9.0,9.0,450,EQ,,,
1997-07-30,9.3,9.4,9.15,9.4,350,EQ,,,
1997-07-31,9.4,9.45,9.3,9.4,1050,EQ,,,
1997-08-01,9.5,9.7,9.4,9.6,850,EQ,,,
1997-08-04,9.6,9.6,9.5,9.6,1050,EQ,,,
1997-08-05,9.8,10.0,9.8,10.0,1250,EQ,,,
1997-08-06,10.1,10.2,10.1,10.2,150,EQ,,,
1997-08-07,10.55,10.55,10.0,10.15,1450,EQ,,,
1997-08-08,9.9,9.9,9.7,9.9,400,EQ,,,
1997-08-11,9.8,9.8,9.2,9.4,300,EQ,,,
1997-08-12,9.8,9.8,9.4,9.45,950,EQ,,,
1997-08-13,9.75,9.85,9.75,9.8,300,EQ,,,
1997-08-14,9.8,9.8,9.8,9.8,300,EQ,,,
1997-08-18,9.6,9.75,9.55,9.55,200,EQ,,,
1997-08-19,9.6,9.6,9.5,9.55,250,EQ,,,
1997-08-20,9.8,9.8,9.8,9.8,300,EQ,,,
1997-08-21,9.65,9.65,9.65,9.65,50,EQ,,,
1997-08-22,10.1,10.1,9.7,9.7,450,EQ,,,
1997-08-25,9.8,9.8,9.5,9.55,450,EQ,,,
1997-08-26,9.8,9.8,9.1,9.1,300,EQ,,,
1997-08-27,9.2,9.8,9.2,9.8,500,EQ,,,
1997-08-28,9.3,9.35,9.2,9.35,400,EQ,,,
1997-09-01,9.6,9.6,9.0,9.0,400,EQ,,,
1997-09-02,9.0,9.0,9.0,9.0,50,EQ,,,
1997-09-04,9.7,9.7,9.7,9.7,100,EQ,,,
1997-09-05,9.3,9.3,9.3,9.3,100,EQ,,,
1997-09-08,9.1,9.1,9.1,9.1,100,EQ,,,
1997-09-09,9.05,9.05,8.9,9.0,500,EQ,,,
1997-09-11,9.2,9.2,9.2,9.2,100,EQ,,,
1997-09-12,9.0,9.0,9.0,9.0,100,EQ,,,
1997-09-15,8.6,9.15,8.6,9.15,250,EQ,,,
1997-09-16,8.75,9.0,8.75,8.8,200,EQ,,,
1997-09-18,8.6,8.6,8.5,8.6,400,EQ,,,
1997-09-19,8.5,8.5,8.4,8.5,200,EQ,,,
1997-09-22,8.15,8.15,8.15,8.15,50,EQ,,,
1997-09-23,8.0,8.0,7.9,8.0,350,EQ,,,
1997-09-24,8.2,8.4,8.1,8.25,950,EQ,,,
1997-09-26,8.2,8.3,8.2,8.2,200,EQ,,,
1997-09-29,8.1,8.1,8.1,8.1,100,EQ,,,
1997-09-30,7.8,7.8,7.7,7.7,200,EQ,,,
1997-10-01,7.8,7.8,7.8,7.8,100,EQ,,,
1997-10-09,7.6,7.6,7.6,7.6,50,EQ,,,
1997-10-10,7.7,7.8,7.7,7.7,500,EQ,,,
1997-10-14,7.4,7.5,7.4,7.5,150,EQ,,,
1997-10-15,7.5,7.6,7.5,7.6,300,EQ,,,
1997-10-16,7.6,7.6,7.25,7.25,550,EQ,,,
1997-10-17,7.6,7.6,7.3,7.3,300,EQ,,,
1997-10-20,7.6,7.6,7.6,7.6,200,EQ,,,
1997-10-21,7.9,7.95,7.6,7.6,450,EQ,,,
1997-10-22,7.6,7.6,7.5,7.5,150,EQ,,,
1997-10-27,7.2,7.2,7.1,7.1,100,EQ,,,
1997-10-28,6.8,6.8,6.8,6.8,100,EQ,,,
1997-10-29,6.7,6.7,6.6,6.6,350,EQ,,,
1997-10-30,6.8,6.8,6.8,6.8,50,EQ,,,
1997-11-03,6.5,6.5,6.5,6.5,50,EQ,,,
1997-11-04,6.7,6.7,6.55,6.55,100,EQ,,,
1997-11-05,6.3,6.3,6.3,6.3,50,EQ,,,
1997-11-07,6.6,6.6,6.6,6.6,50,EQ,,,
1997-11-10,6.8,6.8,6.8,6.8,100,EQ,,,
1997-11-11,6.75,6.75,6.5,6.5,100,EQ,,,
1997-11-12,6.5,6.5,6.4,6.4,300,EQ,,,
1997-11-13,6.2,6.2,6.2,6.2,450,EQ,,,
1997-11-17,6.5,6.5,6.5,6.5,50,EQ,,,
1997-11-18,6.5,6.5,6.25,6.25,350,EQ,,,
1997-11-19,6.3,6.3,6.2,6.3,350,EQ,,,
1997-11-20,6.5,6.5,6.5,6.5,50,EQ,,,
1997-11-21,6.2,6.4,6.2,6.4,100,EQ,,,
1997-11-24,6.4,6.4,6.4,6.4,50,EQ,,,
1997-11-27,6.6,6.6,6.3,6.3,100,EQ,,,
1997-11-28,6.2,6.2,6.2,6.2,100,EQ,,,
1997-12-02,6.3,6.3,6.3,6.3,100,EQ,,,
1997-12-03,6.6,6.6,6.2,6.3,150,EQ,,,
1997-12-05,6.0,6.1,6.0,6.1,250,EQ,,,
1997-12-09,6.0,6.0,6.0,6.0,200,EQ,,,
1997-12-10,5.95,5.95,5.9,5.9,200,EQ,,,
1997-12-15,5.75,5.75,5.75,5.75,100,EQ,,,
1997-12-16,6.05,6.05,6.05,6.05,50,EQ,,,
1997-12-18,6.35,6.35,6.35,6.35,50,EQ,,,
1997-12-19,6.4,6.6,6.4,6.6,600,EQ,,,
1997-12-22,6.7,6.9,6.7,6.9,200,EQ,,,
1997-12-24,6.9,7.0,6.9,6.95,150,EQ,,,
1997-12-26,7.05,7.3,7.0,7.3,550,EQ,,,
1997-12-29,7.2,7.45,7.2,7.45,150,EQ,,,
1997-12-30,7.1,7.25,7.1,7.25,650,EQ,,,
1998-01-02,7.4,7.5,7.3,7.3,400,EQ,,,
1998-01-05,7.5,7.5,7.5,7.5,100,EQ,,,
1998-01-06,7.4,7.5,7.4,7.5,300,EQ,,,
1998-01-07,8.0,8.25,7.9,7.9,700,EQ,,,
1998-01-08,7.75,7.8,7.75,7.8,300,EQ,,,
1998-01-09,7.2,7.3,7.2,7.3,200,EQ,,,
1998-01-12,6.8,6.8,6.8,6.8,150,EQ,,,
1998-01-13,6.95,7.0,6.8,6.8,150,EQ,,,
1998-01-15,6.75,6.85,6.75,6.85,200,EQ,,,
1998-01-16,7.0,7.2,7.0,7.2,100,EQ,,,
1998-01-19,6.65,7.4,6.65,7.1,650,EQ,,,
1998-01-20,6.8,7.0,6.8,7.0,250,EQ,,,
1998-01-21,7.05,7.25,7.05,7.25,300,EQ,,,
1998-01-23,7.0,7.0,7.0,7.0,50,EQ,,,
1998-01-27,7.1,7.1,6.5,6.55,750,EQ,,,
1998-01-28,6.6,6.6,6.6,6.6,50,EQ,,,
1998-01-29,6.7,6.7,6.7,6.7,100,EQ,,,
1998-01-30,6.75,6.75,6.7,6.7,100,EQ,,,
1998-02-02,6.6,6.7,6.6,6.65,200,EQ,,,
1998-02-03,6.6,6.6,6.6,6.6,150,EQ,,,
1998-02-04,6.6,6.7,6.3,6.3,1450,EQ,,,
1998-02-05,6.25,6.5,6.25,6.3,200,EQ,,,
1998-02-06,6.25,6.35,6.15,6.35,400,EQ,,,
1998-02-09,6.15,6.15,5.95,6.15,600,EQ,,,
1998-02-10,6.15,6.2,5.6,5.6,1100,EQ,,,
1998-02-11,6.1,6.15,6.0,6.15,3150,EQ,,,
1998-02-12,6.25,6.25,6.1,6.1,3750,EQ,,,
1998-02-13,6.1,6.4,6.1,6.4,5650,EQ,,,
1998-02-17,6.4,6.55,6.3,6.5,6700,EQ,,,
1998-02-18,6.5,6.8,6.45,6.6,9050,EQ,,,
1998-02-19,6.6,6.75,6.6,6.65,6500,EQ,,,
1998-02-20,6.5,6.6,6.45,6.55,3700,EQ,,,
1998-02-23,6.6,6.6,6.1,6.4,9600,EQ,,,
1998-02-24,6.5,6.5,6.3,6.45,4000,EQ,,,
1998-02-25,6.5,6.6,6.5,6.6,2800,EQ,,,
1998-02-26,6.7,6.8,6.5,6.6,4200,EQ,,,
1998-02-27,6.6,6.8,6.6,6.75,3750,EQ,,,
1998-03-02,6.85,7.3,6.8,7.2,10400,EQ,,,
1998-03-03,7.7,7.7,6.8,7.0,6450,EQ,,,
1998-03-04,7.0,7.4,7.0,7.3,5450,EQ,,,
1998-03-05,7.3,7.3,7.0,7.1,3750,EQ,,,
1998-03-06,7.0,7.1,6.9,7.1,1950,EQ,,,
1998-03-09,7.0,7.15,7.0,7.05,1950,EQ,,,
1998-03-10,7.1,7.1,7.0,7.0,4700,EQ,,,
1998-03-11,7.1,7.5,7.1,7.25,7700,EQ,,,
1998-03-12,7.15,7.2,7.1,7.2,2100,EQ,,,
1998-03-16,7.25,7.9,7.25,7.9,8800,EQ,,,
1998-03-17,8.3,8.7,8.2,8.7,11800,EQ,,,
1998-03-18,8.2,8.45,8.2,8.35,3500,EQ,,,
1998-03-19,7.6,8.9,7.6,8.45,1400,EQ,,,
1998-03-20,8.3,8.4,8.3,8.3,400,EQ,,,
1998-03-24,8.4,8.85,8.25,8.75,4200,EQ,,,
1998-03-25,9.1,9.4,9.1,9.4,1350,EQ,,,
1998-03-26,9.5,9.85,9.5,9.5,400,EQ,,,
1998-03-27,9.85,9.85,9.65,9.7,250,EQ,,,
1998-03-30,9.8,9.95,9.75,9.8,600,EQ,,,
1998-03-31,10.0,10.1,9.5,9.9,1250,EQ,,,
1998-04-01,10.0,10.6,10.0,10.2,1250,EQ,,,
1998-04-02,10.4,10.5,10.2,10.2,750,EQ,,,
1998-04-03,10.0,10.0,9.75,9.8,450,EQ,,,
1998-04-06,9.7,9.7,9.1,9.1,450,EQ,,,
1998-04-07,9.5,9.5,8.2,8.25,1300,EQ,,,
1998-04-09,8.5,9.0,8.5,8.95,550,EQ,,,
1998-04-10,9.1,9.1,8.95,9.1,950,EQ,,,
1998-04-13,8.9,9.95,8.9,9.9,650,EQ,,,
1998-04-15,10.55,10.9,10.2,10.9,1050,EQ,,,
1998-04-16,11.05,11.05,10.5,10.6,1100,EQ,,,
1998-04-17,10.6,10.6,10.4,10.4,300,EQ,,,
1998-04-20,9.8,10.0,9.8,9.8,650,EQ,,,
1998-04-21,9.6,9.6,9.2,9.5,500,EQ,,,
1998-04-22,9.8,10.2,9.8,10.2,500,EQ,,,
1998-04-23,9.55,9.55,9.55,9.55,50,EQ,,,
1998-04-24,9.3,9.5,9.2,9.2,350,EQ,,,
1998-04-27,9.4,9.45,9.2,9.45,300,EQ,,,
1998-04-28,9.0,9.0,8.6,8.9,400,EQ,,,
1998-04-29,9.2,9.3,8.25,8.3,500,EQ,,,
1998-04-30,7.8,7.8,7.8,7.8,50,EQ,,,
1998-05-05,8.55,8.7,8.55,8.7,150,EQ,,,
1998-05-06,9.0,9.0,9.0,9.0,100,EQ,,,
1998-05-11,8.35,8.35,8.35,8.35,50,EQ,,,
1998-05-12,7.6,8.0,7.6,8.0,300,EQ,,,
1998-05-13,8.1,8.1,8.0,8.0,200,EQ,,,
1998-05-14,8.0,8.0,7.35,7.9,300,EQ,,,
1998-05-15,8.0,8.0,8.0,8.0,450,EQ,,,
1998-05-19,8.1,8.2,8.1,8.2,100,EQ,,,
1998-05-20,8.5,9.0,8.5,8.95,350,EQ,,,
1998-05-21,8.7,8.7,8.2,8.3,650,EQ,,,
1998-05-25,8.3,8.3,8.3,8.3,100,EQ,,,
1998-05-26,8.0,8.2,8.0,8.2,100,EQ,,,
1998-05-27,8.2,8.9,8.1,8.35,650,EQ,,,
1998-05-28,8.2,8.2,8.0,8.0,350,EQ,,,
1998-06-01,8.1,8.4,8.1,8.15,300,EQ,,,
1998-06-02,7.8,8.1,7.35,7.65,300,EQ,,,
1998-06-04,8.35,8.35,8.35,8.35,50,EQ,,,
1998-06-05,8.0,8.0,7.7,7.7,100,EQ,,,
1998-06-08,7.1,7.1,6.95,6.95,350,EQ,,,
1998-06-09,7.0,7.0,6.7,6.85,450,EQ,,,
1998-06-10,6.3,6.5,6.3,6.5,100,EQ,,,
1998-06-11,6.25,6.25,6.25,6.25,50,EQ,,,
1998-06-12,6.55,6.85,6.55,6.85,300,EQ,,,
1998-06-15,6.5,6.5,6.3,6.4,200,EQ,,,
1998-06-16,6.0,6.0,6.0,6.0,100,EQ,,,
1998-06-17,6.6,6.6,6.6,6.6,100,EQ,,,
1998-06-22,6.2,6.2,6.2,6.2,100,EQ,,,
1998-06-23,6.35,6.4,5.8,5.8,350,EQ,,,
1998-06-24,5.9,6.35,5.9,6.35,200,EQ,,,
1998-06-25,6.2,6.2,6.2,6.2,50,EQ,,,
1998-06-26,6.45,6.45,6.25,6.25,300,EQ,,,
1998-06-29,6.4,6.4,6.4,6.4,250,EQ,,,
1998-06-30,6.4,6.4,6.3,6.4,250,EQ,,,
1998-07-01,6.4,6.4,6.4,6.4,150,EQ,,,
1998-07-02,6.05,6.05,6.0,6.0,300,EQ,,,
1998-07-06,5.7,5.7,5.6,5.6,100,EQ,,,
1998-07-07,5.9,6.15,5.8,6.15,950,EQ,,,
1998-07-08,5.9,5.9,5.9,5.9,50,EQ,,,
1998-07-09,6.0,6.1,6.0,6.1,200,EQ,,,
1998-07-10,6.1,6.1,6.1,6.1,550,EQ,,,
1998-07-16,6.45,6.45,6.45,6.45,150,EQ,,,
1998-07-17,6.5,6.5,6.5,6.5,50,EQ,,,
1998-07-20,6.5,6.95,6.5,6.5,250,EQ,,,
1998-07-21,6.1,6.15,6.1,6.1,150,EQ,,,
1998-07-23,6.0,6.0,6.0,6.0,200,EQ,,,
1998-07-24,6.45,6.45,6.1,6.1,250,EQ,,,
1998-07-27,5.9,5.9,5.9,5.9,50,EQ,,,
1998-07-28,6.05,6.25,6.05,6.25,100,EQ,,,
1998-07-29,6.0,6.0,6.0,6.0,50,EQ,,,
1998-07-30,6.45,6.45,6.45,6.45,100,EQ,,,
1998-07-31,6.1,6.2,6.0,6.2,850,EQ,,,
1998-08-03,6.1,6.1,6.1,6.1,100,EQ,,,
1998-08-04,6.0,6.1,5.8,5.8,250,EQ,,,
1998-08-17,5.4,6.0,5.4,5.9,300,EQ,,,
1998-08-18,5.45,5.45,5.45,5.45,50,EQ,,,
1998-08-20,5.8,5.8,5.8,5.8,100,EQ,,,
1998-08-21,6.15,6.15,5.9,5.9,250,EQ,,,
1998-08-25,6.0,6.0,5.8,5.8,250,EQ,,,
1998-08-27,6.0,6.0,5.8,6.0,500,EQ,,,
1998-08-28,6.1,6.1,6.0,6.0,300,EQ,,,
1998-09-01,5.5,5.5,5.5,5.5,100,EQ,,,
1998-09-03,5.9,5.9,5.9,5.9,50,EQ,,,
1998-09-04,5.95,5.95,5.95,5.95,650,EQ,,,
1998-09-08,5.85,5.85,5.85,5.85,100,EQ,,,
1998-09-09,5.8,5.8,5.8,5.8,100,EQ,,,
1998-09-14,5.9,5.9,5.9,5.9,50,EQ,,,
1998-09-17,5.8,5.8,5.8,5.8,300,EQ,,,
1998-09-21,5.9,5.9,5.9,5.9,100,EQ,,,
1998-09-22,5.9,6.1,5.5,6.1,450,EQ,,,
1998-09-23,5.8,5.8,5.8,5.8,150,EQ,,,
1998-09-28,5.9,5.9,5.9,5.9,100,EQ,,,
1998-10-06,5.6,5.6,5.6,5.6,50,EQ,,,
1998-10-07,5.6,5.6,5.6,5.6,50,EQ,,,
1998-10-08,5.6,5.6,5.4,5.4,100,EQ,,,
1998-10-12,5.7,5.7,5.7,5.7,50,EQ,,,
1998-10-13,5.4,5.4,5.4,5.4,100,EQ,,,
1998-10-16,5.1,5.1,5.1,5.1,100,EQ,,,
1998-10-26,5.5,5.5,5.5,5.5,150,EQ,,,
1998-10-27,5.5,5.5,5.3,5.3,150,EQ,,,
1998-10-28,5.25,5.25,5.15,5.15,300,EQ,,,
1998-10-30,5.2,5.2,5.2,5.2,150,EQ,,,
1998-11-03,5.2,5.2,5.0,5.0,200,EQ,,,
1998-11-05,4.75,4.9,4.75,4.9,150,EQ,,,
1998-11-09,5.3,5.3,5.3,5.3,50,EQ,,,
1998-11-10,5.45,5.45,5.45,5.45,100,EQ,,,
1998-11-11,5.2,5.2,5.2,5.2,50,EQ,,,
1998-11-12,5.2,5.2,5.2,5.2,100,EQ,,,
1998-11-13,5.2,5.2,5.2,5.2,50,EQ,,,
1998-11-16,5.3,5.45,5.3,5.45,200,EQ,,,
1998-11-17,5.6,5.7,5.4,5.4,200,EQ,,,
1998-11-18,5.4,5.4,5.4,5.4,50,EQ,,,
1998-11-19,5.45,5.45,5.45,5.45,50,EQ,,,
1998-11-20,5.2,5.5,5.2,5.3,350,EQ,,,
1998-11-21,5.7,5.7,4.9,5.7,7050,EQ,,,
1998-11-23,6.15,6.15,5.35,5.35,3150,EQ,,,
1998-11-24,5.3,5.4,5.3,5.3,350,EQ,,,
1998-12-01,5.4,5.4,5.3,5.4,350,EQ,,,
1998-12-02,5.3,5.6,5.2,5.4,850,EQ,,,
1998-12-03,5.3,5.6,5.3,5.3,650,EQ,,,
1998-12-07,5.6,5.75,5.6,5.75,400,EQ,,,
1998-12-08,5.8,5.9,5.75,5.9,400,EQ,,,
1998-12-11,6.0,6.0,6.0,6.0,150,EQ,,,
1998-12-14,6.1,6.1,6.0,6.0,200,EQ,,,
1998-12-16,6.1,6.1,6.1,6.1,300,EQ,,,
1998-12-17,6.05,6.4,6.05,6.4,400,EQ,,,
1998-12-18,6.4,6.4,6.2,6.4,350,EQ,,,
1998-12-21,6.7,6.75,6.3,6.3,250,EQ,,,
1998-12-22,6.2,6.2,6.2,6.2,50,EQ,,,
1998-12-24,6.6,6.65,6.6,6.65,250,EQ,,,
1998-12-28,7.0,7.1,7.0,7.1,450,EQ,,,
1998-12-29,6.95,6.95,6.95,6.95,50,EQ,,,
1998-12-30,7.0,7.0,7.0,7.0,50,EQ,,,
1998-12-31,6.7,7.0,6.7,6.9,400,EQ,,,
1999-01-01,6.9,6.9,6.9,6.9,50,EQ,,,
1999-01-04,7.2,7.3,6.9,6.9,350,EQ,,,
1999-01-05,7.0,7.2,7.0,7.2,750,EQ,,,
1999-01-06,7.5,7.8,7.45,7.8,1550,EQ,,,
1999-01-07,8.0,8.4,8.0,8.4,1850,EQ,,,
1999-01-08,8.6,8.6,8.2,8.45,1900,EQ,,,
1999-01-11,7.8,8.35,7.8,8.2,2700,EQ,,,
1999-01-12,8.3,8.7,8.0,8.05,3200,EQ,,,
1999-01-13,8.6,8.7,8.6,8.7,2000,EQ,,,
1999-01-14,8.4,8.5,8.1,8.3,5500,EQ,,,
1999-01-15,8.3,8.35,8.2,8.2,2500,EQ,,,
1999-01-18,8.2,8.2,7.95,8.1,2150,EQ,,,
1999-01-19,8.0,8.0,7.85,7.85,1850,EQ,,,
1999-01-21,7.7,8.0,7.7,8.0,1950,EQ,,,
1999-01-22,7.8,8.1,7.8,8.0,1750,EQ,,,
1999-01-25,7.9,8.2,7.9,8.2,1700,EQ,,,
1999-01-27,8.2,8.3,8.2,8.3,850,EQ,,,
1999-01-28,7.9,8.2,7.9,7.95,1750,EQ,,,
1999-01-29,7.8,8.0,7.7,7.85,2050,EQ,,,
1999-02-01,7.95,7.95,7.8,7.8,200,EQ,,,
1999-02-02,7.6,7.75,7.6,7.75,750,EQ,,,
1999-02-03,7.7,7.7,7.5,7.55,1000,EQ,,,
1999-02-04,7.3,7.3,7.05,7.2,1300,EQ,,,
1999-02-05,7.1,7.2,7.0,7.2,400,EQ,,,
1999-02-08,7.1,7.1,7.1,7.1,300,EQ,,,
1999-02-09,7.1,7.3,6.8,6.8,1550,EQ,,,
1999-02-10,6.8,6.8,6.8,6.8,150,EQ,,,
1999-02-11,6.65,6.65,6.5,6.5,1050,EQ,,,
1999-02-12,6.3,6.5,6.25,6.25,1300,EQ,,,
1999-02-15,6.3,6.3,6.05,6.2,350,EQ,,,
1999-02-16,6.3,6.3,5.75,5.8,2100,EQ,,,
1999-02-17,6.2,6.2,6.2,6.2,100,EQ,,,
1999-02-18,6.6,6.7,6.6,6.7,250,EQ,,,
1999-02-19,6.7,6.7,6.3,6.4,250,EQ,,,
1999-02-23,6.05,6.05,6.05,6.05,200,EQ,,,
1999-02-25,6.3,6.3,6.3,6.3,100,EQ,,,
1999-02-26,6.15,6.15,6.15,6.15,50,EQ,,,
1999-02-27,6.15,6.15,6.15,6.15,50,EQ,,,
1999-03-01,5.9,5.9,5.8,5.8,100,EQ,,,
1999-03-03,5.7,6.1,5.7,5.9,150,EQ,,,
1999-03-05,5.95,6.1,5.95,5.95,200,EQ,,,
1999-03-08,6.4,6.4,6.4,6.4,50,EQ,,,
1999-03-09,6.4,6.4,5.9,5.9,200,EQ,,,
1999-03-11,6.0,6.0,5.8,5.8,100,EQ,,,
1999-03-12,5.8,5.8,5.5,5.5,400,EQ,,,
1999-03-15,5.5,5.5,5.25,5.3,1050,EQ,,,
1999-03-16,5.0,5.65,5.0,5.3,1100,EQ,,,
1999-03-17,5.35,5.35,5.3,5.3,100,EQ,,,
1999-03-18,5.6,5.6,5.6,5.6,50,EQ,,,
1999-03-19,5.65,5.7,5.65,5.7,300,EQ,,,
1999-03-20,5.25,5.85,5.25,5.85,200,EQ,,,
1999-03-22,5.75,5.75,5.75,5.75,200,EQ,,,
1999-03-23,5.8,6.0,5.5,5.5,650,EQ,,,
1999-03-24,5.9,5.9,5.9,5.9,250,EQ,,,
1999-03-25,5.8,6.1,5.8,5.9,550,EQ,,,
1999-03-26,6.1,6.2,6.0,6.2,400,EQ,,,
1999-03-30,6.7,6.7,5.7,5.8,600,EQ,,,
1999-03-31,6.2,6.2,6.2,6.2,200,EQ,,,
1999-04-05,5.8,5.9,5.8,5.8,600,EQ,,,
1999-04-06,5.6,5.6,5.6,5.6,550,EQ,,,
1999-04-07,5.75,6.0,5.7,6.0,350,EQ,,,
1999-04-08,6.2,6.2,5.65,5.65,150,EQ,,,
1999-04-09,5.6,5.6,5.6,5.6,100,EQ,,,
1999-04-12,5.5,5.5,5.5,5.5,200,EQ,,,
1999-04-13,5.3,5.4,5.3,5.3,5050,EQ,,,
1999-04-15,5.65,5.7,5.65,5.7,100,EQ,,,
1999-04-16,5.6,5.9,5.6,5.9,250,EQ,,,
1999-04-17,6.15,6.15,5.4,5.4,250,EQ,,,
1999-04-19,5.3,5.3,5.3,5.3,100,EQ,,,
1999-04-20,5.3,5.3,5.2,5.2,500,EQ,,,
1999-04-23,5.2,5.2,5.2,5.2,100,EQ,,,
1999-04-26,5.0,5.0,5.0,5.0,50,EQ,,,
1999-04-29,4.9,4.9,4.9,4.9,50,EQ,,,
1999-05-03,4.7,4.7,4.7,4.7,1000,EQ,,,
1999-05-05,4.6,4.6,4.5,4.5,1150,EQ,,,
1999-05-06,4.8,4.85,4.65,4.65,550,EQ,,,
1999-05-07,5.0,5.0,5.0,5.0,150,EQ,,,
1999-05-10,4.7,4.95,4.7,4.95,300,EQ,,,
1999-05-11,4.6,4.95,4.6,4.95,250,EQ,,,
1999-05-12,4.95,5.0,4.8,4.8,350,EQ,,,
1999-05-13,4.85,4.85,4.5,4.7,500,EQ,,,
1999-05-14,4.8,4.8,4.8,4.8,200,EQ,,,
1999-05-17,4.85,4.9,4.85,4.85,250,EQ,,,
1999-05-18,4.9,4.9,4.5,4.5,3200,EQ,,,
1999-05-19,4.85,4.85,4.6,4.8,200,EQ,,,
1999-05-20,5.0,5.0,4.4,4.4,1950,EQ,,,
1999-05-21,4.45,4.45,4.1,4.1,10050,EQ,,,
1999-05-24,4.0,4.3,4.0,4.15,2450,EQ,,,
1999-05-25,4.2,4.3,4.15,4.2,2300,EQ,,,
1999-05-26,4.5,4.5,4.3,4.4,350,EQ,,,
1999-05-27,4.45,4.55,4.4,4.45,1550,EQ,,,
1999-05-28,4.4,4.4,4.4,4.4,50,EQ,,,
1999-06-01,4.5,4.5,4.15,4.15,1350,EQ,,,
1999-06-02,4.2,4.3,4.2,4.3,450,EQ,,,
1999-06-03,4.2,4.2,4.2,4.2,100,EQ,,,
1999-06-04,4.4,4.4,4.4,4.4,50,EQ,,,
1999-06-07,4.7,4.7,4.7,4.7,50,EQ,,,
1999-06-08,4.3,4.4,4.3,4.4,150,EQ,,,
1999-06-09,4.4,4.4,4.4,4.4,150,EQ,,,
1999-06-10,4.55,4.55,4.05,4.1,4900,EQ,,,
1999-06-11,4.2,4.2,4.05,4.1,1300,EQ,,,
1999-06-14,4.0,4.0,3.8,3.9,5450,EQ,,,
1999-06-15,3.8,3.8,3.6,3.6,11400,EQ,,,
1999-06-16,3.7,3.8,3.6,3.6,8350,EQ,,,
1999-06-17,3.55,3.7,3.55,3.65,1400,EQ,,,
1999-06-18,3.7,3.9,3.65,3.9,2850,EQ,,,
1999-06-21,3.9,4.0,3.9,4.0,2400,EQ,,,
1999-06-22,3.9,4.05,3.9,4.0,1750,EQ,,,
1999-06-23,4.3,4.35,4.2,4.35,8300,EQ,,,
1999-06-24,4.3,4.65,4.3,4.4,5200,EQ,,,
1999-06-25,4.5,4.75,4.4,4.7,5700,EQ,,,
1999-06-28,4.9,5.1,4.6,5.1,9950,EQ,,,
1999-06-29,5.2,5.45,5.05,5.4,7450,EQ,,,
1999-06-30,5.75,5.75,5.4,5.45,6500,EQ,,,
1999-07-01,5.3,5.45,5.1,5.15,3450,EQ,,,
1999-07-02,5.2,5.4,5.2,5.3,1000,EQ,,,
1999-07-05,5.3,5.45,5.3,5.35,2150,EQ,,,
1999-07-06,5.35,5.35,5.2,5.25,3700,EQ,,,
1999-07-07,5.45,5.5,5.4,5.4,1850,EQ,,,
1999-07-08,5.1,5.35,5.1,5.35,600,EQ,,,
1999-07-09,5.4,5.4,5.15,5.3,450,EQ,,,
1999-07-12,5.4,5.5,5.4,5.4,2400,EQ,,,
1999-07-13,5.45,5.5,5.2,5.25,1900,EQ,,,
1999-07-14,5.2,5.45,5.2,5.45,850,EQ,,,
1999-07-15,5.5,5.5,5.3,5.3,850,EQ,,,
1999-07-16,5.4,5.4,5.4,5.4,150,EQ,,,
1999-07-19,5.35,5.35,5.25,5.3,500,EQ,,,
1999-07-20,5.15,5.2,5.1,5.1,600,EQ,,,
1999-07-21,5.2,5.3,5.2,5.2,950,EQ,,,
1999-07-22,5.4,5.5,5.3,5.4,1050,EQ,,,
1999-07-23,5.2,5.4,5.2,5.3,450,EQ,,,
1999-07-26,5.15,5.3,5.15,5.25,550,EQ,,,
1999-07-27,5.2,5.2,5.1,5.1,1500,EQ,,,
1999-07-28,5.3,5.3,5.2,5.3,1100,EQ,,,
1999-07-29,5.25,5.35,5.25,5.35,450,EQ,,,
1999-07-30,5.3,5.65,5.3,5.5,1200,EQ,,,
1999-08-02,5.3,5.45,5.2,5.2,1650,EQ,,,
1999-08-03,5.25,5.35,5.2,5.25,1750,EQ,,,
1999-08-04,5.5,5.55,5.4,5.4,700,EQ,,,
1999-08-05,5.4,5.4,5.2,5.4,350,EQ,,,
1999-08-06,5.3,5.4,5.3,5.4,350,EQ,,,
1999-08-09,5.35,5.35,5.35,5.35,200,EQ,,,
1999-08-10,5.3,5.4,5.2,5.4,850,EQ,,,
1999-08-11,5.35,5.4,5.35,5.4,600,EQ,,,
1999-08-12,5.4,5.65,5.3,5.6,1200,EQ,,,
1999-08-13,5.95,6.0,5.6,6.0,1100,EQ,,,
1999-08-16,6.0,6.5,6.0,6.5,1650,EQ,,,
1999-08-17,7.0,7.0,6.9,7.0,3450,EQ,,,
1999-08-18,7.45,7.6,7.45,7.6,6150,EQ,,,
1999-08-19,7.9,8.1,7.6,7.7,6700,EQ,,,
1999-08-20,8.15,8.2,7.15,7.55,2250,EQ,,,
1999-08-23,7.4,7.7,7.3,7.4,1150,EQ,,,
1999-08-24,7.45,7.6,7.2,7.5,2400,EQ,,,
1999-08-25,7.35,7.5,7.2,7.35,1850,EQ,,,
1999-08-26,7.3,7.4,7.25,7.3,300,EQ,,,
1999-08-27,7.2,7.2,6.9,7.0,650,EQ,,,
1999-08-30,7.0,7.15,6.9,7.1,1100,EQ,,,
1999-08-31,6.8,6.8,6.6,6.6,1100,EQ,,,
1999-09-01,6.9,6.9,6.5,6.5,150,EQ,,,
1999-09-02,6.2,6.5,6.0,6.5,1600,EQ,,,
1999-09-03,6.8,6.8,6.4,6.75,250,EQ,,,
1999-09-06,6.65,6.65,6.3,6.5,850,EQ,,,
1999-09-07,6.4,6.6,6.4,6.6,900,EQ,,,
1999-09-08,6.85,6.9,6.85,6.9,250,EQ,,,
1999-09-09,6.8,6.9,6.8,6.9,250,EQ,,,
1999-09-10,6.7,6.7,6.7,6.7,100,EQ,,,
1999-09-14,6.75,6.75,6.4,6.45,250,EQ,,,
1999-09-15,6.6,6.6,6.45,6.45,450,EQ,,,
1999-09-16,6.25,6.45,6.2,6.4,1350,EQ,,,
1999-09-17,6.2,6.4,6.1,6.4,300,EQ,,,
1999-09-20,6.2,6.4,6.2,6.2,650,EQ,,,
1999-09-21,6.3,6.5,6.1,6.45,1150,EQ,,,
1999-09-22,6.5,6.5,6.2,6.2,150,EQ,,,
1999-09-23,6.4,6.4,6.4,6.4,200,EQ,,,
1999-09-24,6.3,6.3,6.3,6.3,50,EQ,,,
1999-09-27,6.4,6.4,6.4,6.4,50,EQ,,,
1999-09-28,6.3,6.6,6.0,6.6,350,EQ,,,
1999-09-29,6.8,6.8,6.45,6.45,400,EQ,,,
1999-09-30,6.6,6.6,6.4,6.5,900,EQ,,,
1999-10-01,6.6,6.75,6.5,6.55,400,EQ,,,
1999-10-04,6.35,6.5,6.3,6.5,400,EQ,,,
1999-10-05,6.2,6.4,6.1,6.1,800,EQ,,,
1999-10-06,6.3,6.6,6.3,6.6,400,EQ,,,
1999-10-07,6.5,6.5,6.4,6.4,200,EQ,,,
1999-10-08,6.85,6.85,6.5,6.7,200,EQ,,,
1999-10-11,6.3,6.8,6.3,6.8,1800,EQ,,,
1999-10-12,6.6,6.8,6.6,6.8,1100,EQ,,,
1999-10-13,6.9,7.1,6.7,6.7,1900,EQ,,,
1999-10-14,6.5,7.15,6.5,6.95,600,EQ,,,
1999-10-15,7.1,7.1,6.7,6.8,1300,EQ,,,
1999-10-18,6.7,6.95,6.5,6.5,1200,EQ,,,
1999-10-20,6.45,7.0,6.45,7.0,1100,EQ,,,
1999-10-21,6.8,6.8,6.7,6.7,1150,EQ,,,
1999-10-22,6.8,7.0,6.6,6.6,600,EQ,,,
1999-10-25,6.6,6.9,6.6,6.8,850,EQ,,,
1999-10-26,6.65,6.75,6.6,6.6,1100,EQ,,,
1999-10-27,7.0,7.05,6.7,6.7,600,EQ,,,
1999-10-28,6.8,7.0,6.6,6.6,850,EQ,,,
1999-10-29,6.5,6.7,6.5,6.5,800,EQ,,,
1999-11-01,6.35,6.35,6.3,6.3,450,EQ,,,
1999-11-02,6.2,6.6,6.2,6.6,650,EQ,,,
1999-11-03,6.9,6.9,6.5,6.6,250,EQ,,,
1999-11-04,6.5,6.65,6.4,6.5,1100,EQ,,,
1999-11-09,5.95,6.5,5.95,6.5,550,EQ,,,
1999-11-10,6.3,6.5,6.3,6.4,150,EQ,,,
1999-11-11,6.4,6.4,6.4,6.4,500,EQ,,,
1999-11-12,6.3,6.3,6.3,6.3,100,EQ,,,
1999-11-15,6.3,6.3,6.3,6.3,100,EQ,,,
1999-11-16,6.25,6.25,6.1,6.1,400,EQ,,,
1999-11-17,6.2,6.2,6.2,6.2,150,EQ,,,
1999-11-18,6.2,6.2,5.7,5.7,750,EQ,,,
1999-11-19,6.05,6.15,6.05,6.15,350,EQ,,,
1999-11-22,6.05,6.25,6.0,6.15,700,EQ,,,
1999-11-24,6.2,6.7,6.2,6.45,1150,EQ,,,
1999-11-25,6.5,6.9,6.5,6.8,1050,EQ,,,
1999-11-26,6.9,6.9,6.5,6.5,350,EQ,,,
1999-11-29,6.85,6.85,6.5,6.5,1100,EQ,,,
1999-11-30,6.5,6.55,6.3,6.3,1550,EQ,,,
1999-12-01,6.4,6.4,6.25,6.25,250,EQ,,,
1999-12-02,6.25,6.6,6.2,6.2,750,EQ,,,
1999-12-03,6.4,6.4,6.15,6.15,400,EQ,,,
1999-12-06,6.4,6.55,6.4,6.55,600,EQ,,,
1999-12-07,6.3,6.6,6.1,6.3,1050,EQ,,,
1999-12-08,6.5,6.8,6.5,6.8,1300,EQ,,,
1999-12-09,6.55,6.8,6.5,6.7,1150,EQ,,,
1999-12-10,6.75,6.85,6.55,6.7,1100,EQ,,,
1999-12-13,6.35,6.8,6.15,6.8,350,EQ,,,
1999-12-14,6.45,6.7,6.3,6.3,350,EQ,,,
1999-12-15,6.1,6.1,6.1,6.1,100,EQ,,,
1999-12-16,6.2,6.6,6.2,6.6,700,EQ,,,
1999-12-17,6.95,7.0,6.95,7.0,200,EQ,,,
1999-12-20,7.4,7.4,6.6,7.0,1100,EQ,,,
1999-12-21,7.05,7.1,7.0,7.1,2050,EQ,,,
1999-12-22,7.1,7.6,7.0,7.0,750,EQ,,,
1999-12-23,6.7,6.7,6.7,6.7,800,EQ,,,
1999-12-24,6.7,7.0,6.7,6.95,1500,EQ,,,
1999-12-27,6.7,6.8,6.7,6.7,2350,EQ,,,
1999-12-28,6.7,6.7,6.15,6.2,1400,EQ,,,
1999-12-29,6.65,6.65,6.65,6.65,50,EQ,,,
1999-12-30,6.5,7.1,6.2,7.1,1600,EQ,,,
2000-01-03,7.0,7.7,7.0,7.7,2800,EQ,,,
2000-01-04,7.3,7.7,7.3,7.5,4050,EQ,,,
2000-01-05,7.8,7.8,7.8,7.8,300,EQ,,,
2000-01-06,8.4,8.4,8.4,8.4,400,EQ,,,
2000-01-07,9.1,9.1,7.9,8.55,8050,EQ,,,
2000-01-10,9.0,9.0,7.9,8.2,6750,EQ,,,
2000-01-11,8.2,8.2,7.9,8.2,5700,EQ,,,
2000-01-12,8.3,8.8,8.1,8.8,9100,EQ,,,
2000-01-13,8.8,8.8,8.2,8.3,5100,EQ,,,
2000-01-14,8.3,8.3,8.0,8.3,2800,EQ,,,
2000-01-17,8.0,8.35,8.0,8.25,2000,EQ,,,
2000-01-18,8.15,8.8,8.1,8.45,6200,EQ,,,
2000-01-19,8.55,9.0,8.5,8.9,6750,EQ,,,
2000-01-20,8.9,8.9,8.5,8.6,2300,EQ,,,
2000-01-21,8.5,8.95,8.5,8.7,1900,EQ,,,
2000-01-24,8.75,8.8,8.5,8.55,2250,EQ,,,
2000-01-25,8.7,8.75,8.55,8.7,850,EQ,,,
2000-01-27,8.0,8.5,8.0,8.45,2300,EQ,,,
2000-01-28,8.4,8.5,8.25,8.45,3200,EQ,,,
2000-01-31,8.15,8.2,8.1,8.2,3300,EQ,,,
2000-02-01,8.2,8.2,8.0,8.1,3650,EQ,,,
2000-02-02,7.9,8.0,7.5,7.5,3550,EQ,,,
2000-02-03,7.5,7.8,7.5,7.7,550,EQ,,,
2000-02-04,7.55,7.8,7.55,7.7,750,EQ,,,
2000-02-07,7.8,8.0,7.6,7.7,3100,EQ,,,
2000-02-08,7.8,8.3,7.5,7.9,4450,EQ,,,
2000-02-09,8.2,8.2,7.8,7.95,450,EQ,,,
2000-02-10,7.5,8.1,7.5,8.1,1850,EQ,,,
2000-02-11,7.5,7.5,7.5,7.5,50,EQ,,,
2000-02-14,7.5,7.5,7.5,7.5,50,EQ,,,
2000-02-15,7.0,7.25,6.9,6.9,300,EQ,,,
2000-02-18,6.4,6.4,6.4,6.4,100,EQ,,,
2000-02-21,6.2,6.4,6.0,6.15,750,EQ,,,
2000-02-22,5.9,6.0,5.7,6.0,1150,EQ,,,
2000-02-24,6.0,6.2,6.0,6.2,600,EQ,,,
2000-02-28,6.0,6.5,5.9,6.5,800,EQ,,,
2000-02-29,6.1,6.4,6.0,6.1,600,EQ,,,
2000-03-02,6.2,6.2,5.7,5.7,250,EQ,,,
2000-03-03,6.1,6.1,5.8,6.1,400,EQ,,,
2000-03-06,5.8,5.9,5.8,5.8,800,EQ,,,
2000-03-07,5.9,6.0,5.6,6.0,350,EQ,,,
2000-03-08,6.15,6.2,6.15,6.2,300,EQ,,,
2000-03-09,6.15,6.2,6.15,6.2,200,EQ,,,
2000-03-10,5.9,5.9,5.9,5.9,100,EQ,,,
2000-03-13,5.8,5.8,5.8,5.8,50,EQ,,,
2000-03-14,5.35,5.35,5.35,5.35,800,EQ,,,
2000-03-15,5.05,5.75,5.0,5.6,5750,EQ,,,
2000-03-16,6.0,6.0,5.95,5.95,100,EQ,,,
2000-03-21,5.5,5.5,5.5,5.5,150,EQ,,,
2000-03-22,5.5,5.5,5.4,5.4,100,EQ,,,
2000-03-23,5.1,5.1,5.1,5.1,250,EQ,,,
2000-03-24,5.1,5.3,5.0,5.3,350,EQ,,,
2000-03-27,5.6,5.6,5.6,5.6,50,EQ,,,
2000-03-28,5.4,5.5,5.15,5.5,600,EQ,,,
2000-03-29,5.6,5.6,5.6,5.6,50,EQ,,,
2000-03-31,5.7,5.7,5.7,5.7,350,EQ,,,
2000-04-05,5.95,5.95,5.95,5.95,50,EQ,,,
2000-04-06,5.6,5.6,5.6,5.6,100,EQ,,,
2000-04-07,5.35,5.55,5.35,5.55,250,EQ,,,
2000-04-10,5.2,5.2,5.2,5.2,100,EQ,,,
2000-04-11,5.1,5.1,5.1,5.1,50,EQ,,,
2000-04-12,5.0,5.0,5.0,5.0,100,EQ,,,
2000-04-17,4.7,4.7,4.7,4.7,100,EQ,,,
2000-04-18,4.7,5.0,4.7,4.8,1350,EQ,,,
2000-04-20,4.8,4.8,4.8,4.8,600,EQ,,,
2000-04-25,4.45,4.75,4.45,4.45,250,EQ,,,
2000-04-28,4.85,4.85,4.85,4.85,100,EQ,,,
2000-05-02,5.0,5.0,5.0,5.0,100,EQ,,,
2000-05-03,4.6,4.8,4.6,4.8,1250,EQ,,,
2000-05-04,4.8,4.8,4.8,4.8,150,EQ,,,
2000-05-09,4.55,4.65,4.55,4.65,100,EQ,,,
2000-05-10,4.9,4.9,4.8,4.8,100,EQ,,,
2000-05-11,5.0,5.1,4.8,4.85,500,EQ,,,
2000-05-12,4.85,4.85,4.8,4.8,300,EQ,,,
2000-05-15,4.75,4.75,4.75,4.75,150,EQ,,,
2000-05-16,4.75,5.0,4.75,5.0,700,EQ,,,
2000-05-17,4.9,5.2,4.9,4.9,400,EQ,,,
2000-05-18,5.25,5.25,5.25,5.25,50,EQ,,,
2000-05-19,4.85,4.85,4.8,4.8,150,EQ,,,
2000-05-23,4.5,4.5,4.5,4.5,150,EQ,,,
2000-05-25,4.4,4.4,4.3,4.3,100,EQ,,,
2000-05-26,4.2,4.2,4.2,4.2,50,EQ,,,
2000-06-05,4.35,4.35,4.35,4.35,50,EQ,,,
2000-06-06,4.6,4.6,4.6,4.6,100,EQ,,,
2000-06-07,4.95,4.95,4.95,4.95,100,EQ,,,
2000-06-12,5.0,5.0,4.65,4.8,300,EQ,,,
2000-06-13,4.6,4.85,4.6,4.7,350,EQ,,,
2000-06-19,4.8,4.8,4.8,4.8,100,EQ,,,
2000-06-20,5.1,5.1,4.8,4.8,500,EQ,,,
2000-06-26,4.7,4.7,4.5,4.5,2250,EQ,,,
2000-06-27,4.4,4.65,4.4,4.65,300,EQ,,,
2000-06-28,4.7,4.7,4.7,4.7,50,EQ,,,
2000-06-29,4.7,4.7,4.7,4.7,200,EQ,,,
2000-07-07,4.4,4.5,4.4,4.5,300,EQ,,,
2000-07-12,4.85,4.85,4.85,4.85,100,EQ,,,
2000-07-13,4.75,4.75,4.7,4.7,200,EQ,,,
2000-07-14,5.0,5.0,5.0,5.0,50,EQ,,,
2000-07-18,5.0,5.0,5.0,5.0,50,EQ,,,
2000-07-25,5.0,5.05,5.0,5.05,200,EQ,,,
2000-07-26,4.85,4.85,4.85,4.85,100,EQ,,,
2000-07-27,4.9,5.0,4.9,5.0,150,EQ,,,
2000-07-28,5.1,5.1,5.1,5.1,50,EQ,,,
2000-08-01,4.8,4.8,4.7,4.8,600,EQ,,,
2000-08-02,4.85,4.85,4.85,4.85,150,EQ,,,
2000-08-08,4.6,4.6,4.5,4.5,200,EQ,,,
2000-08-10,4.6,4.6,4.6,4.6,50,EQ,,,
2000-08-18,4.95,4.95,4.25,4.9,250,EQ,,,
2000-09-04,5.0,5.0,5.0,5.0,100,EQ,,,
2000-09-05,4.85,4.85,4.6,4.8,250,EQ,,,
2000-09-15,4.9,4.9,4.9,4.9,100,EQ,,,
2000-09-18,4.95,4.95,4.95,4.95,100,EQ,,,
2000-09-19,5.0,5.0,5.0,5.0,50,EQ,,,
2000-09-25,4.9,4.9,4.9,4.9,100,EQ,,,
2000-09-26,4.5,4.5,4.5,4.5,200,EQ,,,
2000-09-27,4.5,4.5,4.5,4.5,100,EQ,,,
2000-10-03,4.8,4.85,4.8,4.85,100,EQ,,,
2000-10-04,4.5,4.7,4.5,4.7,250,EQ,,,
2000-10-05,4.6,4.6,4.6,4.6,100,EQ,,,
2000-10-10,4.5,4.5,4.5,4.5,100,EQ,,,
2000-10-11,4.7,4.7,4.7,4.7,100,EQ,,,
2000-10-13,4.7,4.7,4.6,4.6,300,EQ,,,
2000-10-17,4.5,4.5,4.5,4.5,300,EQ,,,
2000-10-18,4.5,4.5,4.5,4.5,100,EQ,,,
2000-10-24,4.25,4.25,4.25,4.25,50,EQ,,,
2000-11-01,5.15,5.15,4.6,4.8,300,EQ,,,
2000-11-02,4.9,4.95,4.9,4.95,100,EQ,,,
2000-11-07,4.65,4.65,4.65,4.65,50,EQ,,,
2000-11-21,5.15,5.15,5.1,5.1,100,EQ,,,
2000-11-24,5.15,5.4,5.15,5.4,100,EQ,,,
2000-11-27,5.2,5.2,5.0,5.0,700,EQ,,,
2000-11-28,5.0,5.2,5.0,5.2,350,EQ,,,
2000-11-29,5.55,5.55,5.55,5.55,100,EQ,,,
2000-11-30,6.0,6.0,5.95,5.95,100,EQ,,,
2000-12-01,6.4,6.45,6.4,6.45,250,EQ,,,
2000-12-04,6.8,6.95,6.75,6.95,800,EQ,,,
2000-12-05,7.35,7.5,6.8,6.9,800,EQ,,,
2000-12-06,7.3,7.3,7.0,7.1,2150,EQ,,,
2000-12-07,6.8,6.8,6.55,6.6,1700,EQ,,,
2000-12-08,6.4,6.45,6.2,6.3,2900,EQ,,,
2000-12-11,6.65,6.7,6.3,6.6,1800,EQ,,,
2000-12-12,6.7,6.8,6.3,6.45,4300,EQ,,,
2000-12-15,6.6,6.6,6.6,6.6,100,EQ,,,
2000-12-18,7.15,7.15,7.15,7.15,250,EQ,,,
2000-12-19,7.7,7.7,7.7,7.7,1900,EQ,,,
2000-12-20,7.7,7.7,7.1,7.1,2350,EQ,,,
2000-12-21,7.6,7.6,6.7,7.25,500,EQ,,,
2000-12-22,7.3,7.3,7.15,7.3,900,EQ,,,
2000-12-26,7.4,7.4,7.1,7.1,400,EQ,,,
2000-12-27,6.8,6.8,6.8,6.8,550,EQ,,,
2000-12-28,6.85,6.85,6.85,6.85,200,EQ,,,
2000-12-29,7.0,7.2,7.0,7.2,550,EQ,,,
2001-01-01,7.4,7.4,7.4,7.4,50,EQ,,,
2001-01-02,7.9,7.9,7.3,7.4,450,EQ,,,
2001-01-03,7.95,7.95,7.4,7.4,150,EQ,,,
2001-01-04,7.25,7.25,6.95,7.15,500,EQ,,,
2001-01-05,7.2,7.2,7.2,7.2,100,EQ,,,
2001-01-08,6.8,7.3,6.8,7.3,400,EQ,,,
2001-01-09,7.1,7.35,7.1,7.35,150,EQ,,,
2001-01-10,7.2,7.2,7.2,7.2,50,EQ,,,
2001-01-11,7.0,7.0,7.0,7.0,550,EQ,,,
2001-01-12,6.9,6.95,6.9,6.95,750,EQ,,,
2001-01-15,6.9,6.9,6.5,6.7,1300,EQ,,,
2001-01-16,6.6,6.6,6.2,6.35,2350,EQ,,,
2001-01-17,6.25,6.25,6.2,6.2,150,EQ,,,
2001-01-18,6.5,6.5,6.5,6.5,50,EQ,,,
2001-01-19,6.0,6.6,6.0,6.0,200,EQ,,,
2001-01-23,6.1,6.1,6.0,6.0,150,EQ,,,
2001-01-24,6.2,6.2,6.2,6.2,250,EQ,,,
2001-01-30,6.0,6.5,6.0,6.5,200,EQ,,,
2001-02-01,6.0,6.0,6.0,6.0,150,EQ,,,
2001-02-05,5.7,5.7,5.55,5.55,200,EQ,,,
2001-02-06,5.6,6.0,5.6,6.0,300,EQ,,,
2001-02-08,6.0,6.0,5.7,5.7,600,EQ,,,
2001-02-09,5.55,5.55,5.5,5.5,2450,EQ,,,
2001-02-12,5.4,5.4,5.3,5.3,150,EQ,,,
2001-02-13,5.4,5.6,5.4,5.4,550,EQ,,,
2001-02-14,5.5,5.75,5.5,5.65,950,EQ,,,
2001-02-15,5.5,5.55,5.35,5.45,700,EQ,,,
2001-02-16,5.45,5.6,5.4,5.4,300,EQ,,,
2001-02-19,5.5,5.7,5.4,5.7,800,EQ,,,
2001-02-20,5.6,5.7,5.5,5.55,650,EQ,,,
2001-02-21,5.75,5.8,5.75,5.8,200,EQ,,,
2001-02-22,5.8,5.8,5.8,5.8,100,EQ,,,
2001-02-23,5.4,5.4,5.4,5.4,300,EQ,,,
2001-02-26,5.5,5.5,5.5,5.5,100,EQ,,,
2001-02-27,5.5,5.75,5.2,5.75,600,EQ,,,
2001-03-01,5.4,5.9,5.3,5.9,500,EQ,,,
2001-03-07,5.45,5.5,5.45,5.5,150,EQ,,,
2001-03-09,5.15,5.15,5.15,5.15,100,EQ,,,
2001-03-13,5.1,5.1,5.1,5.1,50,EQ,,,
2001-03-21,4.8,4.9,4.8,4.9,200,EQ,,,
2001-03-22,4.8,4.9,4.8,4.85,100,EQ,,,
2001-03-23,5.15,5.15,5.15,5.15,50,EQ,,,
2001-03-27,4.8,5.0,4.8,5.0,100,EQ,,,
2001-03-28,4.9,5.0,4.9,4.9,600,EQ,,,
2001-03-29,4.95,4.95,4.95,4.95,50,EQ,,,
2001-03-30,4.9,4.9,4.9,4.9,150,EQ,,,
2001-04-02,4.7,4.7,4.7,4.7,200,EQ,,,
2001-04-03,4.5,4.75,4.5,4.65,950,EQ,,,
2001-04-06,4.6,4.6,4.6,4.6,48,EQ,,,
2001-04-10,4.7,4.7,4.7,4.7,10,EQ,,,
2001-04-12,4.6,4.6,4.4,4.4,110,EQ,,,
2001-04-16,4.4,4.4,4.4,4.4,15,EQ,,,
2001-04-18,4.7,4.7,4.7,4.7,50,EQ,,,
2001-04-19,4.6,4.75,4.6,4.75,180,EQ,,,
2001-04-20,4.65,4.65,4.65,4.65,12,EQ,,,
2001-04-23,4.5,4.9,4.5,4.9,75,EQ,,,
2001-04-24,4.65,4.65,4.55,4.6,12,EQ,,,
2001-04-25,4.8,4.8,4.8,4.8,100,EQ,,,
2001-04-26,4.6,4.6,4.6,4.6,100,EQ,,,
2001-04-27,4.7,4.9,4.65,4.65,250,EQ,,,
2001-05-02,4.5,4.5,4.45,4.45,130,EQ,,,
2001-05-03,4.3,4.5,4.3,4.5,2550,EQ,,,
2001-05-08,4.6,4.6,4.6,4.6,50,EQ,,,
2001-05-10,4.3,4.3,4.25,4.25,185,EQ,,,
2001-05-11,4.0,4.0,4.0,4.0,800,EQ,,,
2001-05-14,4.0,4.0,3.9,3.9,125,EQ,,,
2001-05-15,3.65,3.65,3.65,3.65,250,EQ,,,
2001-05-16,3.7,3.7,3.65,3.65,5010,EQ,,,
2001-05-17,3.8,3.8,3.7,3.7,550,EQ,,,
2001-05-18,3.75,3.75,3.6,3.6,750,EQ,,,
2001-05-21,3.75,3.75,3.7,3.75,600,EQ,,,
2001-05-22,3.7,4.05,3.7,3.85,1820,EQ,,,
2001-05-23,3.95,4.05,3.75,3.9,1432,EQ,,,
2001-05-25,4.0,4.15,4.0,4.1,357,EQ,,,
2001-05-28,4.1,4.2,4.05,4.05,274,EQ,,,
2001-05-29,3.9,4.2,3.9,4.1,1007,EQ,,,
2001-05-30,4.1,4.2,4.1,4.2,395,EQ,,,
2001-06-05,4.2,4.2,3.9,3.9,200,EQ,,,
2001-06-06,3.7,3.75,3.6,3.6,6247,EQ,,,
2001-06-07,3.65,3.7,3.65,3.7,356,EQ,,,
2001-06-08,3.65,3.7,3.6,3.7,706,EQ,,,
2001-06-11,3.75,3.75,3.65,3.7,460,EQ,,,
2001-06-12,3.6,3.7,3.5,3.6,690,EQ,,,
2001-06-14,3.7,3.7,3.4,3.5,2700,EQ,,,
2001-06-15,3.55,3.6,3.4,3.5,660,EQ,,,
2001-06-18,3.4,3.4,3.4,3.4,150,EQ,,,
2001-06-19,3.65,3.65,3.3,3.4,327,EQ,,,
2001-06-21,3.4,3.65,3.4,3.65,120,EQ,,,
2001-06-22,3.7,3.75,3.7,3.75,400,EQ,,,
2001-06-25,3.5,3.5,3.5,3.5,450,EQ,,,
2001-06-26,3.6,3.6,3.5,3.6,1400,EQ,,,
2001-06-29,3.5,3.55,3.5,3.55,337,EQ,,,
2001-07-02,3.3,3.3,3.3,3.3,15,EQ,,,
2001-07-05,3.4,3.4,3.4,3.4,200,BE,,,
2001-07-06,3.3,3.3,3.3,3.3,100,EQ,,,
2001-07-10,3.2,3.2,3.1,3.1,600,BE,,,
2001-07-11,3.15,3.3,2.9,2.9,4521,BE,,,
2001-07-12,3.1,3.1,2.9,2.9,920,BE,,,
2001-07-13,3.0,3.15,2.9,3.1,772,BE,,,
2001-07-16,3.3,3.3,3.3,3.3,200,EQ,,,
2001-07-17,3.1,3.1,3.1,3.1,32,BE,,,
2001-07-18,3.1,3.1,3.1,3.1,18,BE,,,
2001-07-19,3.0,3.0,2.9,2.9,460,BE,,,
2001-07-20,2.8,3.0,2.8,3.0,53,BE,,,
2001-07-24,2.8,3.0,2.8,3.0,199,BE,,,
2001-07-25,2.8,2.8,2.8,2.8,51,BE,,,
2001-07-26,2.9,2.9,2.7,2.9,502,BE,,,
2001-07-27,2.7,2.8,2.7,2.75,549,BE,,,
2001-07-30,2.85,2.85,2.85,2.85,50,BE,,,
2001-08-01,2.75,2.75,2.75,2.75,100,BE,,,
2001-08-03,2.7,2.7,2.7,2.7,100,BE,,,
2001-08-06,2.7,2.7,2.7,2.7,75,BE,,,
2001-08-07,2.9,2.9,2.8,2.8,310,BE,,,
2001-08-13,2.9,2.9,2.9,2.9,100,BE,,,
2001-08-14,2.9,2.9,2.9,2.9,100,BE,,,
2001-08-16,3.0,3.1,2.9,2.9,301,BE,,,
2001-08-17,3.0,3.1,2.9,2.9,404,BE,,,
2001-08-21,3.15,3.15,3.05,3.1,301,BE,,,
2001-08-23,3.1,3.1,3.1,3.1,100,BE,,,
2001-08-24,3.25,3.3,2.95,3.05,232,BE,,,
2001-08-27,3.25,3.25,3.0,3.0,200,BE,,,
2001-08-28,3.2,3.2,3.2,3.2,100,BE,,,
2001-08-29,3.0,3.0,2.95,2.95,510,BE,,,
2001-08-30,2.8,2.8,2.8,2.8,1,BE,,,
2001-08-31,3.0,3.0,2.9,2.95,198,BE,,,
2001-09-03,2.8,2.8,2.8,2.8,9,BE,,,
2001-09-04,3.0,3.0,3.0,3.0,100,BE,,,
2001-09-05,2.9,2.9,2.9,2.9,200,EQ,,,
2001-09-07,3.1,3.1,2.9,2.9,150,BE,,,
2001-09-10,3.0,3.0,3.0,3.0,6,BE,,,
2001-09-11,3.1,3.1,3.1,3.1,50,BE,,,
2001-09-12,3.3,3.3,3.1,3.1,75,BE,,,
2001-09-13,3.0,3.15,3.0,3.1,124,BE,,,
2001-09-18,3.05,3.05,3.05,3.05,1,BE,,,
2001-09-19,3.15,3.15,3.15,3.15,1,BE,,,
2001-09-20,3.1,3.1,3.05,3.1,545,BE,,,
2001-09-25,2.85,2.85,2.85,2.85,100,BE,,,
2001-09-27,3.0,3.0,3.0,3.0,200,BE,,,
2001-09-28,2.9,3.15,2.9,3.15,189,BE,,,
2001-10-04,2.95,2.95,2.95,2.95,100,BE,,,
2001-10-05,2.8,2.95,2.8,2.95,200,BE,,,
2001-10-08,2.75,2.75,2.75,2.75,5,BE,,,
2001-10-09,2.95,2.95,2.95,2.95,200,BE,,,
2001-10-10,2.8,2.8,2.8,2.8,1,BE,,,
2001-10-11,2.9,2.9,2.9,2.9,100,BE,,,
2001-10-12,3.0,3.0,2.9,2.9,301,BE,,,
2001-10-15,2.8,2.8,2.8,2.8,100,BE,,,
2001-10-17,3.0,3.0,3.0,3.0,100,BE,,,
2001-10-18,3.15,3.15,3.0,3.1,252,BE,,,
2001-10-23,2.85,3.05,2.85,2.9,225,BE,,,
2001-10-24,3.0,3.0,3.0,3.0,75,BE,,,
2001-10-25,2.85,3.0,2.85,3.0,175,BE,,,
2001-10-29,2.95,2.95,2.95,2.95,50,BE,,,
2001-10-30,3.0,3.0,3.0,3.0,400,BE,,,
2001-11-01,2.8,2.8,2.8,2.8,71,BE,,,
2001-11-02,2.85,2.85,2.85,2.85,200,BE,,,
2001-11-06,3.1,3.1,3.1,3.1,1,BE,,,
2001-11-08,3.2,3.2,2.9,2.9,251,BE,,,
2001-11-09,2.7,2.7,2.7,2.7,15,EQ,,,
2001-11-12,3.15,3.2,3.15,3.2,150,BE,,,
2001-11-13,3.0,3.0,3.0,3.0,500,BE,,,
2001-11-14,3.2,3.2,3.2,3.2,50,BE,,,
2001-11-15,3.25,3.25,3.2,3.25,500,EQ,,,
2001-11-19,3.3,3.3,3.3,3.3,41,EQ,,,
2001-11-20,3.5,3.5,3.5,3.5,224,BE,,,
2001-11-21,3.3,3.4,3.3,3.4,125,BE,,,
2001-11-22,3.5,3.5,3.5,3.5,20,BE,,,
2001-11-23,3.3,3.3,3.3,3.3,10,EQ,,,
2001-11-26,3.5,3.5,3.5,3.5,150,BE,,,
2001-11-27,3.7,3.7,3.7,3.7,100,BE,,,
2001-11-28,3.9,3.9,3.8,3.8,400,EQ,,,
2001-11-29,3.8,3.8,3.7,3.8,550,BE,,,
2001-12-03,4.1,4.1,3.95,4.0,900,BE,,,
2001-12-04,4.0,4.2,4.0,4.2,150,EQ,,,
2001-12-05,3.8,4.1,3.8,4.1,109,EQ,,,
2001-12-06,4.1,4.15,4.1,4.15,200,EQ,,,
2001-12-07,4.0,4.0,4.0,4.0,30,EQ,,,
2001-12-10,4.1,4.1,4.1,4.1,200,EQ,,,
2001-12-11,4.05,4.05,4.05,4.05,50,EQ,,,
2001-12-12,4.1,4.1,4.1,4.1,100,BE,,,
2001-12-13,4.1,4.3,4.0,4.0,200,BE,,,
2001-12-14,4.0,4.15,4.0,4.1,200,EQ,,,
2001-12-18,4.15,4.15,4.15,4.15,100,EQ,,,
2001-12-19,4.2,4.2,4.0,4.0,460,BE,,,
2001-12-20,3.9,4.05,3.8,3.8,367,BE,,,
2001-12-21,3.7,3.75,3.55,3.6,538,BE,,,
2001-12-24,3.75,3.85,3.75,3.85,185,BE,,,
2001-12-26,3.65,3.8,3.65,3.8,120,BE,,,
2001-12-27,3.7,3.8,3.7,3.8,110,BE,,,
2001-12-28,3.65,3.65,3.65,3.65,125,BE,,,
2001-12-31,3.7,3.7,3.7,3.7,100,EQ,,,
2002-01-01,3.7,3.8,3.7,3.8,200,EQ,,,
2002-01-02,3.8,3.8,3.8,3.8,60,EQ,,,
2002-01-03,4.0,4.0,3.9,4.0,65,EQ,,,
2002-01-07,3.95,3.95,3.7,3.7,15,EQ,,,
2002-01-11,3.8,3.8,3.5,3.5,110,EQ,,,
2002-01-14,3.7,3.7,3.7,3.7,10,EQ,,,
2002-01-15,3.65,3.65,3.65,3.65,5,EQ,,,
2002-01-17,3.8,3.8,3.65,3.65,431,EQ,,,
2002-01-18,3.6,3.7,3.5,3.7,60,EQ,,,
2002-01-21,3.75,3.9,3.65,3.85,842,EQ,,,
2002-01-23,3.9,3.9,3.7,3.7,402,EQ,,,
2002-01-24,3.7,3.7,3.7,3.7,454,EQ,,,
2002-01-25,3.6,3.6,3.6,3.6,34,EQ,,,
2002-01-28,3.75,3.8,3.7,3.7,382,EQ,,,
2002-01-29,3.3,3.3,3.3,3.3,100,EQ,,,
2002-01-30,3.15,3.4,3.15,3.4,51,EQ,,,
2002-01-31,3.35,3.4,3.35,3.4,225,EQ,,,
2002-02-01,3.2,3.35,3.2,3.3,6,EQ,,,
2002-02-04,3.3,3.3,3.1,3.1,104,EQ,,,
2002-02-05,3.3,3.3,3.15,3.15,25,EQ,,,
2002-02-06,3.25,3.3,3.1,3.1,241,EQ,,,
2002-02-07,3.15,3.15,3.0,3.0,2636,EQ,,,
2002-02-08,2.9,3.0,2.9,2.9,797,EQ,,,
2002-02-11,2.9,2.95,2.8,2.9,2720,EQ,,,
2002-02-12,3.0,3.0,3.0,3.0,40,EQ,,,
2002-02-13,3.1,3.1,3.0,3.0,2363,EQ,,,
2002-02-14,3.0,3.0,2.9,3.0,700,EQ,,,
2002-02-15,2.95,3.0,2.9,2.9,263,EQ,,,
2002-02-18,3.05,3.05,2.9,2.9,300,EQ,,,
2002-02-19,2.9,2.9,2.9,2.9,9,EQ,,,
2002-02-21,3.0,3.1,3.0,3.0,7960,EQ,,,
2002-02-22,3.0,3.0,3.0,3.0,200,EQ,,,
2002-02-25,2.9,3.0,2.9,3.0,176,EQ,,,
2002-02-26,3.0,3.0,3.0,3.0,100,EQ,,,
2002-02-27,3.2,3.2,3.05,3.05,112,EQ,,,
2002-02-28,3.1,3.1,3.0,3.0,520,EQ,,,
2002-03-04,2.8,2.95,2.8,2.85,1077,EQ,,,
2002-03-05,2.8,2.9,2.8,2.9,5610,EQ,,,
2002-03-06,3.0,3.0,2.8,2.8,230,EQ,,,
2002-03-07,2.9,2.9,2.85,2.9,316,EQ,,,
2002-03-08,2.9,2.9,2.85,2.9,250,EQ,,,
2002-03-11,2.85,2.85,2.85,2.85,290,EQ,,,
2002-03-12,2.85,2.9,2.85,2.9,207,EQ,,,
2002-03-13,2.9,2.9,2.9,2.9,450,EQ,,,
2002-03-14,2.85,2.85,2.85,2.85,250,EQ,,,
2002-03-15,2.9,3.05,2.9,3.05,2115,EQ,,,
2002-03-18,3.0,3.15,2.95,3.0,1652,EQ,,,
2002-03-19,3.1,3.1,3.0,3.0,102,EQ,,,
2002-03-20,2.9,3.05,2.85,2.9,714,EQ,,,
2002-03-21,2.9,2.9,2.9,2.9,200,EQ,,,
2002-03-22,2.95,2.95,2.95,2.95,150,EQ,,,
2002-03-26,2.75,2.8,2.75,2.8,262,EQ,,,
2002-03-27,3.05,3.05,2.85,2.85,54,EQ,,,
2002-03-28,2.9,2.9,2.8,2.85,200,EQ,,,
2002-04-01,3.1,3.1,3.1,3.1,100,EQ,,,
2002-04-02,3.0,3.0,3.0,3.0,100,EQ,,,
2002-04-03,3.05,3.05,3.05,3.05,100,EQ,,,
2002-04-04,3.2,3.2,2.85,2.85,3545,EQ,,,
2002-04-05,3.1,3.1,3.0,3.05,295,EQ,,,
2002-04-08,3.1,3.25,3.1,3.25,4175,EQ,,,
2002-04-09,3.3,3.5,3.2,3.45,8298,EQ,,,
2002-04-10,3.6,3.6,3.3,3.4,1770,EQ,,,
2002-04-11,3.4,3.5,3.4,3.5,1500,EQ,,,
2002-04-12,3.4,3.4,3.3,3.3,350,EQ,,,
2002-04-15,3.2,3.65,3.2,3.55,1385,EQ,,,
2002-04-16,3.4,3.55,3.4,3.55,1600,EQ,,,
2002-04-17,3.6,3.6,3.3,3.55,250,EQ,,,
2002-04-18,3.6,3.65,3.5,3.5,903,EQ,,,
2002-04-19,3.3,3.65,3.3,3.55,1665,EQ,,,
2002-04-22,3.6,3.6,3.4,3.45,450,EQ,,,
2002-04-23,3.45,3.55,3.4,3.5,1053,EQ,,,
2002-04-24,3.7,3.7,3.6,3.65,688,EQ,,,
2002-04-25,3.6,3.6,3.45,3.5,350,EQ,,,
2002-04-26,3.5,3.5,3.5,3.5,100,EQ,,,
2002-04-29,3.65,3.8,3.65,3.8,665,EQ,,,
2002-04-30,3.6,3.65,3.6,3.6,303,EQ,,,
2002-05-02,3.6,3.6,3.5,3.5,453,EQ,,,
2002-05-03,3.4,3.8,3.4,3.65,1769,EQ,,,
2002-05-06,3.75,3.75,3.6,3.65,1200,EQ,,,
2002-05-07,3.6,3.7,3.6,3.7,250,EQ,,,
2002-05-08,3.8,4.1,3.8,4.0,2611,EQ,,,
2002-05-09,3.9,3.95,3.8,3.8,300,EQ,,,
2002-05-10,3.7,3.7,3.7,3.7,15,EQ,,,
2002-05-13,3.9,4.0,3.9,4.0,350,EQ,,,
2002-05-14,4.3,4.3,3.8,3.8,850,EQ,,,
2002-05-16,3.7,3.7,3.7,3.7,300,EQ,,,
2002-05-17,3.6,3.6,3.6,3.6,100,EQ,,,
2002-05-20,3.5,3.5,3.5,3.5,100,EQ,,,
2002-05-21,3.4,3.4,3.4,3.4,200,EQ,,,
2002-05-22,3.4,3.4,3.35,3.35,100,EQ,,,
2002-05-23,3.3,3.3,3.3,3.3,100,EQ,,,
2002-05-24,3.6,3.6,3.6,3.6,391,EQ,,,
2002-05-27,3.6,3.7,3.4,3.65,625,EQ,,,
2002-05-28,3.55,3.55,3.5,3.5,1600,EQ,,,
2002-05-29,3.4,3.65,3.4,3.65,300,EQ,,,
2002-05-31,3.3,3.5,3.3,3.4,38,EQ,,,
2002-06-04,3.4,3.5,3.4,3.5,800,EQ,,,
2002-06-05,3.7,3.7,3.5,3.7,6,EQ,,,
2002-06-07,3.5,3.65,3.5,3.5,202,EQ,,,
2002-06-10,3.5,3.85,3.5,3.8,911,EQ,,,
2002-06-11,3.7,3.7,3.7,3.7,67,EQ,,,
2002-06-13,3.6,3.7,3.5,3.7,425,EQ,,,
2002-06-14,3.65,3.65,3.65,3.65,200,EQ,,,
2002-06-17,3.65,3.7,3.65,3.65,500,EQ,,,
2002-06-18,3.95,4.05,3.8,4.05,1575,EQ,,,
2002-06-19,3.85,4.0,3.85,4.0,503,EQ,,,
2002-06-20,4.05,4.3,4.0,4.25,2165,EQ,,,
2002-06-21,4.4,4.4,4.1,4.15,910,EQ,,,
2002-06-24,4.25,4.45,4.1,4.25,1155,EQ,,,
2002-06-25,4.2,4.2,4.1,4.1,275,EQ,,,
2002-06-26,4.15,4.15,3.95,4.0,2745,EQ,,,
2002-06-27,3.85,3.85,3.85,3.85,100,EQ,,,
2002-06-28,4.2,4.2,3.85,4.0,9602,EQ,,,
2002-07-01,4.0,4.0,4.0,4.0,7460,EQ,,,
2002-07-02,4.0,4.4,4.0,4.0,1010,EQ,,,
2002-07-03,4.0,4.0,4.0,4.0,3200,EQ,,,
2002-07-04,4.0,4.4,4.0,4.4,2883,EQ,,,
2002-07-05,4.7,4.8,4.6,4.7,14537,EQ,,,
2002-07-08,4.9,5.15,4.9,5.05,10766,EQ,,,
2002-07-09,5.3,5.3,4.9,5.0,3923,EQ,,,
2002-07-10,5.0,5.0,4.7,4.85,2848,EQ,,,
2002-07-11,5.3,5.3,4.4,4.4,957,EQ,,,
2002-07-12,4.45,4.8,4.45,4.5,960,EQ,,,
2002-07-15,4.25,4.6,4.25,4.3,332,EQ,,,
2002-07-16,4.3,4.45,4.2,4.4,350,EQ,,,
2002-07-17,4.2,4.25,4.05,4.15,1700,EQ,,,
2002-07-18,4.45,4.45,4.45,4.45,10,EQ,,,
2002-07-19,4.15,4.35,4.15,4.35,121,EQ,,,
2002-07-22,4.3,4.3,3.9,3.95,852,EQ,,,
2002-07-23,4.2,4.2,3.9,4.1,452,EQ,,,
2002-07-24,4.1,4.1,3.8,3.85,1678,EQ,,,
2002-07-25,4.0,4.0,3.65,3.7,1581,EQ,,,
2002-07-26,3.7,3.8,3.6,3.6,856,EQ,,,
2002-07-29,3.65,3.65,3.65,3.65,50,EQ,,,
2002-07-30,3.8,3.8,3.5,3.5,229,EQ,,,
2002-07-31,3.45,3.45,3.45,3.45,800,EQ,,,
2002-08-01,3.5,3.55,3.35,3.35,1000,EQ,,,
2002-08-02,3.3,3.5,3.3,3.5,650,EQ,,,
2002-08-05,3.65,3.65,3.45,3.45,302,EQ,,,
2002-08-07,3.5,3.55,3.5,3.55,100,EQ,,,
2002-08-08,3.6,3.65,3.5,3.5,750,EQ,,,
2002-08-09,3.45,3.45,3.2,3.2,775,EQ,,,
2002-08-12,3.5,3.5,3.35,3.4,1251,EQ,,,
2002-08-16,3.5,3.5,3.5,3.5,2,EQ,,,
2002-08-19,3.45,3.45,3.3,3.3,202,EQ,,,
2002-08-20,3.4,3.4,3.2,3.4,752,EQ,,,
2002-08-21,3.3,3.3,3.3,3.3,1000,EQ,,,
2002-08-27,3.35,3.35,3.3,3.3,1150,EQ,,,
2002-08-28,3.3,3.3,3.2,3.25,450,EQ,,,
2002-08-29,3.2,3.2,3.1,3.15,2000,EQ,,,
2002-08-30,3.2,3.2,3.2,3.2,100,EQ,,,
2002-09-02,3.2,3.2,3.2,3.2,100,EQ,,,
2002-09-03,3.2,3.2,3.2,3.2,50,EQ,,,
2002-09-05,3.2,3.2,3.2,3.2,400,EQ,,,
2002-09-06,3.15,3.25,3.15,3.25,200,EQ,,,
2002-09-09,3.2,3.2,3.2,3.2,204,EQ,,,
2002-09-12,3.25,3.25,3.1,3.1,60,EQ,,,
2002-09-13,3.05,3.2,2.9,3.2,660,EQ,,,
2002-09-16,3.3,3.3,3.3,3.3,50,EQ,,,
2002-09-17,3.1,3.2,3.05,3.05,527,EQ,,,
2002-09-18,3.1,3.1,3.1,3.1,724,EQ,,,
2002-09-23,3.1,3.1,3.05,3.05,830,EQ,,,
2002-09-24,3.05,3.05,3.05,3.05,221,EQ,,,
2002-09-25,2.95,3.15,2.9,3.0,250,EQ,,,
2002-10-01,2.95,2.95,2.95,2.95,100,EQ,,,
2002-10-03,3.0,3.0,2.9,2.9,137,EQ,,,
2002-10-04,3.05,3.1,3.0,3.1,300,EQ,,,
2002-10-07,3.1,3.2,3.1,3.15,891,EQ,,,
2002-10-08,3.25,3.25,3.05,3.05,150,EQ,,,
2002-10-09,3.05,3.05,3.05,3.05,34,EQ,,,
2002-10-11,3.1,3.1,3.1,3.1,30,EQ,,,
2002-10-14,3.2,3.2,3.2,3.2,50,EQ,,,
2002-10-16,3.1,3.1,3.0,3.0,300,EQ,,,
2002-10-18,3.1,3.1,3.0,3.0,1000,EQ,,,
2002-10-23,3.1,3.1,3.1,3.1,50,EQ,,,
2002-10-24,3.0,3.0,3.0,3.0,203,EQ,,,
2002-10-25,3.05,3.05,2.9,2.95,816,EQ,,,
2002-10-28,2.95,3.0,2.9,2.9,153,EQ,,,
2002-11-01,3.0,3.1,3.0,3.1,425,EQ,,,
2002-11-05,3.0,3.0,3.0,3.0,525,EQ,,,
2002-11-07,3.1,3.1,3.1,3.1,50,EQ,,,
2002-11-08,3.0,3.0,2.9,2.9,2418,EQ,,,
2002-11-11,2.95,3.0,2.95,3.0,205,EQ,,,
2002-11-12,2.95,3.0,2.9,2.9,550,EQ,,,
2002-11-13,3.0,3.0,2.9,2.9,300,EQ,,,
2002-11-14,2.9,2.9,2.9,2.9,5,EQ,,,
2002-11-15,2.9,3.0,2.9,2.95,450,EQ,,,
2002-11-18,2.9,2.9,2.9,2.9,50,EQ,,,
2002-11-20,3.0,3.05,2.95,3.0,1850,EQ,,,
2002-11-22,3.1,3.1,3.05,3.1,1000,EQ,,,
2002-11-25,2.9,3.0,2.9,3.0,320,EQ,,,
2002-11-26,2.9,3.1,2.9,3.1,505,EQ,,,
2002-11-27,3.0,3.1,3.0,3.0,580,EQ,,,
2002-11-28,3.1,3.1,3.1,3.1,10,EQ,,,
2002-11-29,3.1,3.1,3.0,3.0,400,EQ,,,
2002-12-02,3.0,3.15,3.0,3.15,625,EQ,,,
2002-12-03,3.15,3.15,3.15,3.15,15,EQ,,,
2002-12-04,3.15,3.3,3.0,3.15,1740,EQ,,,
2002-12-05,3.2,3.4,3.1,3.4,408,EQ,,,
2002-12-06,3.15,3.15,3.15,3.15,100,EQ,,,
2002-12-09,3.4,3.4,3.25,3.25,265,EQ,,,
2002-12-10,3.25,3.25,3.1,3.1,67,EQ,,,
2002-12-12,3.2,3.4,3.2,3.25,883,EQ,,,
2002-12-13,3.35,3.35,3.3,3.3,120,EQ,,,
2002-12-16,3.3,3.3,3.1,3.2,670,EQ,,,
2002-12-17,3.1,3.1,3.1,3.1,250,EQ,,,
2002-12-18,3.2,3.2,3.2,3.2,78,EQ,,,
2002-12-19,3.1,3.1,3.1,3.1,190,EQ,,,
2002-12-20,3.2,3.2,3.2,3.2,300,EQ,,,
2002-12-23,3.1,3.1,3.1,3.1,100,EQ,,,
2002-12-24,3.2,3.3,3.15,3.3,1650,EQ,,,
2002-12-26,3.15,3.3,3.15,3.3,548,EQ,,,
2002-12-27,3.4,3.4,3.3,3.3,307,EQ,,,
2002-12-30,3.3,3.45,3.3,3.35,327,EQ,,,
2002-12-31,3.3,3.3,3.3,3.3,69,EQ,,,
2003-01-01,3.4,3.4,3.3,3.4,1397,EQ,,,
2003-01-03,3.3,3.3,3.3,3.3,100,EQ,,,
2003-01-06,3.15,3.15,3.15,3.15,935,EQ,,,
2003-01-07,3.3,3.3,3.3,3.3,200,EQ,,,
2003-01-08,3.3,3.35,3.2,3.2,527,EQ,,,
2003-01-09,3.3,3.3,3.2,3.2,75,EQ,,,
2003-01-10,3.2,3.3,3.1,3.15,720,EQ,,,
2003-01-13,3.2,3.25,3.2,3.2,709,EQ,,,
2003-01-14,3.2,3.3,3.1,3.25,399,EQ,,,
2003-01-15,3.3,3.3,3.3,3.3,5,EQ,,,
2003-01-16,3.15,3.3,3.15,3.3,150,EQ,,,
2003-01-17,3.2,3.3,3.2,3.3,402,EQ,,,
2003-01-20,3.3,3.3,3.25,3.3,700,EQ,,,
2003-01-21,3.3,3.3,3.25,3.25,300,EQ,,,
2003-01-22,3.2,3.25,3.2,3.25,296,EQ,,,
2003-01-23,3.25,3.25,3.25,3.25,102,EQ,,,
2003-01-24,3.15,3.2,3.15,3.15,146,EQ,,,
2003-01-27,3.15,3.15,2.95,3.1,450,EQ,,,
2003-01-29,3.3,3.3,3.2,3.2,550,EQ,,,
2003-01-30,3.2,3.2,3.2,3.2,5,EQ,,,
2003-01-31,3.2,3.2,3.0,3.0,575,EQ,,,
2003-02-03,3.05,3.1,3.05,3.1,499,EQ,,,
2003-02-04,3.1,3.1,3.0,3.05,450,EQ,,,
2003-02-05,3.1,3.1,2.95,3.0,1600,EQ,,,
2003-02-06,3.0,3.0,3.0,3.0,300,EQ,,,
2003-02-07,3.0,3.0,3.0,3.0,555,EQ,,,
2003-02-10,3.0,3.1,3.0,3.0,352,EQ,,,
2003-02-11,3.05,3.1,3.0,3.0,450,EQ,,,
2003-02-14,3.05,3.05,3.0,3.0,530,EQ,,,
2003-02-17,3.0,3.3,3.0,3.3,5325,EQ,,,
2003-02-18,3.45,3.65,3.45,3.65,5849,EQ,,,
2003-02-19,3.65,3.65,3.5,3.5,745,EQ,,,
2003-02-20,3.4,3.5,3.4,3.4,375,EQ,,,
2003-02-21,3.45,3.5,3.4,3.45,530,EQ,,,
2003-02-24,3.5,3.5,3.4,3.4,800,EQ,,,
2003-02-25,3.4,3.4,3.4,3.4,325,EQ,,,
2003-02-26,3.4,3.4,3.4,3.4,1065,EQ,,,
2003-02-27,3.3,3.3,3.3,3.3,500,EQ,,,
2003-02-28,3.3,3.3,3.2,3.2,960,EQ,,,
2003-03-03,3.1,3.2,3.1,3.2,450,EQ,,,
2003-03-04,3.3,3.3,3.1,3.1,60,EQ,,,
2003-03-05,3.1,3.1,2.95,3.0,1533,EQ,,,
2003-03-06,3.0,3.0,3.0,3.0,200,EQ,,,
2003-03-07,2.9,2.9,2.9,2.9,100,EQ,,,
2003-03-10,2.85,2.85,2.85,2.85,100,EQ,,,
2003-03-11,2.8,2.8,2.75,2.8,3100,EQ,,,
2003-03-12,2.8,2.8,2.75,2.75,2300,EQ,,,
2003-03-13,2.7,2.75,2.7,2.7,6895,EQ,,,
2003-03-17,2.7,2.8,2.7,2.8,2225,EQ,,,
2003-03-19,2.75,2.75,2.75,2.75,100,EQ,,,
2003-03-20,2.8,2.8,2.75,2.8,585,EQ,,,
2003-03-21,2.7,2.9,2.7,2.9,1002,EQ,,,
2003-03-22,2.9,3.0,2.9,3.0,150,EQ,,,
2003-03-25,2.95,2.95,2.75,2.75,75,EQ,,,
2003-03-26,2.8,2.8,2.8,2.8,50,EQ,,,
2003-03-28,2.75,2.75,2.75,2.75,100,EQ,,,
2003-03-31,2.7,2.7,2.6,2.6,200,EQ,,,
2003-04-01,2.7,2.7,2.65,2.65,1842,EQ,,,
2003-04-02,2.7,2.8,2.7,2.8,431,EQ,,,
2003-04-03,2.7,2.7,2.7,2.7,50,EQ,,,
2003-04-07,3.0,3.0,2.85,3.0,2025,EQ,,,
2003-04-09,2.85,2.85,2.85,2.85,100,EQ,,,
2003-04-10,2.85,2.85,2.85,2.85,50,EQ,,,
2003-04-15,3.0,3.0,3.0,3.0,550,EQ,,,
2003-04-22,3.0,3.0,3.0,3.0,500,EQ,,,
2003-04-23,2.8,3.0,2.75,2.9,350,EQ,,,
2003-04-25,3.05,3.05,3.0,3.0,600,EQ,,,
2003-04-28,3.0,3.0,3.0,3.0,100,EQ,,,
2003-04-30,3.05,3.05,3.05,3.05,200,EQ,,,
2003-05-02,3.05,3.05,3.05,3.05,51,EQ,,,
2003-05-06,3.0,3.0,3.0,3.0,100,EQ,,,
2003-05-07,2.9,2.9,2.9,2.9,100,EQ,,,
2003-05-08,2.8,2.9,2.8,2.8,980,EQ,,,
2003-05-09,3.0,3.0,2.85,2.85,200,EQ,,,
2003-05-12,2.9,2.95,2.9,2.9,442,EQ,,,
2003-05-13,2.9,3.1,2.9,3.0,2448,EQ,,,
2003-05-14,3.2,3.3,3.1,3.2,1088,EQ,,,
2003-05-15,3.25,3.4,3.25,3.3,2072,EQ,,,
2003-05-16,3.3,3.4,3.2,3.2,652,EQ,,,
2003-05-19,3.2,3.35,3.2,3.3,1515,EQ,,,
2003-05-20,3.2,3.3,3.2,3.3,1205,EQ,,,
2003-05-21,3.3,3.5,3.2,3.2,697,EQ,,,
2003-05-22,3.3,3.3,3.15,3.15,385,EQ,,,
2003-05-23,3.2,3.2,3.15,3.2,455,EQ,,,
2003-05-26,3.2,3.2,3.2,3.2,615,EQ,,,
2003-05-27,3.2,3.2,3.2,3.2,300,EQ,,,
2003-05-28,3.1,3.1,3.1,3.1,30,EQ,,,
2003-05-29,3.2,3.3,3.0,3.3,373,EQ,,,
2003-05-30,3.25,3.4,3.25,3.3,140,EQ,,,
2003-06-02,3.2,3.3,3.2,3.25,557,EQ,,,
2003-06-03,3.15,3.2,3.15,3.2,220,EQ,,,
2003-06-04,3.4,3.4,3.35,3.4,1770,EQ,,,
2003-06-05,3.2,3.5,3.2,3.4,1247,EQ,,,
2003-06-06,3.5,3.6,3.5,3.6,2492,EQ,,,
2003-06-09,3.6,3.65,3.5,3.5,3480,EQ,,,
2003-06-10,3.3,3.8,3.3,3.75,2360,EQ,,,
2003-06-11,3.65,4.1,3.65,4.1,7091,EQ,,,
2003-06-12,4.45,4.45,4.0,4.0,6109,EQ,,,
2003-06-13,4.0,4.1,3.95,4.0,1050,EQ,,,
2003-06-16,3.9,4.0,3.85,3.9,2515,EQ,,,
2003-06-17,3.85,3.9,3.8,3.8,1470,EQ,,,
2003-06-18,3.9,3.9,3.7,3.9,3065,EQ,,,
2003-06-19,4.05,4.25,4.0,4.25,7224,EQ,,,
2003-06-20,4.2,4.3,4.15,4.2,2740,EQ,,,
2003-06-23,4.2,4.3,4.1,4.1,1451,EQ,,,
2003-06-24,3.9,4.15,3.9,4.1,895,EQ,,,
2003-06-25,4.1,4.25,3.95,4.0,2086,EQ,,,
2003-06-26,4.3,4.3,4.0,4.0,404,EQ,,,
2003-06-27,4.4,4.4,3.9,4.0,1191,EQ,,,
2003-06-30,4.0,4.3,4.0,4.1,2555,EQ,,,
2003-07-01,4.3,4.3,4.1,4.15,2177,EQ,,,
2003-07-02,4.2,4.2,4.05,4.1,1430,EQ,,,
2003-07-03,4.15,4.3,4.15,4.2,1255,EQ,,,
2003-07-04,4.25,4.25,4.1,4.2,1403,EQ,,,
2003-07-07,4.0,4.2,4.0,4.15,5700,EQ,,,
2003-07-08,4.35,4.45,4.2,4.3,3496,EQ,,,
2003-07-09,4.2,4.3,4.2,4.2,1471,EQ,,,
2003-07-10,4.2,4.2,4.2,4.2,301,EQ,,,
2003-07-11,4.1,4.2,4.1,4.15,800,EQ,,,
2003-07-14,4.1,4.15,4.1,4.15,1005,EQ,,,
2003-07-15,4.05,4.05,3.9,3.9,4002,EQ,,,
2003-07-16,3.9,4.05,3.9,4.0,1620,EQ,,,
2003-07-17,4.0,4.05,4.0,4.0,2172,EQ,,,
2003-07-18,3.85,4.0,3.8,3.95,2700,EQ,,,
2003-07-21,3.8,3.95,3.7,3.8,1625,EQ,,,
2003-07-22,3.7,3.75,3.7,3.75,541,EQ,,,
2003-07-23,3.7,3.8,3.7,3.8,40,EQ,,,
2003-07-24,3.8,4.15,3.8,4.1,775,EQ,,,
2003-07-25,4.05,4.2,4.0,4.15,1601,EQ,,,
2003-07-28,4.2,4.45,4.2,4.35,4580,EQ,,,
2003-07-29,4.35,4.4,4.2,4.4,1280,EQ,,,
2003-07-30,4.05,4.4,4.05,4.3,1940,EQ,,,
2003-07-31,4.2,4.4,4.2,4.3,2679,EQ,,,
2003-08-01,4.2,4.35,4.1,4.2,1815,EQ,,,
2003-08-04,4.1,4.5,4.1,4.3,2650,EQ,,,
2003-08-05,4.35,4.4,4.2,4.25,2013,EQ,,,
2003-08-06,4.2,4.35,4.2,4.35,315,EQ,,,
2003-08-07,4.3,4.5,4.2,4.25,3730,EQ,,,
2003-08-08,4.3,4.4,4.3,4.35,1439,EQ,,,
2003-08-11,4.4,4.45,4.3,4.4,3126,EQ,,,
2003-08-12,4.5,4.5,4.3,4.35,2971,EQ,,,
2003-08-13,4.4,4.5,4.4,4.5,3760,EQ,,,
2003-08-14,4.5,4.9,4.4,4.8,8498,EQ,,,
2003-08-18,5.0,5.25,4.8,5.1,7795,EQ,,,
2003-08-19,5.1,5.1,4.65,4.75,11125,EQ,,,
2003-08-20,4.75,4.9,4.75,4.8,924,EQ,,,
2003-08-21,4.7,4.8,4.5,4.7,1840,EQ,,,
2003-08-22,4.6,4.8,4.6,4.6,4618,EQ,,,
2003-08-25,4.65,4.75,4.3,4.3,2062,EQ,,,
2003-08-26,4.6,4.65,4.6,4.65,200,EQ,,,
2003-08-27,4.5,4.8,4.5,4.8,1000,EQ,,,
2003-08-28,4.6,4.8,4.6,4.65,338,EQ,,,
2003-08-29,4.9,4.9,4.5,4.6,2450,EQ,,,
2003-09-01,4.5,4.7,4.5,4.65,1205,EQ,,,
2003-09-02,4.5,4.6,4.4,4.45,3497,EQ,,,
2003-09-03,4.45,4.5,4.3,4.35,1350,EQ,,,
2003-09-04,4.0,4.65,4.0,4.3,402,EQ,,,
2003-09-05,4.2,4.35,4.2,4.3,367,EQ,,,
2003-09-08,4.4,4.4,4.3,4.35,621,EQ,,,
2003-09-09,4.2,4.3,4.2,4.2,1136,EQ,,,
2003-09-10,4.4,4.4,4.1,4.2,683,EQ,,,
2003-09-11,4.35,4.4,4.15,4.4,489,EQ,,,
2003-09-12,4.15,4.15,4.1,4.1,949,EQ,,,
2003-09-15,3.85,4.3,3.85,4.2,3119,EQ,,,
2003-09-16,3.95,3.95,3.95,3.95,50,EQ,,,
2003-09-17,4.2,4.2,4.2,4.2,205,EQ,,,
2003-09-18,3.9,4.2,3.8,4.0,723,EQ,,,
2003-09-19,3.9,3.9,3.8,3.9,415,EQ,,,
2003-09-22,3.8,4.15,3.8,4.15,583,EQ,,,
2003-09-23,3.8,3.85,3.8,3.8,116,EQ,,,
2003-09-24,3.85,4.1,3.5,3.9,2675,EQ,,,
2003-09-25,4.1,4.3,4.05,4.05,675,EQ,,,
2003-09-26,4.1,4.1,4.1,4.1,150,EQ,,,
2003-09-29,4.25,4.25,4.25,4.25,672,EQ,,,
2003-09-30,4.1,4.1,4.1,4.1,150,EQ,,,
2003-10-01,4.2,4.25,4.0,4.15,1650,EQ,,,
2003-10-03,4.25,4.25,4.15,4.25,1990,EQ,,,
2003-10-06,4.3,4.5,4.3,4.4,983,EQ,,,
2003-10-07,4.4,4.95,4.4,4.7,3414,EQ,,,
2003-10-08,4.4,4.7,4.4,4.7,2161,EQ,,,
2003-10-09,4.6,4.7,4.6,4.6,933,EQ,,,
2003-10-10,4.4,4.5,4.4,4.5,145,EQ,,,
2003-10-13,4.35,4.6,4.35,4.5,665,EQ,,,
2003-10-14,4.35,4.4,4.35,4.4,500,EQ,,,
2003-10-15,4.3,4.3,4.2,4.2,2585,EQ,,,
2003-10-16,4.3,4.4,4.3,4.3,507,EQ,,,
2003-10-17,4.3,4.35,4.3,4.3,1201,EQ,,,
2003-10-20,4.1,4.45,4.1,4.2,144,EQ,,,
2003-10-21,4.2,4.4,4.1,4.1,2504,EQ,,,
2003-10-22,4.05,4.05,4.0,4.05,320,EQ,,,
2003-10-23,3.9,4.0,3.9,4.0,3,EQ,,,
2003-10-24,4.0,4.05,4.0,4.05,101,EQ,,,
2003-10-25,4.4,4.4,4.4,4.4,100,EQ,,,
2003-10-27,4.3,4.35,4.3,4.3,101,EQ,,,
2003-10-28,4.05,4.05,4.0,4.05,210,EQ,,,
2003-10-29,3.8,4.3,3.8,4.3,451,EQ,,,
2003-10-30,4.15,4.15,4.15,4.15,100,EQ,,,
2003-10-31,4.2,4.2,4.2,4.2,300,EQ,,,
2003-11-03,4.1,4.1,4.1,4.1,50,EQ,,,
2003-11-04,4.1,4.2,4.1,4.2,500,EQ,,,
2003-11-05,4.0,4.05,4.0,4.05,104,EQ,,,
2003-11-06,4.15,4.15,4.15,4.15,25,EQ,,,
2003-11-07,4.25,4.55,4.25,4.4,2640,EQ,,,
2003-11-10,4.75,4.75,4.75,4.75,551,EQ,,,
2003-11-11,4.8,4.8,4.65,4.65,2385,EQ,,,
2003-11-12,4.65,5.05,4.65,5.0,3528,EQ,,,
2003-11-13,5.2,5.45,4.85,4.85,9407,EQ,,,
2003-11-14,4.9,4.9,4.6,4.6,1383,EQ,,,
2003-11-15,4.7,4.8,4.6,4.7,306,EQ,,,
2003-11-17,4.7,5.0,4.7,4.8,4766,EQ,,,
2003-11-18,5.15,5.15,4.8,4.95,1600,EQ,,,
2003-11-19,4.75,4.75,4.7,4.7,200,EQ,,,
2003-11-20,4.7,5.1,4.7,4.8,923,EQ,,,
2003-11-21,4.65,4.75,4.65,4.7,1100,EQ,,,
2003-11-24,4.9,4.9,4.85,4.9,700,EQ,,,
2003-11-25,4.9,4.9,4.8,4.8,214,EQ,,,
2003-11-27,5.0,5.1,4.65,4.75,7575,EQ,,,
2003-11-28,5.0,5.2,5.0,5.1,3753,EQ,,,
2003-12-01,5.0,5.0,4.8,4.9,7863,EQ,,,
2003-12-02,4.95,5.0,4.9,5.0,4450,EQ,,,
2003-12-03,5.0,5.15,4.95,5.0,11121,EQ,,,
2003-12-04,5.0,5.5,5.0,5.45,10497,EQ,,,
2003-12-05,5.8,5.9,5.45,5.5,9529,EQ,,,
2003-12-08,5.6,6.1,5.5,5.95,10513,EQ,,,
2003-12-09,6.3,6.3,6.2,6.3,1126,EQ,,,
2003-12-10,6.8,6.9,6.8,6.9,9043,EQ,,,
2003-12-11,7.45,7.6,6.8,6.85,15384,EQ,,,
2003-12-12,6.8,6.9,6.35,6.5,4026,EQ,,,
2003-12-15,6.8,7.0,6.65,6.9,6405,EQ,,,
2003-12-16,6.9,7.05,6.7,6.7,2082,EQ,,,
2003-12-17,6.75,7.35,6.7,7.15,9796,EQ,,,
2003-12-18,7.2,7.9,7.2,7.85,24313,EQ,,,
2003-12-19,8.5,8.6,8.2,8.6,21312,EQ,,,
2003-12-22,8.9,9.05,8.7,9.05,10483,EQ,,,
2003-12-23,9.15,9.5,9.15,9.5,16077,EQ,,,
2003-12-24,9.7,9.7,9.05,9.15,19074,EQ,,,
2003-12-26,9.1,9.3,8.8,9.2,8394,EQ,,,
2003-12-29,9.4,9.5,9.2,9.3,9540,EQ,,,
2003-12-30,9.5,9.5,8.85,8.9,7076,EQ,,,
2003-12-31,8.8,9.05,8.55,9.0,8609,EQ,,,
2004-01-01,8.55,9.45,8.55,9.45,4790,EQ,,,
2004-01-02,9.7,9.9,9.7,9.9,7657,EQ,,,
2004-01-05,10.4,10.4,9.6,10.0,10727,EQ,,,
2004-01-06,10.5,10.5,9.5,9.6,6547,EQ,,,
2004-01-07,9.5,9.5,9.15,9.3,4806,EQ,,,
2004-01-08,9.4,9.5,9.2,9.4,1805,EQ,,,
2004-01-09,9.4,9.4,9.1,9.1,2777,EQ,,,
2004-01-12,9.1,9.2,8.3,8.45,1803,EQ,,,
2004-01-13,8.95,9.35,8.5,9.0,3213,EQ,,,
2004-01-14,10.5,10.5,9.0,9.15,4975,EQ,,,
2004-01-15,9.25,9.3,8.8,8.85,2949,EQ,,,
2004-01-16,8.95,8.95,8.5,8.7,2641,EQ,,,
2004-01-19,8.5,9.0,8.5,8.95,2014,EQ,,,
2004-01-20,9.2,9.3,8.6,8.7,3777,EQ,,,
2004-01-21,8.35,8.4,7.7,7.9,3705,EQ,,,
2004-01-22,7.2,8.1,7.2,7.25,3611,EQ,,,
2004-01-23,7.0,7.4,6.6,7.15,9041,EQ,,,
2004-01-27,7.2,8.4,7.15,8.0,8376,EQ,,,
2004-01-28,8.5,8.5,7.3,7.35,4310,EQ,,,
2004-01-29,7.5,7.95,7.3,7.95,685,EQ,,,
2004-01-30,7.95,7.95,7.3,7.4,4178,EQ,,,
2004-02-03,7.3,7.4,6.4,6.5,2465,EQ,,,
2004-02-04,7.15,7.2,6.55,6.85,465,EQ,,,
2004-02-05,7.0,7.05,6.65,6.7,619,EQ,,,
2004-02-06,7.0,7.0,6.7,6.8,546,EQ,,,
2004-02-09,7.05,7.2,7.05,7.15,1605,EQ,,,
2004-02-10,7.2,8.0,7.2,7.9,3434,EQ,,,
2004-02-11,7.55,7.95,7.45,7.5,1634,EQ,,,
2004-02-12,7.3,7.9,7.3,7.7,1067,EQ,,,
2004-02-13,7.7,9.1,7.7,8.8,10166,EQ,,,
2004-02-16,8.75,9.75,8.75,9.35,11254,EQ,,,
2004-02-17,9.1,9.6,9.05,9.4,4209,EQ,,,
2004-02-18,9.45,9.45,8.9,9.05,2882,EQ,,,
2004-02-19,9.0,9.1,8.35,8.4,1492,EQ,,,
2004-02-20,8.2,8.7,8.1,8.4,1449,EQ,,,
2004-02-23,8.7,8.7,8.0,8.05,896,EQ,,,
2004-02-24,8.0,8.4,7.7,7.9,2043,EQ,,,
2004-02-25,7.7,8.9,7.65,7.8,1008,EQ,,,
2004-02-26,8.2,8.2,7.8,7.8,1688,EQ,,,
2004-02-27,7.85,7.95,7.7,7.85,383,EQ,,,
2004-03-01,8.05,8.1,7.7,8.1,229,EQ,,,
2004-03-03,7.5,8.1,7.5,7.95,314,EQ,,,
2004-03-04,8.05,8.2,7.95,8.2,273,EQ,,,
2004-03-05,8.2,8.25,7.85,8.25,3847,EQ,,,
2004-03-08,8.0,8.05,8.0,8.0,271,EQ,,,
2004-03-09,8.1,8.1,7.6,7.7,1427,EQ,,,
2004-03-10,7.5,7.95,7.5,7.8,382,EQ,,,
2004-03-11,7.9,8.05,7.8,8.05,1701,EQ,,,
2004-03-12,7.5,7.9,7.5,7.7,201,EQ,,,
2004-03-15,7.4,7.4,7.3,7.3,200,EQ,,,
2004-03-16,7.0,7.3,6.7,6.8,2131,EQ,,,
2004-03-17,6.9,7.3,6.9,7.2,371,EQ,,,
2004-03-18,6.8,7.0,6.8,6.9,305,EQ,,,
2004-03-19,6.65,6.95,6.65,6.95,156,EQ,,,
2004-03-22,6.5,6.5,6.2,6.2,80,EQ,,,
2004-03-23,6.05,6.3,6.05,6.3,135,EQ,,,
2004-03-24,6.4,7.15,6.4,6.6,856,EQ,,,
2004-03-25,6.7,7.0,6.7,6.95,9,EQ,,,
2004-03-26,7.05,7.1,6.8,6.8,243,EQ,,,
2004-03-29,6.9,7.4,6.9,7.3,9,EQ,,,
2004-03-30,7.2,7.45,7.2,7.45,209,EQ,,,
2004-03-31,7.45,7.45,7.3,7.4,1708,EQ,,,
2004-04-01,7.4,8.2,7.4,7.6,21,EQ,,,
2004-04-02,8.0,8.0,7.65,7.7,825,EQ,,,
2004-04-05,7.7,7.7,7.7,7.7,300,EQ,,,
2004-04-06,7.3,7.9,7.3,7.35,820,EQ,,,
2004-04-07,7.3,7.3,7.3,7.3,164,EQ,,,
2004-04-08,7.7,8.45,7.6,8.1,2622,EQ,,,
2004-04-12,8.0,8.3,8.0,8.3,535,EQ,,,
2004-04-15,8.2,8.25,8.2,8.25,462,EQ,,,
2004-04-16,8.25,8.35,8.1,8.2,670,EQ,,,
2004-04-17,8.5,8.9,8.5,8.55,369,EQ,,,
2004-04-19,8.15,8.8,8.15,8.5,1421,EQ,,,
2004-04-20,8.2,8.4,8.2,8.4,825,EQ,,,
2004-04-21,8.3,8.5,8.05,8.15,1100,EQ,,,
2004-04-22,8.1,8.1,8.0,8.0,993,EQ,,,
2004-04-23,8.2,8.7,8.2,8.4,1290,EQ,,,
2004-04-27,8.1,8.4,7.8,7.85,1985,EQ,,,
2004-04-28,7.85,7.85,7.85,7.85,100,EQ,,,
2004-04-29,8.15,8.2,7.9,7.95,650,EQ,,,
2004-04-30,7.65,8.3,7.65,8.25,1613,EQ,,,
2004-05-03,7.65,7.9,7.65,7.9,150,EQ,,,
2004-05-04,7.9,8.1,7.8,8.1,1250,EQ,,,
2004-05-05,8.2,8.2,7.9,7.9,450,EQ,,,
2004-05-06,7.8,8.1,7.65,7.85,1935,EQ,,,
2004-05-07,7.6,7.6,7.15,7.15,2375,EQ,,,
2004-05-10,7.4,7.6,7.25,7.55,1198,EQ,,,
2004-05-11,7.6,7.6,7.5,7.6,540,EQ,,,
2004-05-12,7.5,7.6,7.3,7.35,1149,EQ,,,
2004-05-13,7.5,7.5,7.25,7.25,690,EQ,,,
2004-05-14,7.0,7.0,6.55,6.9,1305,EQ,,,
2004-05-17,6.5,6.5,6.5,6.5,200,EQ,,,
2004-05-18,6.3,6.7,6.25,6.25,8550,EQ,,,
2004-05-19,6.5,6.7,6.3,6.55,2850,EQ,,,
2004-05-20,6.6,6.7,6.6,6.7,150,EQ,,,
2004-05-21,7.25,7.25,6.1,6.85,1976,EQ,,,
2004-05-24,7.0,7.3,7.0,7.3,300,EQ,,,
2004-05-25,7.05,7.05,6.9,6.9,259,EQ,,,
2004-05-27,7.0,7.0,7.0,7.0,40,EQ,,,
2004-05-28,6.85,6.9,6.4,6.4,650,EQ,,,
2004-05-31,6.45,6.45,6.45,6.45,100,EQ,,,
2004-06-01,6.5,6.7,6.3,6.3,582,EQ,,,
2004-06-03,6.0,6.1,5.85,6.0,2377,EQ,,,
2004-06-04,5.8,5.8,5.8,5.8,18,EQ,,,
2004-06-07,6.25,6.3,6.25,6.25,175,EQ,,,
2004-06-08,6.2,6.4,6.2,6.4,165,EQ,,,
2004-06-09,6.35,6.55,6.35,6.35,355,EQ,,,
2004-06-10,6.2,6.45,6.2,6.45,125,EQ,,,
2004-06-11,6.45,6.7,6.25,6.6,4600,EQ,,,
2004-06-17,6.55,6.6,6.15,6.6,4100,EQ,,,
2004-06-21,6.2,6.2,5.95,5.95,151,EQ,,,
2004-06-22,5.9,5.9,5.85,5.85,150,EQ,,,
2004-06-23,5.8,5.85,5.7,5.85,400,EQ,,,
2004-06-24,5.6,5.6,5.45,5.45,549,EQ,,,
2004-06-25,5.95,5.95,5.4,5.7,4387,EQ,,,
2004-06-28,5.95,6.2,5.95,6.15,640,EQ,,,
2004-06-29,6.0,6.5,6.0,6.25,4530,EQ,,,
2004-06-30,6.2,6.3,6.2,6.3,162,EQ,,,
2004-07-01,6.6,6.6,6.0,6.15,825,EQ,,,
2004-07-02,5.9,6.3,5.9,6.3,290,EQ,,,
2004-07-05,6.0,6.2,5.95,6.0,455,EQ,,,
2004-07-06,6.4,6.4,6.4,6.4,65,EQ,,,
2004-07-07,6.25,6.35,6.25,6.35,200,EQ,,,
2004-07-08,6.5,6.5,6.15,6.2,990,EQ,,,
2004-07-09,6.0,6.0,5.9,6.0,425,EQ,,,
2004-07-12,5.8,6.05,5.8,6.05,478,EQ,,,
2004-07-13,6.1,6.1,6.1,6.1,100,EQ,,,
2004-07-14,6.4,6.45,6.4,6.45,200,EQ,,,
2004-07-15,6.4,6.45,6.4,6.4,260,EQ,,,
2004-07-16,6.5,6.65,6.2,6.6,5284,EQ,,,
2004-07-19,6.8,6.9,6.65,6.7,830,EQ,,,
2004-07-20,6.9,7.0,6.9,6.9,449,EQ,,,
2004-07-21,6.5,6.6,6.5,6.6,100,EQ,,,
2004-07-22,6.9,7.0,6.9,6.9,400,EQ,,,
2004-07-23,7.0,7.4,7.0,7.3,1485,EQ,,,
2004-07-26,7.5,8.05,7.5,8.05,2762,EQ,,,
2004-07-27,8.4,8.4,7.7,7.8,4591,EQ,,,
2004-07-28,8.05,8.05,7.7,7.7,545,EQ,,,
2004-07-29,7.8,8.0,7.6,7.8,1625,EQ,,,
2004-07-30,8.15,8.2,7.85,7.95,7216,EQ,,,
2004-08-02,7.85,8.0,7.85,7.9,735,EQ,,,
2004-08-03,8.2,8.3,8.0,8.05,6430,EQ,,,
2004-08-04,8.0,8.2,8.0,8.0,3127,EQ,,,
2004-08-05,8.1,8.15,8.05,8.05,3310,EQ,,,
2004-08-06,8.1,8.5,8.05,8.4,6461,EQ,,,
2004-08-09,8.5,8.85,8.4,8.85,8925,EQ,,,
2004-08-10,9.0,9.7,9.0,9.1,6862,EQ,,,
2004-08-11,9.3,9.3,8.9,9.0,3875,EQ,,,
2004-08-12,9.1,9.25,8.9,8.95,3475,EQ,,,
2004-08-13,9.05,9.05,8.65,8.8,1963,EQ,,,
2004-08-16,8.7,8.85,8.6,8.7,610,EQ,,,
2004-08-17,8.8,9.0,8.65,8.7,550,EQ,,,
2004-08-18,9.4,9.4,8.95,9.0,1711,EQ,,,
2004-08-19,9.1,9.55,8.85,8.95,9609,EQ,,,
2004-08-20,9.1,9.4,9.0,9.1,3035,EQ,,,
2004-08-23,9.35,9.35,8.95,9.15,3410,EQ,,,
2004-08-24,9.2,9.3,9.2,9.25,1605,EQ,,,
2004-08-25,9.2,9.7,9.2,9.5,4039,EQ,,,
2004-08-26,9.4,10.4,9.35,10.2,9592,EQ,,,
2004-08-27,10.4,11.2,10.4,10.8,14781,EQ,,,
2004-08-30,11.05,11.9,10.95,11.7,10231,EQ,,,
2004-08-31,11.7,11.9,11.25,11.4,6928,EQ,,,
2004-09-01,11.7,11.95,11.5,11.9,13125,EQ,,,
2004-09-02,12.1,12.4,11.5,11.7,9341,EQ,,,
2004-09-03,11.6,11.8,11.4,11.55,3224,EQ,,,
2004-09-06,11.7,12.15,11.6,12.1,13043,EQ,,,
2004-09-07,12.15,12.4,11.9,12.05,5283,EQ,,,
2004-09-08,12.1,12.1,11.9,12.0,4585,EQ,,,
2004-09-09,11.8,12.0,11.6,11.65,2665,EQ,,,
2004-09-10,11.4,12.0,11.3,11.4,6761,EQ,,,
2004-09-13,11.6,11.6,11.2,11.4,1890,EQ,,,
2004-09-14,11.5,11.5,11.0,11.2,2950,EQ,,,
2004-09-15,11.1,11.2,10.45,10.5,8237,EQ,,,
2004-09-16,10.8,12.65,10.8,12.3,31219,EQ,,,
2004-09-17,12.3,13.8,12.3,13.5,48068,EQ,,,
2004-09-20,13.5,14.5,13.4,14.2,20978,EQ,,,
2004-09-21,14.2,14.2,13.4,13.65,9455,EQ,,,
2004-09-22,13.9,13.9,13.3,13.55,4604,EQ,,,
2004-09-23,13.1,13.5,13.1,13.3,3134,EQ,,,
2004-09-24,13.35,13.7,13.2,13.5,2901,EQ,,,
2004-09-27,13.4,14.0,13.4,13.8,3040,EQ,,,
2004-09-28,13.7,14.0,13.4,13.75,4759,EQ,,,
2004-09-29,13.45,15.35,13.45,15.0,20346,EQ,,,
2004-09-30,15.3,15.6,14.6,15.05,10979,EQ,,,
2004-10-01,15.3,16.0,13.8,15.1,12953,EQ,,,
2004-10-04,15.0,15.45,14.8,14.8,5278,EQ,,,
2004-10-05,14.8,14.9,14.55,14.6,3090,EQ,,,
2004-10-06,14.6,15.05,14.0,14.15,5549,EQ,,,
2004-10-07,14.4,14.7,14.0,14.3,3620,EQ,,,
2004-10-08,14.7,14.7,14.0,14.15,3096,EQ,,,
2004-10-09,14.1,14.4,13.95,14.2,1870,EQ,,,
2004-10-11,14.5,16.4,14.2,15.05,13984,EQ,,,
2004-10-12,15.3,15.4,14.3,14.4,4856,EQ,,,
2004-10-14,14.4,14.55,14.1,14.25,3140,EQ,,,
2004-10-15,14.5,14.6,13.8,13.95,2723,EQ,,,
2004-10-18,14.1,14.4,13.75,13.8,2401,EQ,,,
2004-10-19,14.2,14.3,13.8,14.1,2752,EQ,,,
2004-10-20,14.0,14.3,13.65,13.85,2634,EQ,,,
2004-10-21,13.6,14.05,13.55,13.7,933,EQ,,,
2004-10-25,13.8,13.8,13.15,13.2,1983,EQ,,,
2004-10-26,13.45,13.5,12.9,13.1,3507,EQ,,,
2004-10-27,13.6,14.0,13.0,13.6,6087,EQ,,,
2004-10-28,14.0,14.5,13.6,13.8,3733,EQ,,,
2004-10-29,13.9,14.0,13.3,13.4,3028,EQ,,,
2004-11-01,13.4,14.7,13.2,14.25,6869,EQ,,,
2004-11-02,14.9,15.0,14.55,14.9,17236,EQ,,,
2004-11-03,14.8,15.9,14.55,15.55,10047,EQ,,,
2004-11-04,15.6,15.6,15.2,15.4,4416,EQ,,,
2004-11-05,15.4,15.4,15.1,15.3,2110,EQ,,,
2004-11-08,15.3,15.6,15.25,15.5,4853,EQ,,,
2004-11-09,15.6,15.75,14.9,15.4,7959,EQ,,,
2004-11-10,15.6,15.7,15.25,15.4,3925,EQ,,,
2004-11-11,15.65,16.5,15.5,15.75,20212,EQ,,,
2004-11-12,16.3,17.15,16.2,16.9,13548,EQ,,,
2004-11-16,17.4,17.4,16.55,17.2,16247,EQ,,,
2004-11-17,17.3,17.7,17.2,17.25,12945,EQ,,,
2004-11-18,17.5,17.7,17.2,17.3,9260,EQ,,,
2004-11-19,18.0,18.0,14.05,16.4,12442,EQ,,,
2004-11-22,15.8,16.25,15.0,16.05,12355,EQ,,,
2004-11-23,16.15,17.5,16.15,17.1,22291,EQ,,,
2004-11-24,17.7,20.5,17.65,19.95,153631,EQ,,,
2004-11-25,20.5,23.95,20.1,22.95,288298,EQ,,,
2004-11-29,23.0,26.4,22.4,25.15,220545,EQ,,,
2004-11-30,25.5,26.7,25.0,25.8,178716,EQ,,,
2004-12-01,26.0,26.35,23.7,24.75,84771,EQ,,,
2004-12-02,25.0,27.25,25.0,27.0,129941,EQ,,,
2004-12-03,27.4,27.8,25.9,26.4,83112,EQ,,,
2004-12-06,26.7,27.0,25.6,25.75,18536,EQ,,,
2004-12-07,26.0,27.9,25.55,27.25,40962,EQ,,,
2004-12-08,27.5,29.9,27.5,28.1,73373,EQ,,,
2004-12-09,29.5,30.9,27.7,30.9,112380,EQ,,,
2004-12-10,31.2,32.25,29.9,31.75,150874,EQ,,,
2004-12-13,31.5,32.0,30.7,30.95,26935,EQ,,,
2004-12-14,31.1,32.5,30.6,32.2,59431,EQ,,,
2004-12-15,32.3,33.5,31.1,32.05,60817,EQ,,,
2004-12-16,32.1,32.5,30.7,31.2,25414,EQ,,,
2004-12-17,31.5,32.7,31.0,31.7,38712,EQ,,,
2004-12-20,32.5,32.6,31.0,31.3,16832,EQ,,,
2004-12-21,31.55,31.65,30.1,30.6,11054,EQ,,,
2004-12-22,30.5,31.0,29.1,29.1,12306,EQ,,,
2004-12-23,28.85,29.9,28.4,28.6,10272,EQ,,,
2004-12-24,29.4,29.45,28.35,28.6,16195,EQ,,,
2004-12-27,29.3,29.3,28.2,28.4,8072,EQ,,,
2004-12-28,28.9,29.2,28.6,28.75,7802,EQ,,,
2004-12-29,29.1,29.1,27.3,27.35,6318,EQ,,,
2004-12-30,27.5,28.0,26.8,27.2,5443,EQ,,,
2004-12-31,27.9,28.55,27.6,28.55,7281,EQ,,,
2005-01-03,29.2,29.7,29.2,29.7,3603,EQ,,,
2005-01-04,30.0,30.15,28.7,29.85,24693,EQ,,,
2005-01-05,30.1,30.1,28.4,28.45,9668,EQ,,,
2005-01-06,28.0,28.1,27.0,27.5,5787,EQ,,,
2005-01-07,27.1,27.5,26.3,26.9,3394,EQ,,,
2005-01-10,27.9,28.8,27.9,28.25,3794,EQ,,,
2005-01-11,28.0,28.4,27.1,28.1,3695,EQ,,,
2005-01-12,26.0,26.75,23.9,24.1,24840,EQ,,,
2005-01-13,24.2,24.8,23.5,23.6,22507,EQ,,,
2005-01-14,23.0,24.0,23.0,23.75,2986,EQ,,,
2005-01-17,23.6,23.9,21.5,23.5,2817,EQ,,,
2005-01-18,24.2,24.7,23.6,23.8,7800,EQ,,,
2005-01-19,23.2,24.1,23.2,23.6,1863,EQ,,,
2005-01-20,23.0,24.0,22.2,23.25,19004,EQ,,,
2005-01-24,23.1,23.6,22.8,23.25,1909,EQ,,,
2005-01-25,22.8,23.3,22.5,22.9,1746,EQ,,,
2005-01-27,22.0,23.25,22.0,23.1,2133,EQ,,,
2005-01-28,23.2,23.95,23.2,23.75,3164,EQ,,,
2005-01-31,24.0,24.0,22.5,23.15,6885,EQ,,,
2005-02-01,24.0,24.0,22.9,23.15,1325,EQ,,,
2005-02-02,23.0,23.5,22.7,22.95,3264,EQ,,,
2005-02-03,22.3,23.5,22.3,23.45,3201,EQ,,,
2005-02-04,23.5,23.5,21.8,22.05,8308,EQ,,,
2005-02-07,22.1,23.0,21.7,22.0,4332,EQ,,,
2005-02-08,21.6,22.3,21.5,22.15,3438,EQ,,,
2005-02-09,22.4,23.0,21.85,22.1,18500,EQ,,,
2005-02-10,22.45,22.6,21.5,21.8,6587,EQ,,,
2005-02-11,22.4,22.4,21.4,21.75,7658,EQ,,,
2005-02-14,21.7,21.8,21.3,21.5,2613,EQ,,,
2005-02-15,21.2,22.4,21.0,21.75,6086,EQ,,,
2005-02-16,22.0,26.1,22.0,24.1,44213,EQ,,,
2005-02-17,24.9,25.5,24.2,24.35,30554,EQ,,,
2005-02-18,24.75,24.75,23.5,23.8,7086,EQ,,,
2005-02-21,23.6,23.6,22.7,23.0,4431,EQ,,,
2005-02-22,23.0,23.0,22.0,22.25,1916,EQ,,,
2005-02-23,22.1,25.0,22.0,22.9,6208,EQ,,,
2005-02-24,21.0,24.5,21.0,23.45,11548,EQ,,,
2005-02-25,23.0,24.4,22.5,22.9,6059,EQ,,,
2005-02-28,24.0,24.0,22.6,23.3,743,EQ,,,
2005-03-01,23.9,24.4,23.3,23.55,5139,EQ,,,
2005-03-02,23.9,24.0,23.4,23.85,6158,EQ,,,
2005-03-03,23.1,27.1,23.1,26.75,51675,EQ,,,
2005-03-04,26.9,27.5,25.5,25.75,25141,EQ,,,
2005-03-07,26.5,29.45,25.8,28.55,137873,EQ,,,
2005-03-08,28.6,29.7,27.7,29.15,48475,EQ,,,
2005-03-09,29.35,29.35,26.6,27.7,12805,EQ,,,
2005-03-10,29.9,29.9,26.5,28.1,120123,EQ,,,
2005-03-11,27.5,28.3,27.0,28.0,1610,BE,,,
2005-03-14,28.0,28.5,26.1,28.05,3680,BE,,,
2005-03-15,28.6,28.6,27.15,27.2,710,BE,,,
2005-03-16,27.0,27.75,27.0,27.5,4090,BE,,,
2005-03-17,29.5,29.5,27.2,27.25,4885,BE,,,
2005-03-18,26.5,27.1,26.5,27.0,2900,BE,,,
2005-03-21,27.0,27.0,26.4,26.8,1535,BE,,,
2005-03-22,26.8,26.8,24.1,25.35,1893,BE,,,
2005-03-23,24.5,25.1,23.5,24.4,1646,BE,,,
2005-03-24,23.6,24.5,22.5,24.05,3970,BE,,,
2005-03-28,24.0,25.7,24.0,25.2,1600,BE,,,
2005-03-29,24.3,24.3,23.0,23.0,11810,BE,,,
2005-03-30,23.95,24.0,23.95,24.0,2,BE,,,
2005-03-31,25.65,26.0,24.5,25.9,660,BE,,,
2005-04-01,24.9,26.15,24.9,25.9,757,BE,,,
2005-04-04,25.5,26.95,25.0,26.2,4628,BE,,,
2005-04-05,25.25,26.65,24.2,25.7,2467,BE,,,
2005-04-06,25.4,25.75,25.1,25.2,1253,BE,,,
2005-04-07,25.0,27.3,25.0,25.5,945,BE,,,
2005-04-08,26.2,26.2,25.0,25.05,893,EQ,,,
2005-04-11,25.0,25.75,24.0,24.7,1181,EQ,,,
2005-04-12,25.7,26.0,24.35,24.9,636,EQ,,,
2005-04-13,24.3,26.0,24.3,25.4,3095,EQ,,,
2005-04-15,23.2,27.35,23.2,24.95,4043,EQ,,,
2005-04-18,23.3,24.5,23.3,24.05,1739,EQ,,,
2005-04-19,25.5,25.5,24.1,24.5,875,EQ,,,
2005-04-20,24.8,24.8,23.4,24.0,2057,EQ,,,
2005-04-21,24.5,24.8,23.7,24.7,2351,EQ,,,
2005-04-22,24.4,25.7,24.0,25.4,8092,EQ,,,
2005-04-25,24.5,25.6,23.5,25.0,4977,EQ,,,
2005-04-26,23.8,24.9,23.8,24.35,17823,EQ,,,
2005-04-27,24.5,24.9,24.1,24.6,5089,EQ,,,
2005-04-28,24.7,25.5,24.7,24.8,2888,EQ,,,
2005-04-29,24.85,24.85,23.6,24.15,6522,EQ,,,
2005-05-02,23.6,26.9,23.5,26.25,29402,EQ,,,
2005-05-03,26.7,26.9,25.5,26.2,17804,EQ,,,
2005-05-04,26.4,27.1,26.1,26.4,31360,EQ,,,
2005-05-05,26.7,28.2,26.0,26.8,26797,EQ,,,
2005-05-06,27.4,28.9,25.7,28.2,31599,EQ,,,
2005-05-09,28.5,28.7,27.9,28.5,11054,EQ,,,
2005-05-10,28.1,28.5,27.5,27.8,5926,EQ,,,
2005-05-11,27.8,28.5,27.2,27.95,9744,EQ,,,
2005-05-12,28.9,28.9,27.9,28.45,5347,EQ,,,
2005-05-13,28.0,34.15,28.0,33.75,103838,EQ,,,
2005-05-16,33.6,39.0,32.9,37.75,172761,EQ,,,
2005-05-17,39.0,39.4,35.5,37.0,169413,EQ,,,
2005-05-18,37.0,38.8,36.5,38.4,66980,EQ,,,
2005-05-19,39.4,42.25,38.6,40.25,103125,EQ,,,
2005-05-20,40.4,41.3,39.2,40.15,82837,EQ,,,
2005-05-23,40.5,40.8,39.1,39.25,39555,EQ,,,
2005-05-24,39.45,42.15,39.1,40.6,102588,EQ,,,
2005-05-25,40.9,42.15,40.5,41.5,78184,EQ,,,
2005-05-26,42.05,43.75,42.05,43.5,167028,EQ,,,
2005-05-27,42.5,45.6,42.5,44.0,147795,EQ,,,
2005-05-30,45.0,45.0,41.7,42.1,41190,EQ,,,
2005-05-31,42.0,43.5,41.95,42.8,29264,EQ,,,
2005-06-01,43.3,43.55,41.9,42.2,25426,EQ,,,
2005-06-02,42.5,44.8,41.5,43.65,64863,EQ,,,
2005-06-03,43.8,47.2,43.5,46.25,111699,EQ,,,
2005-06-04,46.8,48.8,46.8,48.25,54418,EQ,,,
2005-06-06,49.5,49.8,48.5,49.5,49136,EQ,,,
2005-06-07,49.9,52.5,48.5,51.05,156428,EQ,,,
2005-06-08,51.7,51.7,49.4,49.9,57111,EQ,,,
2005-06-09,50.5,52.15,49.5,51.6,152778,EQ,,,
2005-06-10,52.0,54.2,52.0,53.2,117938,EQ,,,
2005-06-13,53.8,53.8,51.6,52.3,25990,EQ,,,
2005-06-14,52.15,54.3,52.15,53.3,47573,EQ,,,
2005-06-15,53.6,54.0,52.5,52.75,18626,EQ,,,
2005-06-16,53.1,55.35,53.05,54.3,50640,EQ,,,
2005-06-17,54.95,56.8,54.95,55.8,153749,EQ,,,
2005-06-20,56.4,56.9,54.0,54.5,27342,EQ,,,
2005-06-21,54.0,54.0,53.0,53.1,9599,EQ,,,
2005-06-22,53.2,53.7,52.0,52.3,15228,EQ,,,
2005-06-23,51.1,54.8,51.1,53.1,44144,EQ,,,
2005-06-24,53.5,53.8,52.0,53.4,11215,EQ,,,
2005-06-27,52.4,52.4,50.7,50.7,9526,EQ,,,
2005-06-28,48.3,50.8,48.3,48.6,4973,EQ,,,
2005-06-29,47.1,50.4,47.1,50.0,6700,EQ,,,
2005-06-30,51.0,51.2,48.5,48.85,7805,EQ,,,
2005-07-01,49.1,50.3,49.0,50.2,1938,EQ,,,
2005-07-04,50.0,50.95,49.65,50.0,21339,EQ,,,
2005-07-05,49.0,49.95,48.8,49.0,8634,EQ,,,
2005-07-06,49.5,49.8,48.8,49.05,6648,EQ,,,
2005-07-07,49.0,49.0,47.5,47.6,2298,EQ,,,
2005-07-08,49.0,49.0,48.6,49.0,515,BE,,,
2005-07-11,49.0,50.0,48.0,49.6,6700,BE,,,
2005-07-12,49.5,51.0,49.0,49.0,6865,BE,,,
2005-07-13,49.0,49.0,48.0,48.8,738,BE,,,
2005-07-14,48.2,48.5,47.6,47.65,1420,BE,,,
2005-07-15,48.9,49.0,47.3,47.8,3369,BE,,,
2005-07-18,48.0,48.35,47.6,47.9,1446,BE,,,
2005-07-19,49.6,50.3,48.15,50.3,19158,BE,,,
2005-07-20,51.6,52.85,51.6,52.25,72085,BE,,,
2005-07-21,51.0,53.4,50.0,51.45,14095,BE,,,
2005-07-22,52.5,52.5,50.0,51.5,1271,BE,,,
2005-07-25,50.0,50.0,49.0,49.0,335,BE,,,
2005-07-26,48.0,49.0,47.9,47.9,475,BE,,,
2005-07-27,49.0,49.0,48.4,48.4,215,BE,,,
2005-07-29,48.9,49.0,48.9,49.0,30,BE,,,
2005-08-01,49.0,51.4,49.0,51.4,11643,BE,,,
2005-08-02,53.0,54.0,51.8,53.4,61892,BE,,,
2005-08-03,52.5,55.0,52.5,54.4,9286,BE,,,
2005-08-04,54.95,55.0,53.0,53.9,3459,BE,,,
2005-08-05,55.4,55.4,51.7,54.0,9339,BE,,,
2005-08-08,55.0,56.5,52.8,53.4,6004,BE,,,
2005-08-09,53.6,55.0,53.6,54.5,3187,BE,,,
2005-08-10,55.8,56.5,54.9,55.05,3612,BE,,,
2005-08-11,56.0,56.5,54.5,55.5,4521,BE,,,
2005-08-12,58.9,59.0,55.5,57.4,8782,BE,,,
2005-08-16,57.0,60.0,57.0,58.95,13475,BE,,,
2005-08-17,60.0,64.0,60.0,63.8,10281,BE,,,
2005-08-18,66.0,66.3,61.75,62.3,5441,BE,,,
2005-08-19,57.0,68.55,57.0,68.55,38162,BE,,,
2005-08-22,70.5,71.9,67.8,69.95,6811,BE,,,
2005-08-23,70.0,70.0,66.9,67.15,1391,BE,,,
2005-08-24,66.0,68.5,64.5,64.5,4108,BE,,,
2005-08-25,64.6,66.2,64.1,65.0,1670,BE,,,
2005-08-26,64.5,64.5,63.7,63.7,368,BE,,,
2005-08-29,61.5,63.4,60.6,63.35,588,BE,,,
2005-08-30,63.3,63.3,61.5,62.0,590,BE,,,
2005-08-31,65.0,65.0,60.6,61.1,155,BE,,,
2005-09-01,61.0,62.5,60.5,62.25,622,BE,,,
2005-09-02,64.0,64.0,60.5,60.6,1314,BE,,,
2005-09-05,60.5,61.0,59.8,60.3,1392,BE,,,
2005-09-06,59.5,59.6,58.5,59.6,335,BE,,,
2005-09-08,58.6,60.0,58.5,60.0,226,BE,,,
2005-09-09,60.0,61.6,60.0,60.0,3791,BE,,,
2005-09-12,61.2,61.2,60.2,60.2,5360,BE,,,
2005-09-13,60.2,60.25,59.0,59.4,308,BE,,,
2005-09-14,59.6,60.5,59.5,60.0,1640,BE,,,
2005-09-15,61.5,62.4,60.1,61.0,6115,BE,,,
2005-09-16,58.5,62.5,58.5,62.4,825,BE,,,
2005-09-19,60.0,61.0,60.0,60.0,205,BE,,,
2005-09-20,62.0,62.0,60.0,60.15,372,BE,,,
2005-09-21,60.0,62.5,57.15,61.0,1020,BE,,,
2005-09-22,60.0,62.0,57.95,57.95,359,BE,,,
2005-09-23,56.0,56.0,55.05,55.05,2695,BE,,,
2005-09-26,56.0,57.5,55.8,57.3,115,BE,,,
2005-09-27,58.9,58.9,56.9,58.0,435,BE,,,
2005-09-28,57.5,57.5,55.1,55.1,566,BE,,,
2005-09-29,52.7,56.0,52.7,56.0,264,BE,,,
2005-09-30,53.8,54.9,53.5,54.7,257,BE,,,
2005-10-03,55.1,55.1,54.0,54.3,241,BE,,,
2005-10-04,54.6,55.45,54.5,54.5,604,BE,,,
2005-10-05,54.5,54.5,53.2,53.45,44,BE,,,
2005-10-06,52.3,52.3,52.3,52.3,55,BE,,,
2005-10-07,51.3,52.8,51.3,52.7,145,BE,,,
2005-10-10,51.0,51.0,50.5,51.0,60,BE,,,
2005-10-11,50.0,50.4,49.1,50.4,117,BE,,,
2005-10-13,50.4,51.0,48.6,49.55,171,BE,,,
2005-10-14,48.7,49.0,48.7,49.0,73,BE,,,
2005-10-17,47.25,48.1,46.6,46.6,2733,BE,,,
2005-10-18,48.0,48.9,47.0,47.0,77,BE,,,
2005-10-19,45.5,45.5,44.65,44.8,386,BE,,,
2005-10-20,45.0,45.0,42.7,43.3,857,BE,,,
2005-10-21,43.0,45.4,41.4,43.85,1632,BE,,,
2005-10-24,44.35,46.0,43.0,45.95,2025,BE,,,
2005-10-25,46.0,46.0,44.0,44.0,27,BE,,,
2005-10-26,42.1,44.75,42.0,44.7,905,BE,,,
2005-10-27,42.6,43.7,42.5,42.5,80,BE,,,
2005-10-28,43.0,43.0,40.4,40.4,121,BE,,,
2005-10-31,38.55,42.4,38.4,41.95,6383,BE,,,
2005-11-01,44.0,44.0,44.0,44.0,125,BE,,,
2005-11-02,43.8,46.0,43.8,45.0,250,BE,,,
2005-11-07,47.2,47.2,43.2,45.75,895,BE,,,
2005-11-08,46.0,46.5,45.0,45.6,1140,BE,,,
2005-11-09,45.0,45.0,45.0,45.0,25,BE,,,
2005-11-10,47.0,47.25,47.0,47.1,830,BE,,,
2005-11-11,49.3,49.4,48.0,49.4,185,BE,,,
2005-11-14,47.6,51.8,47.0,49.3,1270,BE,,,
2005-11-16,48.0,50.0,48.0,50.0,290,BE,,,
2005-11-17,47.5,49.0,47.5,49.0,570,BE,,,
2005-11-18,47.5,51.3,46.6,49.7,2240,BE,,,
2005-11-21,48.7,52.2,48.7,50.7,566,BE,,,
2005-11-22,50.0,50.9,49.25,50.05,184,BE,,,
2005-11-23,50.0,50.0,47.8,48.1,164,BE,,,
2005-11-24,49.5,50.45,49.0,50.2,746,BE,,,
2005-11-25,51.5,52.5,50.6,51.3,693,BE,,,
2005-11-26,50.2,50.2,50.2,50.2,10,BE,,,
2005-11-28,50.5,50.5,49.0,49.9,217,BE,,,
2005-11-29,49.8,49.8,48.0,48.0,134,BE,,,
2005-11-30,48.5,49.8,47.0,47.1,387,BE,,,
2005-12-01,46.2,47.5,46.0,47.3,232,BE,,,
2005-12-02,47.4,49.5,47.4,49.5,2238,BE,,,
2005-12-05,49.5,51.9,49.4,51.2,8655,BE,,,
2005-12-06,51.8,52.4,50.1,50.95,3382,BE,,,
2005-12-07,52.0,52.0,51.45,51.5,2606,BE,,,
2005-12-08,51.0,52.5,50.1,50.2,842,BE,,,
2005-12-09,51.9,51.9,50.5,51.65,558,BE,,,
2005-12-12,51.5,51.5,51.5,51.5,50,BE,,,
2005-12-13,51.0,51.0,50.0,50.1,673,BE,,,
2005-12-14,50.1,51.3,49.4,50.7,1053,BE,,,
2005-12-15,50.5,50.5,48.15,48.4,792,BE,,,
2005-12-16,49.7,49.7,47.5,47.95,763,BE,,,
2005-12-19,49.9,49.9,48.0,49.0,85,BE,,,
2005-12-20,48.5,48.5,47.1,47.1,1154,BE,,,
2005-12-21,46.0,48.0,46.0,47.8,3130,BE,,,
2005-12-22,47.5,50.15,47.5,50.15,41738,BE,,,
2005-12-23,52.6,52.7,51.0,52.35,12998,BE,,,
2005-12-26,52.5,52.9,51.0,51.3,8335,BE,,,
2005-12-27,52.25,53.9,52.2,53.85,9845,BE,,,
2005-12-28,55.3,55.3,52.0,53.6,2537,BE,,,
2005-12-29,53.5,53.5,52.0,52.45,615,BE,,,
2005-12-30,53.0,55.0,53.0,54.05,7432,BE,,,
2006-01-02,56.7,56.75,55.0,56.35,9436,BE,,,
2006-01-03,56.0,57.0,55.9,56.25,2119,BE,,,
2006-01-04,56.0,57.0,55.1,55.5,5040,BE,,,
2006-01-05,55.5,55.5,55.0,55.5,1559,BE,,,
2006-01-06,55.0,55.55,54.0,54.2,2810,BE,,,
2006-01-09,54.0,55.0,53.0,54.5,2058,BE,,,
2006-01-10,53.0,54.0,51.8,53.85,2200,BE,,,
2006-01-12,53.1,54.0,52.7,53.4,641,BE,,,
2006-01-13,55.0,55.0,53.25,53.8,155,BE,,,
2006-01-16,52.5,54.4,52.1,54.0,2072,BE,,,
2006-01-17,54.0,56.7,52.2,55.95,27106,BE,,,
2006-01-18,56.6,58.0,54.2,55.0,2446,BE,,,
2006-01-19,56.0,57.75,56.0,57.75,9114,BE,,,
2006-01-20,60.3,60.6,57.5,60.6,10234,BE,,,
2006-01-23,61.0,63.65,61.0,63.65,2141,BE,,,
2006-01-24,66.7,66.85,63.0,63.6,3204,BE,,,
2006-01-25,64.0,66.8,62.0,66.8,6365,BE,,,
2006-01-27,68.0,68.0,64.1,65.55,3326,BE,,,
2006-01-30,66.0,67.5,63.2,63.8,2426,BE,,,
2006-01-31,63.5,66.7,63.5,65.6,5622,BE,,,
2006-02-01,64.55,66.95,62.6,63.1,698,BE,,,
2006-02-02,63.0,65.0,63.0,63.1,2229,BE,,,
2006-02-03,63.2,64.8,62.0,62.6,3164,BE,,,
2006-02-06,63.5,63.5,62.0,62.2,1256,BE,,,
2006-02-07,61.0,64.3,61.0,62.95,7229,BE,,,
2006-02-08,62.0,63.5,61.0,61.1,810,BE,,,
2006-02-10,62.8,63.5,61.0,61.25,633,BE,,,
2006-02-13,62.95,62.95,60.0,61.5,1960,BE,,,
2006-02-14,63.0,63.5,61.9,63.2,752,BE,,,
2006-02-15,61.6,62.3,60.7,61.9,183,BE,,,
2006-02-16,63.5,64.8,62.6,62.8,552,BE,,,
2006-02-17,61.6,63.8,61.2,61.95,1267,EQ,,,
2006-02-20,60.1,61.0,58.9,58.9,695,EQ,,,
2006-02-21,59.1,61.8,58.5,58.55,777,EQ,,,
2006-02-22,60.0,60.0,57.0,57.15,5595,EQ,,,
2006-02-23,55.6,59.3,55.6,57.2,301,EQ,,,
2006-02-24,57.2,58.3,56.6,58.3,135,EQ,,,
2006-02-27,60.0,60.0,56.0,56.4,643,EQ,,,
2006-02-28,56.9,56.9,56.2,56.7,274,EQ,,,
2006-03-01,56.35,58.8,56.0,58.3,1436,EQ,,,
2006-03-02,59.15,59.4,56.75,58.5,8073,EQ,,,
2006-03-03,59.0,59.0,57.0,58.5,7185,EQ,,,
2006-03-06,60.0,61.45,60.0,61.0,7663,EQ,,,
2006-03-07,61.8,62.5,59.05,59.9,2719,EQ,,,
2006-03-08,61.5,61.5,58.0,60.05,36415,EQ,,,
2006-03-09,62.8,63.05,61.0,63.05,8655,EQ,,,
2006-03-10,66.2,66.2,65.0,66.2,13481,EQ,,,
2006-03-13,67.0,69.5,67.0,69.5,6450,EQ,,,
2006-03-14,71.25,72.95,69.0,69.6,5507,EQ,,,
2006-03-16,71.0,72.0,66.15,67.0,4091,EQ,,,
2006-03-17,63.9,70.0,63.9,67.0,2607,EQ,,,
2006-03-20,69.8,69.8,66.15,67.8,529,EQ,,,
2006-03-21,68.5,70.8,68.0,68.3,1517,EQ,,,
2006-03-22,67.2,67.4,64.9,65.75,4140,EQ,,,
2006-03-23,65.6,66.55,64.6,64.7,1006,EQ,,,
2006-03-24,66.95,67.0,64.75,65.4,1739,EQ,,,
2006-03-27,67.0,68.6,66.0,68.6,2696,EQ,,,
2006-03-28,69.0,70.5,66.6,67.3,14174,EQ,,,
2006-03-29,68.9,69.5,67.2,69.4,1082,EQ,,,
2006-03-30,72.5,72.5,66.7,67.95,744,EQ,,,
2006-03-31,67.5,69.9,67.5,68.95,1752,EQ,,,
2006-04-03,69.5,69.9,67.6,68.7,1519,EQ,,,
2006-04-04,68.0,68.5,67.6,67.8,2974,EQ,,,
2006-04-05,69.75,69.75,67.3,68.95,884,EQ,,,
2006-04-07,71.0,71.0,67.8,67.95,29238,EQ,,,
2006-04-10,62.9,69.8,62.9,67.4,652,EQ,,,
2006-04-12,68.3,69.0,65.55,66.15,2840,EQ,,,
2006-04-13,65.6,68.5,62.2,63.55,1000,EQ,,,
2006-04-17,69.7,69.7,63.2,64.95,3020,EQ,,,
2006-04-18,65.0,68.5,65.0,67.8,3192,EQ,,,
2006-04-19,67.5,68.5,67.5,67.7,914,EQ,,,
2006-04-20,67.6,69.0,67.6,68.9,859,EQ,,,
2006-04-21,67.7,75.8,67.7,75.8,11276,EQ,,,
2006-04-24,80.0,81.6,77.2,79.8,14939,EQ,,,
2006-04-25,81.9,81.9,75.8,75.8,3331,EQ,,,
2006-04-26,72.9,75.0,72.1,72.65,3359,EQ,,,
2006-04-27,76.2,76.2,72.6,73.05,1933,EQ,,,
2006-04-28,70.0,72.1,69.5,71.75,1220,EQ,,,
2006-04-29,71.5,75.0,71.5,74.15,1057,EQ,,,
2006-05-02,75.0,75.0,72.6,73.35,1732,EQ,,,
2006-05-03,73.3,74.5,70.9,73.6,2194,EQ,,,
2006-05-04,75.5,75.5,72.7,73.5,61776,EQ,,,
2006-05-05,75.0,77.15,74.0,74.55,6080,EQ,,,
2006-05-08,71.1,77.5,71.1,74.6,4628,EQ,,,
2006-05-09,76.0,77.0,72.9,75.3,2399,EQ,,,
2006-05-10,74.5,77.0,73.5,75.3,4973,EQ,,,
2006-05-11,75.3,76.5,74.0,74.2,3785,EQ,,,
2006-05-12,73.0,75.4,73.0,74.2,1454,EQ,,,
2006-05-15,76.0,77.0,72.6,73.2,3327,EQ,,,
2006-05-16,72.7,73.1,69.6,72.8,1072,EQ,,,
2006-05-17,73.1,75.0,72.0,72.55,628,EQ,,,
2006-05-18,74.3,74.3,68.95,69.25,1813,EQ,,,
2006-05-19,68.4,70.0,65.8,65.8,3473,EQ,,,
2006-05-22,66.0,66.0,62.5,62.7,2956,EQ,,,
2006-05-23,59.6,63.0,59.6,60.4,5601,EQ,,,
2006-05-24,60.0,60.5,57.4,58.9,3290,EQ,,,
2006-05-25,58.0,60.5,57.0,59.6,1044,EQ,,,
2006-05-26,62.4,62.5,61.4,62.4,1102,EQ,,,
2006-05-29,65.3,65.4,62.4,62.6,940,EQ,,,
2006-05-30,61.1,62.6,61.1,61.2,380,EQ,,,
2006-05-31,58.2,62.5,58.15,58.2,1567,EQ,,,
2006-06-01,59.85,60.9,57.6,58.45,2318,EQ,,,
2006-06-02,57.0,57.6,55.6,57.5,1841,EQ,,,
2006-06-05,58.0,58.0,54.9,56.55,919,EQ,,,
2006-06-06,56.8,57.5,53.7,53.9,307,EQ,,,
2006-06-07,53.5,53.5,51.25,51.25,3699,EQ,,,
2006-06-08,50.0,50.0,48.65,48.65,3278,EQ,,,
2006-06-09,46.25,48.4,46.25,47.9,867,EQ,,,
2006-06-12,47.9,49.5,44.9,45.2,386,EQ,,,
2006-06-13,43.0,44.45,42.95,43.2,1693,EQ,,,
2006-06-14,41.4,42.9,41.1,41.15,2497,EQ,,,
2006-06-15,41.8,42.0,39.6,41.6,1267,EQ,,,
2006-06-16,43.5,43.65,43.5,43.65,181,EQ,,,
2006-06-19,45.5,45.85,43.65,45.6,496,EQ,,,
2006-06-20,45.85,47.75,45.05,46.5,345,EQ,,,
2006-06-21,48.5,48.8,47.3,48.6,611,EQ,,,
2006-06-22,49.2,51.0,49.2,51.0,1219,EQ,,,
2006-06-23,51.1,53.3,50.2,53.05,783,EQ,,,
2006-06-26,53.0,53.0,50.5,50.5,195,EQ,,,
2006-06-27,48.1,50.0,48.0,48.6,642,EQ,,,
2006-06-28,46.55,48.0,46.15,47.9,2244,EQ,,,
2006-06-29,46.0,49.8,45.5,49.3,408,EQ,,,
2006-06-30,50.05,51.5,47.0,50.3,269,EQ,,,
2006-07-03,51.3,51.3,50.5,51.25,220,EQ,,,
2006-07-04,51.3,52.0,48.7,50.5,914,EQ,,,
2006-07-05,51.0,51.5,49.6,50.15,661,EQ,,,
2006-07-06,50.5,50.5,49.1,49.45,182,EQ,,,
2006-07-07,50.0,50.0,47.0,47.4,229,EQ,,,
2006-07-10,48.5,49.2,47.5,48.5,218,EQ,,,
2006-07-11,48.0,49.0,47.8,49.0,32,EQ,,,
2006-07-12,48.5,50.7,48.2,48.8,54,EQ,,,
2006-07-13,48.1,51.0,48.0,49.0,293,EQ,,,
2006-07-14,49.85,49.85,49.85,49.85,3,EQ,,,
2006-07-17,48.35,49.0,47.6,47.75,270,EQ,,,
2006-07-18,47.0,48.9,46.0,46.0,107,EQ,,,
2006-07-19,46.2,46.2,44.0,46.0,232,EQ,,,
2006-07-20,44.1,44.9,43.7,43.95,244,EQ,,,
2006-07-21,42.4,42.9,41.9,42.2,107,EQ,,,
2006-07-24,42.2,42.2,40.1,40.35,933,EQ,,,
2006-07-25,41.5,42.3,40.0,40.0,1810,EQ,,,
2006-07-26,40.0,42.0,40.0,42.0,154,EQ,,,
2006-07-27,44.1,44.1,44.1,44.1,130,EQ,,,
2006-07-28,45.6,46.3,45.5,46.3,183,EQ,,,
2006-07-31,48.6,48.6,48.0,48.55,275,EQ,,,
2006-08-01,49.8,49.8,46.15,47.1,723,EQ,,,
2006-08-02,46.8,49.0,45.0,48.45,155,EQ,,,
2006-08-03,48.0,49.0,48.0,48.8,416,EQ,,,
2006-08-04,49.0,50.0,48.0,49.4,1520,EQ,,,
2006-08-07,48.5,49.0,48.5,48.6,210,EQ,,,
2006-08-08,48.0,48.65,47.0,47.65,834,EQ,,,
2006-08-09,47.2,50.0,47.2,49.35,1899,EQ,,,
2006-08-10,49.85,50.0,49.5,50.0,234,EQ,,,
2006-08-11,51.0,52.5,49.3,51.6,730,EQ,,,
2006-08-14,49.9,53.5,49.9,53.5,621,EQ,,,
2006-08-16,54.5,55.0,53.7,53.8,458,EQ,,,
2006-08-17,51.2,52.75,50.25,52.15,972,EQ,,,
2006-08-18,51.0,52.5,50.0,51.7,606,EQ,,,
2006-08-21,52.0,52.5,52.0,52.5,25,EQ,,,
2006-08-22,53.0,56.0,52.25,52.7,4395,EQ,,,
2006-08-23,52.0,53.7,52.0,53.0,303,EQ,,,
2006-08-24,51.0,52.5,51.0,51.5,30,EQ,,,
2006-08-25,52.1,53.4,51.5,52.2,417,EQ,,,
2006-08-28,52.2,52.2,50.1,51.1,54,EQ,,,
2006-08-29,52.0,52.55,50.5,51.2,1594,EQ,,,
2006-08-30,50.6,51.05,50.6,51.0,115,EQ,,,
2006-08-31,50.65,52.5,50.6,52.0,875,EQ,,,
2006-09-01,51.0,52.1,50.8,50.85,91,EQ,,,
2006-09-04,51.5,52.0,50.75,51.6,1701,EQ,,,
2006-09-05,51.0,53.9,51.0,51.8,382,EQ,,,
2006-09-06,51.6,52.5,51.1,51.6,2566,EQ,,,
2006-09-07,52.0,52.0,51.1,51.2,480,EQ,,,
2006-09-08,51.5,52.0,49.6,50.4,1816,EQ,,,
2006-09-11,51.1,51.5,50.2,50.3,260,EQ,,,
2006-09-12,49.0,52.0,48.6,49.75,537,EQ,,,
2006-09-13,50.5,50.9,49.4,50.1,1896,EQ,,,
2006-09-14,50.5,51.45,50.5,51.2,1013,EQ,,,
2006-09-15,50.5,50.7,49.0,49.6,279,EQ,,,
2006-09-18,50.0,50.0,48.5,49.0,7214,EQ,,,
2006-09-19,49.75,49.8,48.2,48.55,858,EQ,,,
2006-09-20,49.5,49.5,47.6,47.75,280,EQ,,,
2006-09-21,50.0,50.0,47.7,48.9,564,EQ,,,
2006-09-22,49.6,51.0,48.6,50.15,791,EQ,,,
2006-09-25,51.0,51.0,48.2,48.35,2262,EQ,,,
2006-09-26,48.5,50.5,48.5,50.1,724,EQ,,,
2006-09-27,50.0,50.25,49.4,50.0,376,EQ,,,
2006-09-28,49.5,51.0,49.5,49.6,3491,EQ,,,
2006-09-29,49.8,51.9,49.8,50.4,9296,EQ,,,
2006-10-03,51.5,53.0,50.0,50.6,17658,EQ,,,
2006-10-04,51.9,55.7,51.5,55.7,17640,EQ,,,
2006-10-05,57.0,61.3,56.0,61.3,29546,EQ,,,
2006-10-06,63.5,64.3,62.1,62.4,31002,EQ,,,
2006-10-09,63.0,63.0,59.3,59.4,7070,EQ,,,
2006-10-10,61.1,61.1,57.5,58.0,5486,EQ,,,
2006-10-11,59.6,60.9,59.5,59.9,4344,EQ,,,
2006-10-12,58.8,62.9,58.8,62.0,4120,EQ,,,
2006-10-13,63.45,64.9,62.4,63.35,8566,EQ,,,
2006-10-16,64.9,64.9,62.4,63.1,1659,EQ,,,
2006-10-17,61.5,62.5,61.0,61.3,1291,EQ,,,
2006-10-18,64.0,64.0,61.55,62.3,4627,EQ,,,
2006-10-19,63.0,63.1,62.0,62.7,1452,EQ,,,
2006-10-20,63.5,65.9,63.5,65.9,2716,EQ,,,
2006-10-21,68.0,69.15,66.1,69.15,5177,EQ,,,
2006-10-23,69.6,72.0,67.6,70.7,7970,EQ,,,
2006-10-26,71.8,74.3,71.5,74.3,12846,EQ,,,
2006-10-27,77.5,78.0,75.6,78.0,7003,EQ,,,
2006-10-30,81.9,81.9,81.9,81.9,3763,EQ,,,
2006-10-31,85.95,85.95,77.8,78.7,30906,EQ,,,
2006-11-01,80.0,81.9,79.5,80.45,12710,EQ,,,
2006-11-02,80.5,84.5,80.0,84.5,13674,EQ,,,
2006-11-03,86.5,88.7,85.2,88.7,29318,EQ,,,
2006-11-06,90.9,93.15,90.0,93.15,12031,EQ,,,
2006-11-07,97.8,97.8,91.9,94.6,71088,EQ,,,
2006-11-08,96.95,96.95,89.85,90.6,22580,EQ,,,
2006-11-09,91.5,94.25,88.6,90.2,12521,EQ,,,
2006-11-10,91.0,93.5,89.0,90.6,7280,EQ,,,
2006-11-13,91.2,95.1,86.5,94.95,33984,EQ,,,
2006-11-14,98.9,98.9,90.35,90.8,14433,EQ,,,
2006-11-15,91.2,91.6,88.0,90.35,5140,EQ,,,
2006-11-16,91.1,92.7,87.9,88.45,4435,EQ,,,
2006-11-17,90.6,91.7,84.5,85.0,6567,EQ,,,
2006-11-20,84.5,85.45,81.0,83.8,4793,EQ,,,
2006-11-21,84.5,87.5,82.7,83.7,5931,EQ,,,
2006-11-22,83.0,87.9,83.0,87.9,4655,EQ,,,
2006-11-23,92.0,92.3,85.2,87.6,19846,EQ,,,
2006-11-24,88.0,91.45,85.0,90.65,9930,EQ,,,
2006-11-27,91.9,92.95,90.5,90.8,3968,EQ,,,
2006-11-28,91.95,91.95,86.9,88.15,1572,EQ,,,
2006-11-29,91.2,92.55,90.2,92.55,1787,EQ,,,
2006-11-30,94.6,97.15,94.0,97.15,25311,EQ,,,
2006-12-01,102.0,102.0,94.2,96.4,12647,EQ,,,
2006-12-04,98.0,99.95,93.6,97.25,12165,EQ,,,
2006-12-05,100.8,100.8,95.6,96.4,3778,EQ,,,
2006-12-06,97.5,97.5,92.5,94.05,3321,EQ,,,
2006-12-07,95.1,96.5,93.3,94.0,2388,EQ,,,
2006-12-08,93.5,96.0,92.5,93.25,3305,EQ,,,
2006-12-11,92.5,93.7,86.5,88.4,6059,EQ,,,
2006-12-12,92.5,94.45,84.0,85.75,19083,EQ,,,
2006-12-13,87.5,91.0,85.0,87.9,4098,EQ,,,
2006-12-14,90.65,94.5,87.8,91.65,14840,EQ,,,
2006-12-15,93.3,93.3,90.15,90.85,3498,EQ,,,
2006-12-18,94.1,94.1,89.4,91.1,1411,EQ,,,
2006-12-19,91.05,92.3,85.0,88.6,3347,EQ,,,
2006-12-20,92.0,92.0,85.6,87.5,2119,EQ,,,
2006-12-21,88.3,91.0,87.2,88.9,1372,EQ,,,
2006-12-22,89.5,93.9,89.0,90.55,5526,EQ,,,
2006-12-26,90.7,93.7,90.7,91.25,2098,EQ,,,
2006-12-27,91.3,91.7,90.0,90.2,835,EQ,,,
2006-12-28,91.7,92.1,89.6,89.7,1310,EQ,,,
2006-12-29,89.8,90.0,86.8,87.9,798,EQ,,,
2007-01-02,89.95,96.65,89.95,95.4,5091,EQ,,,
2007-01-03,96.5,104.9,96.5,104.9,19321,EQ,,,
2007-01-04,110.0,115.4,105.8,115.4,74463,EQ,,,
2007-01-05,119.9,121.2,117.0,121.2,18682,EQ,,,
2007-01-08,125.5,127.2,125.3,127.2,8934,EQ,,,
2007-01-09,133.6,133.6,133.6,133.6,253,EQ,,,
2007-01-10,140.3,140.3,133.0,140.25,61613,EQ,,,
2007-01-11,146.3,146.3,133.3,134.1,38251,EQ,,,
2007-01-12,136.8,138.0,128.5,134.7,24281,EQ,,,
2007-01-15,141.0,141.4,135.7,141.4,3798,EQ,,,
2007-01-16,148.0,148.0,148.0,148.0,2492,EQ,,,
2007-01-17,155.45,155.45,145.5,155.45,33693,EQ,,,
2007-01-18,160.0,163.2,158.5,162.4,40235,EQ,,,
2007-01-19,168.9,170.55,155.1,164.75,46751,EQ,,,
2007-01-22,165.8,168.9,158.0,159.8,18438,EQ,,,
2007-01-23,160.5,160.5,151.85,152.15,9114,EQ,,,
2007-01-24,155.8,156.5,146.1,149.4,9647,EQ,,,
2007-01-25,153.0,156.85,153.0,156.85,3010,EQ,,,
2007-01-29,164.7,164.7,164.7,164.7,1141,BE,,,
2007-01-31,172.9,172.9,165.0,172.9,9649,BE,,,
2007-02-01,181.5,181.55,178.0,181.55,5363,BE,,,
2007-02-02,190.5,190.65,190.5,190.65,2114,BE,,,
2007-02-05,200.2,200.2,200.2,200.2,521,BE,,,
2007-02-06,210.2,210.2,210.2,210.2,704,BE,,,
2007-02-07,220.7,220.7,211.0,220.7,8207,BE,,,
2007-02-08,231.5,231.75,209.7,219.0,9075,BE,,,
2007-02-09,218.5,218.5,208.05,208.05,1188,BE,,,
2007-02-12,197.65,197.65,197.65,197.65,572,BE,,,
2007-02-13,187.75,187.75,187.75,187.75,770,BE,,,
2007-02-14,178.4,178.4,178.4,178.4,256,BE,,,
2007-02-15,169.45,187.3,169.45,187.3,6695,BE,,,
2007-02-19,187.3,196.65,178.5,180.6,6755,BE,,,
2007-02-20,186.5,186.5,171.55,171.55,1635,BE,,,
2007-02-21,165.0,172.1,163.0,163.25,2801,BE,,,
2007-02-22,163.2,169.7,155.1,160.95,3795,BE,,,
2007-02-23,153.1,164.5,152.9,152.9,2079,BE,,,
2007-02-26,146.55,156.35,145.5,152.6,2229,BE,,,
2007-02-27,159.8,160.2,155.4,160.2,2230,BE,,,
2007-02-28,152.2,163.0,152.2,152.5,2786,BE,,,
2007-03-01,152.5,157.8,144.9,147.55,1789,BE,,,
2007-03-02,147.1,154.9,147.1,151.15,4778,EQ,,,
2007-03-05,145.0,146.8,143.55,143.55,2793,EQ,,,
2007-03-06,145.0,147.0,136.4,136.4,5413,EQ,,,
2007-03-07,130.2,133.9,129.6,129.6,1990,EQ,,,
2007-03-08,123.2,131.95,123.1,129.75,6806,EQ,,,
2007-03-09,134.7,134.7,124.2,128.7,4298,EQ,,,
2007-03-12,131.0,135.1,125.6,132.7,3399,EQ,,,
2007-03-13,131.0,139.3,131.0,139.3,2859,EQ,,,
2007-03-14,138.9,145.8,132.4,142.6,5550,EQ,,,
2007-03-15,149.5,149.7,144.0,145.9,5394,EQ,,,
2007-03-16,148.75,148.8,138.6,138.8,3221,EQ,,,
2007-03-19,143.8,143.8,134.1,136.25,1475,EQ,,,
2007-03-20,139.9,143.05,138.0,141.0,6587,EQ,,,
2007-03-21,140.5,141.9,137.5,139.6,1682,EQ,,,
2007-03-22,143.0,146.55,142.0,146.5,5647,EQ,,,
2007-03-23,151.0,151.0,140.7,141.45,1657,EQ,,,
2007-03-26,136.5,144.0,135.8,136.3,1512,EQ,,,
2007-03-28,130.2,134.1,130.0,133.35,3527,EQ,,,
2007-03-29,134.5,137.5,132.2,135.1,994,EQ,,,
2007-03-30,137.5,139.0,130.2,134.05,3707,EQ,,,
2007-04-02,130.5,134.5,127.4,128.3,2388,EQ,,,
2007-04-03,128.0,129.0,125.15,126.4,1456,EQ,,,
2007-04-04,130.0,130.4,127.0,128.3,1179,EQ,,,
2007-04-05,127.0,130.85,125.0,128.8,1282,EQ,,,
2007-04-09,128.8,135.2,128.8,135.2,3801,EQ,,,
2007-04-10,142.5,148.7,137.0,148.7,24503,EQ,,,
2007-04-11,161.95,163.6,153.1,163.6,8926,EQ,,,
2007-04-12,170.0,171.8,161.5,163.5,31226,EQ,,,
2007-04-13,166.0,170.0,160.55,161.3,7493,EQ,,,
2007-04-16,168.45,168.5,161.5,162.8,3536,EQ,,,
2007-04-17,156.3,164.0,154.65,155.4,3460,EQ,,,
2007-04-18,158.0,160.7,152.5,153.55,1797,EQ,,,
2007-04-19,157.4,157.4,147.5,149.8,2563,EQ,,,
2007-04-20,150.0,157.3,146.75,157.3,1810,EQ,,,
2007-04-23,164.0,165.2,153.5,154.4,5385,EQ,,,
2007-04-24,153.5,162.15,149.6,159.65,14132,EQ,,,
2007-04-25,160.0,162.0,156.2,157.55,3727,EQ,,,
2007-04-26,163.8,163.8,152.5,153.3,2244,EQ,,,
2007-04-27,155.0,156.0,149.4,150.15,2294,EQ,,,
2007-04-30,154.0,154.0,148.0,149.85,1343,EQ,,,
2007-05-03,153.9,157.35,153.1,157.35,9386,EQ,,,
2007-05-04,162.5,162.5,152.5,153.2,5869,EQ,,,
2007-05-07,156.5,157.0,152.5,152.8,2637,EQ,,,
2007-05-08,151.1,155.0,148.0,149.45,1767,EQ,,,
2007-05-09,149.0,155.0,147.0,153.45,3479,EQ,,,
2007-05-10,158.0,160.9,153.0,153.5,2009,EQ,,,
2007-05-11,159.4,161.2,147.5,159.1,15693,EQ,,,
2007-05-14,161.1,167.05,158.6,167.05,8839,EQ,,,
2007-05-15,172.0,174.5,167.5,171.4,11119,EQ,,,
2007-05-16,172.0,179.95,172.0,179.95,11853,EQ,,,
2007-05-17,188.55,188.95,182.95,188.95,4550,EQ,,,
2007-05-18,197.9,198.4,181.2,184.6,33533,EQ,,,
2007-05-21,193.5,193.9,186.0,193.9,15131,EQ,,,
2007-05-22,199.4,199.4,185.1,186.75,16632,EQ,,,
2007-05-23,189.5,189.5,177.5,178.35,7478,EQ,,,
2007-05-24,174.5,178.0,169.5,170.4,10556,EQ,,,
2007-05-25,170.0,178.9,165.5,178.9,11481,EQ,,,
2007-05-28,184.95,187.5,176.5,178.1,7600,EQ,,,
2007-05-29,179.5,182.1,177.2,178.55,3724,EQ,,,
2007-05-30,178.0,187.45,175.0,180.7,18928,EQ,,,
2007-05-31,183.95,186.0,179.0,179.5,3951,EQ,,,
2007-06-01,181.1,183.1,176.6,177.6,3338,EQ,,,
2007-06-04,180.0,181.55,175.0,176.95,3642,EQ,,,
2007-06-05,176.1,178.95,175.5,176.1,1742,EQ,,,
2007-06-06,176.1,182.1,171.1,172.8,3980,EQ,,,
2007-06-07,174.4,176.0,171.0,173.9,3966,EQ,,,
2007-06-08,170.0,173.5,168.0,169.2,4621,EQ,,,
2007-06-11,176.0,176.0,167.5,169.4,3309,EQ,,,
2007-06-12,172.9,172.9,161.0,164.2,3456,EQ,,,
2007-06-13,162.3,167.3,162.0,163.8,2341,EQ,,,
2007-06-14,169.9,170.0,165.1,168.1,2779,EQ,,,
2007-06-15,170.0,171.5,167.0,168.4,1659,EQ,,,
2007-06-18,170.0,172.0,166.5,167.3,1892,EQ,,,
2007-06-19,168.0,169.0,165.6,167.7,858,EQ,,,
2007-06-20,169.0,172.2,165.0,168.4,2618,EQ,,,
2007-06-21,169.8,169.8,166.0,167.0,1792,EQ,,,
2007-06-22,168.9,169.8,165.1,166.05,1560,EQ,,,
2007-06-25,167.0,174.35,165.2,174.35,5471,EQ,,,
2007-06-26,181.5,183.05,177.0,183.05,4735,EQ,,,
2007-06-27,187.3,192.2,183.0,192.2,21081,EQ,,,
2007-06-28,195.0,201.8,187.5,199.5,24141,EQ,,,
2007-06-29,200.0,208.5,200.0,206.0,12455,EQ,,,
2007-07-02,207.5,214.0,203.6,210.5,11709,EQ,,,
2007-07-03,214.9,221.05,210.0,221.05,7854,EQ,,,
2007-07-04,226.1,232.1,215.0,221.3,24416,EQ,,,
2007-07-05,222.0,225.0,210.6,216.7,10904,EQ,,,
2007-07-06,221.8,227.55,220.1,223.45,16735,EQ,,,
2007-07-09,228.05,228.4,221.0,223.7,5267,EQ,,,
2007-07-10,224.1,227.6,218.0,219.9,3411,EQ,,,
2007-07-11,210.6,224.5,210.6,217.8,2418,EQ,,,
2007-07-12,221.1,224.3,216.5,217.6,2839,EQ,,,
2007-07-13,222.9,223.6,213.0,214.25,2806,EQ,,,
2007-07-16,217.0,225.0,212.0,225.0,10173,EQ,,,
2007-07-17,232.0,236.0,218.0,219.55,8785,EQ,,,
2007-07-18,222.5,224.4,212.1,221.2,4092,EQ,,,
2007-07-19,211.2,225.0,211.2,218.1,2845,EQ,,,
2007-07-20,224.4,225.0,214.0,219.7,3146,EQ,,,
2007-07-23,224.0,230.7,222.2,230.7,26238,EQ,,,
2007-07-24,233.0,239.8,222.6,225.75,8488,EQ,,,
2007-07-25,225.0,229.9,219.0,222.6,4111,EQ,,,
2007-07-26,225.8,227.9,221.0,222.2,3227,EQ,,,
2007-07-27,220.0,222.0,213.8,216.55,3938,EQ,,,
2007-07-30,221.2,221.2,211.0,212.05,3652,EQ,,,
2007-07-31,219.0,222.7,211.5,220.6,3321,EQ,,,
2007-08-01,216.0,219.45,209.7,210.4,6874,EQ,,,
2007-08-02,214.9,218.0,209.0,213.0,5350,EQ,,,
2007-08-03,217.5,223.6,217.5,219.05,9200,EQ,,,
2007-08-06,215.0,230.0,212.0,229.65,9464,EQ,,,
2007-08-07,237.9,241.15,232.5,233.7,19008,EQ,,,
2007-08-08,240.4,245.4,237.2,245.4,4893,EQ,,,
2007-08-09,257.6,257.6,247.6,250.5,25405,EQ,,,
2007-08-10,243.25,263.0,238.0,262.85,28207,EQ,,,
2007-08-13,274.8,276.0,270.2,276.0,17374,EQ,,,
2007-08-14,289.8,289.8,285.0,289.8,5603,EQ,,,
2007-08-16,284.25,304.3,275.3,304.3,38862,EQ,,,
2007-08-17,319.0,319.5,289.05,299.2,73109,EQ,,,
2007-08-20,310.0,314.2,284.25,285.45,25854,EQ,,,
2007-08-21,294.0,294.0,271.2,271.2,13988,EQ,,,
2007-08-22,265.0,265.0,257.6,257.6,5897,EQ,,,
2007-08-23,258.0,270.5,244.75,245.0,29729,EQ,,,
2007-08-24,249.8,257.2,235.6,254.8,14423,EQ,,,
2007-08-27,267.5,267.5,257.0,259.45,7588,EQ,,,
2007-08-28,259.4,269.0,256.0,263.75,8905,EQ,,,
2007-08-29,252.5,268.5,251.0,260.9,10518,EQ,,,
2007-08-30,269.0,269.6,261.2,263.05,4008,EQ,,,
2007-08-31,265.0,271.9,264.0,265.7,7085,EQ,,,
2007-09-03,265.0,269.5,265.0,266.05,4040,EQ,,,
2007-09-04,268.8,268.8,260.05,261.7,2950,EQ,,,
2007-09-05,264.8,266.1,259.0,260.3,2852,EQ,,,
2007-09-06,257.5,261.1,257.0,260.05,2049,EQ,,,
2007-09-07,262.5,275.0,260.2,263.3,14161,EQ,,,
2007-09-10,260.2,309.9,260.0,298.85,38745,EQ,,,
2007-09-11,302.0,319.0,298.5,302.9,23034,EQ,,,
2007-09-12,311.9,311.9,301.05,302.45,10072,EQ,,,
2007-09-13,301.5,308.0,295.1,299.6,5417,EQ,,,
2007-09-14,308.4,309.0,294.0,295.55,9262,EQ,,,
2007-09-17,304.8,304.8,291.1,292.25,4514,EQ,,,
2007-09-18,292.25,339.8,292.25,328.7,43176,EQ,,,
2007-09-19,340.0,394.45,331.1,393.4,85016,EQ,,,
2007-09-20,408.9,466.0,398.7,430.15,150424,EQ,,,
2007-09-21,451.0,468.4,440.0,446.6,75600,EQ,,,
2007-09-24,473.0,491.25,445.0,491.2,117279,EQ,,,
2007-09-25,500.0,534.7,475.0,509.25,126253,EQ,,,
2007-09-26,520.0,535.0,508.0,513.0,54167,EQ,,,
2007-09-27,520.0,530.0,476.0,485.25,51287,EQ,,,
2007-09-28,500.0,520.0,473.25,498.6,49268,EQ,,,
2007-10-01,499.9,522.5,492.0,511.7,45146,EQ,,,
2007-10-03,518.9,542.5,497.1,518.45,73387,EQ,,,
2007-10-04,519.8,523.5,503.5,507.75,26807,EQ,,,
2007-10-05,509.8,520.0,480.0,488.7,29491,EQ,,,
2007-10-08,480.0,497.0,442.5,447.75,34190,EQ,,,
2007-10-09,452.5,487.5,420.1,477.95,50610,EQ,,,
2007-10-10,490.0,514.9,485.0,489.25,35257,EQ,,,
2007-10-11,495.0,498.5,467.25,487.4,14975,EQ,,,
2007-10-12,485.0,510.0,472.45,480.05,22286,EQ,,,
2007-10-15,492.0,528.1,481.7,528.1,41572,EQ,,,
2007-10-16,535.0,580.9,535.0,580.9,132827,EQ,,,
2007-10-17,522.8,639.0,522.8,639.0,107798,EQ,,,
2007-10-18,669.0,670.9,618.0,663.0,37558,EQ,,,
2007-10-19,630.5,690.0,629.9,646.85,90687,EQ,,,
2007-10-22,627.5,679.2,621.0,671.8,47833,EQ,,,
2007-10-23,705.4,705.4,683.0,705.4,42151,EQ,,,
2007-10-24,740.6,740.7,721.0,740.7,51150,EQ,,,
2007-10-25,777.7,777.7,765.0,777.7,19635,EQ,,,
2007-10-26,816.6,816.6,816.6,816.6,1358,EQ,,,
2007-10-29,857.45,857.45,857.45,857.45,630,EQ,,,
2007-10-30,900.3,900.3,825.1,900.3,51569,EQ,,,
2007-10-31,945.35,945.35,945.35,945.35,1204,EQ,,,
2007-11-01,992.6,992.6,922.6,992.0,70271,EQ,,,
2007-11-02,1013.95,1041.6,952.5,1041.6,52327,EQ,,,
2007-11-05,1093.65,1093.65,1084.85,1093.65,3512,EQ,,,
2007-11-06,1139.9,1148.35,1139.9,1148.35,2630,EQ,,,
2007-11-07,1205.8,1205.8,1090.95,1090.95,14340,EQ,,,
2007-11-08,1036.4,1036.4,1036.4,1036.4,642,EQ,,,
2007-11-09,984.6,984.6,984.6,984.6,640,EQ,,,
2007-11-12,935.35,935.35,935.35,935.35,609,EQ,,,
2007-11-13,888.6,982.1,888.6,982.1,77148,EQ,,,
2007-11-14,1031.2,1031.2,1031.2,1031.2,1363,EQ,,,
2007-11-15,1082.8,1082.8,979.65,979.65,49362,EQ,,,
2007-11-16,950.0,1014.5,930.7,930.8,31682,EQ,,,
2007-11-19,930.0,942.5,884.25,884.25,16473,EQ,,,
2007-11-20,840.0,910.0,840.0,841.5,33235,EQ,,,
2007-11-21,840.0,880.0,799.4,799.9,19982,EQ,,,
2007-11-22,799.9,817.0,759.9,765.1,22893,EQ,,,
2007-11-23,800.0,803.35,765.2,803.35,5765,EQ,,,
2007-11-26,843.5,843.5,843.5,843.5,1517,EQ,,,
2007-11-27,885.7,885.7,860.0,885.7,29905,EQ,,,
2007-11-28,930.0,930.0,890.0,930.0,18962,EQ,,,
2007-11-29,974.45,976.5,890.0,896.35,69585,EQ,,,
2007-11-30,909.9,909.9,860.1,864.55,15894,EQ,,,
2007-12-03,869.9,907.8,865.0,907.8,8630,EQ,,,
2007-12-04,953.15,953.15,880.1,890.3,20979,EQ,,,
2007-12-05,904.9,920.0,886.0,891.15,9858,EQ,,,
2007-12-06,908.9,914.9,862.0,867.75,9054,EQ,,,
2007-12-07,880.0,889.4,835.1,844.85,10624,EQ,,,
2007-12-10,858.9,865.0,820.5,831.35,8308,EQ,,,
2007-12-11,839.45,850.0,812.5,817.85,9726,EQ,,,
2007-12-12,812.5,835.0,800.0,814.7,9839,EQ,,,
2007-12-13,819.8,855.4,810.0,855.4,5998,EQ,,,
2007-12-14,877.45,888.4,835.1,840.7,14468,EQ,,,
2007-12-17,837.5,839.9,798.7,799.85,8626,EQ,,,
2007-12-18,780.0,814.9,763.5,782.25,8858,EQ,,,
2007-12-19,799.0,821.4,770.0,780.6,10002,EQ,,,
2007-12-20,787.5,797.0,761.2,766.3,6762,EQ,,,
2007-12-24,774.0,795.0,765.0,768.15,4733,EQ,,,
2007-12-26,789.0,806.55,770.1,806.55,3730,EQ,,,
2007-12-27,820.0,846.9,820.0,826.8,26016,EQ,,,
2007-12-28,820.0,842.5,790.5,819.9,6990,EQ,,,
2007-12-31,839.9,841.0,812.0,826.3,4791,EQ,,,
2008-01-01,830.0,867.6,821.0,867.6,12399,EQ,,,
2008-01-02,885.45,910.0,845.0,877.4,21769,EQ,,,
2008-01-03,855.0,894.8,837.5,861.3,6869,EQ,,,
2008-01-04,871.1,889.0,850.0,856.25,8313,EQ,,,
2008-01-07,860.0,941.9,822.1,941.9,41327,EQ,,,
2008-01-08,1003.5,1034.7,890.0,907.25,33997,EQ,,,
2008-01-09,920.0,955.0,880.0,900.9,19573,EQ,,,
2008-01-10,921.1,929.0,842.6,858.6,15613,EQ,,,
2008-01-11,870.0,877.9,820.1,844.0,12616,EQ,,,
2008-01-14,859.0,928.3,845.2,903.4,17008,EQ,,,
2008-01-15,925.0,940.0,860.2,869.65,14824,EQ,,,
2008-01-16,840.0,875.0,834.1,852.65,12548,EQ,,,
2008-01-17,890.0,914.1,845.0,871.3,18939,EQ,,,
2008-01-18,855.0,882.5,787.0,801.4,15056,EQ,,,
2008-01-21,790.0,790.0,721.25,721.25,12374,EQ,,,
2008-01-22,649.0,650.0,648.25,648.25,1467,EQ,,,
2008-01-23,630.0,665.0,615.85,621.5,13666,EQ,,,
2008-01-24,640.0,652.5,590.45,590.45,7293,EQ,,,
2008-01-25,583.1,619.9,565.0,616.1,13578,EQ,,,
2008-01-28,615.0,615.0,585.25,605.8,4887,EQ,,,
2008-01-29,625.0,626.9,602.5,609.8,5602,EQ,,,
2008-01-30,609.5,619.0,580.3,584.8,5392,EQ,,,
2008-01-31,594.0,604.9,560.0,569.9,5460,EQ,,,
2008-02-01,588.55,588.55,542.6,545.8,8739,EQ,,,
2008-02-04,573.0,573.1,562.0,573.1,2650,EQ,,,
2008-02-05,586.5,601.75,584.45,601.75,2671,EQ,,,
2008-02-06,594.0,631.9,573.5,631.9,8422,EQ,,,
2008-02-07,663.5,663.5,640.1,657.75,16196,EQ,,,
2008-02-08,689.0,690.4,635.5,665.15,22468,EQ,,,
2008-02-11,670.0,670.0,631.9,631.9,6753,EQ,,,
2008-02-12,635.0,635.0,600.3,600.3,1175,EQ,,,
2008-02-13,570.5,600.1,570.3,570.3,12642,EQ,,,
2008-02-14,585.0,598.8,585.0,598.8,14769,EQ,,,
2008-02-15,614.95,628.75,580.0,628.75,7706,EQ,,,
2008-02-18,660.2,660.2,660.2,660.2,938,EQ,,,
2008-02-19,693.2,693.2,660.0,689.8,20234,EQ,,,
2008-02-20,689.8,719.8,675.0,690.15,17381,EQ,,,
2008-02-21,704.9,724.65,689.0,699.3,18517,EQ,,,
2008-02-22,709.3,709.3,664.35,673.85,18500,EQ,,,
2008-02-25,707.55,707.55,661.3,707.55,201606,EQ,,,
2008-02-26,742.95,742.95,719.0,742.95,111237,EQ,,,
2008-02-27,774.4,780.1,770.0,780.1,30726,EQ,,,
2008-02-28,814.9,819.15,762.3,815.7,181147,EQ,,,
2008-02-29,825.0,854.0,802.5,827.95,244809,EQ,,,
2008-03-03,815.0,827.0,786.55,786.55,96489,EQ,,,
2008-03-04,786.55,789.0,747.25,747.25,31849,EQ,,,
2008-03-05,710.0,725.0,709.9,709.9,5192,EQ,,,
2008-03-07,674.4,674.4,674.4,674.4,3886,EQ,,,
2008-03-10,640.7,640.7,640.7,640.7,5019,EQ,,,
2008-03-11,608.7,646.0,608.7,613.25,252917,EQ,,,
2008-03-12,643.45,643.95,582.6,587.7,107080,EQ,,,
2008-03-13,575.0,575.0,558.35,558.35,22755,EQ,,,
2008-03-14,531.05,544.4,530.45,530.45,26624,EQ,,,
2008-03-17,504.0,504.0,503.95,503.95,3196,EQ,,,
2008-03-18,478.75,478.8,478.75,478.75,3202,EQ,,,
2008-03-19,498.0,500.0,454.85,454.85,59433,EQ,,,
2008-03-24,435.1,447.0,432.15,432.15,24546,EQ,,,
2008-03-25,438.0,442.0,410.55,420.1,218869,EQ,,,
2008-03-26,425.0,441.15,407.5,412.1,170465,EQ,,,
2008-03-27,400.0,415.0,395.0,400.7,84941,EQ,,,
2008-03-28,405.0,420.75,403.0,420.75,91368,EQ,,,
2008-03-31,426.25,441.8,413.0,431.75,207553,EQ,,,
2008-04-01,452.85,452.85,411.0,424.85,100120,EQ,,,
2008-04-02,446.0,446.1,403.65,405.2,80298,EQ,,,
2008-04-03,395.0,405.0,387.1,396.65,62216,EQ,,,
2008-04-04,401.0,401.0,378.0,380.45,58027,EQ,,,
2008-04-07,384.0,384.0,361.45,363.6,66087,EQ,,,
2008-04-08,363.6,381.8,348.05,381.3,240076,EQ,,,
2008-04-09,380.0,400.4,366.05,397.0,247893,EQ,,,
2008-04-10,397.0,416.85,390.1,396.25,212274,EQ,,,
2008-04-11,405.0,405.0,385.1,388.4,104186,EQ,,,
2008-04-15,391.9,407.85,377.0,392.85,113622,EQ,,,
2008-04-16,400.0,412.5,396.0,410.75,362512,EQ,,,
2008-04-17,423.4,423.4,401.5,405.05,142620,EQ,,,
2008-04-21,409.8,416.0,405.25,407.3,59999,EQ,,,
2008-04-22,412.4,418.0,395.05,408.1,89730,EQ,,,
2008-04-23,412.0,428.55,403.1,428.55,121694,EQ,,,
2008-04-24,450.0,450.0,450.0,450.0,31984,EQ,,,
2008-04-25,472.5,472.5,432.1,438.5,264781,EQ,,,
2008-04-28,440.0,454.0,418.9,426.25,122929,EQ,,,
2008-04-29,429.75,447.6,422.0,447.6,195154,EQ,,,
2008-04-30,458.7,458.7,431.0,434.85,198722,EQ,,,
2008-05-02,440.0,449.0,430.1,434.3,55626,EQ,,,
2008-05-05,438.0,456.05,430.6,450.6,294196,EQ,,,
2008-05-06,446.0,452.0,428.1,429.15,141613,EQ,,,
2008-05-07,430.0,430.0,410.7,419.85,69617,EQ,,,
2008-05-08,410.25,454.95,404.0,443.5,342265,EQ,,,
2008-05-09,439.0,449.8,410.0,415.5,171969,EQ,,,
2008-05-12,412.0,421.0,392.3,406.9,138746,EQ,,,
2008-05-13,417.75,426.9,405.0,409.0,105647,EQ,,,
2008-05-14,409.8,418.0,401.1,407.65,68480,EQ,,,
2008-05-15,410.0,418.0,410.0,411.35,49608,EQ,,,
2008-05-16,416.0,426.1,412.0,414.4,91644,EQ,,,
2008-05-20,425.9,426.1,408.1,410.65,45532,EQ,,,
2008-05-21,410.0,432.7,405.4,419.05,125015,EQ,,,
2008-05-22,415.0,427.35,410.25,412.2,91236,EQ,,,
2008-05-23,418.0,418.9,398.2,401.55,63863,EQ,,,
2008-05-26,401.0,401.0,382.0,384.35,58226,EQ,,,
2008-05-27,389.95,394.0,375.1,377.0,52239,EQ,,,
2008-05-28,374.85,384.4,366.0,369.5,51254,EQ,,,
2008-05-29,379.0,379.0,363.9,365.25,45454,EQ,,,
2008-05-30,367.8,371.0,353.6,355.65,43386,EQ,,,
2008-06-02,360.0,365.0,338.0,341.35,62356,EQ,,,
2008-06-03,307.3,334.3,307.3,326.45,70048,EQ,,,
2008-06-04,327.0,331.6,309.55,311.85,53513,EQ,,,
2008-06-05,310.0,313.95,299.2,309.85,84412,EQ,,,
2008-06-06,315.25,326.9,305.0,308.6,88541,EQ,,,
2008-06-09,291.05,299.0,280.25,286.2,59968,EQ,,,
2008-06-10,281.0,295.0,276.0,282.15,56222,EQ,,,
2008-06-11,293.0,294.9,284.1,285.8,37943,EQ,,,
2008-06-12,278.7,284.0,270.1,281.8,52317,EQ,,,
2008-06-13,285.8,295.3,282.1,284.9,57383,EQ,,,
2008-06-16,295.0,301.0,287.7,291.4,62121,EQ,,,
2008-06-17,291.05,297.8,288.15,296.0,40330,EQ,,,
2008-06-18,299.0,325.6,299.0,321.6,298168,EQ,,,
2008-06-19,320.0,346.0,315.0,329.1,386813,EQ,,,
2008-06-20,333.1,344.0,301.0,304.25,208848,EQ,,,
2008-06-23,300.0,301.0,274.1,281.75,127423,EQ,,,
2008-06-24,281.0,294.4,275.0,276.55,69034,EQ,,,
2008-06-25,272.0,277.0,256.1,272.6,87335,EQ,,,
2008-06-26,278.0,283.9,273.0,275.2,50161,EQ,,,
2008-06-27,262.2,266.5,257.0,259.05,55796,EQ,,,
2008-06-30,250.0,266.0,233.25,236.6,56946,EQ,,,
2008-07-01,232.05,237.0,213.0,214.8,59731,EQ,,,
2008-07-02,217.0,228.0,194.5,217.2,158639,EQ,,,
2008-07-03,212.3,214.95,200.0,201.85,87142,EQ,,,
2008-07-04,204.95,211.95,195.15,211.95,110825,EQ,,,
2008-07-07,220.0,222.55,218.0,222.55,12344,EQ,,,
2008-07-08,229.3,233.7,212.0,233.7,172660,EQ,,,
2008-07-09,245.4,245.4,245.4,245.4,4394,EQ,,,
2008-07-10,257.7,257.7,256.0,257.7,56225,EQ,,,
2008-07-11,270.6,270.6,265.0,270.6,127383,EQ,,,
2008-07-14,279.7,284.15,271.5,284.15,85722,EQ,,,
2008-07-15,289.7,298.4,278.0,297.25,238351,EQ,,,
2008-07-16,307.65,312.15,282.4,284.25,444141,EQ,,,
2008-07-17,287.0,298.5,270.05,270.95,140578,EQ,,,
2008-07-18,275.0,280.0,257.5,259.55,209271,EQ,,,
2008-07-21,258.0,266.7,247.5,250.6,168758,EQ,,,
2008-07-22,253.95,263.15,251.1,263.0,381011,EQ,,,
2008-07-23,276.15,276.15,273.0,276.15,287916,EQ,,,
2008-07-24,290.0,290.0,268.0,278.25,571351,EQ,,,
2008-07-25,270.0,275.0,267.0,268.45,102619,EQ,,,
2008-07-28,271.5,281.9,260.0,281.9,133152,EQ,,,
2008-07-29,279.8,284.95,267.8,268.7,203533,EQ,,,
2008-07-30,273.0,282.15,269.05,282.15,221989,EQ,,,
2008-07-31,287.05,287.05,270.0,272.7,132423,EQ,,,
2008-08-01,266.0,286.35,262.25,281.3,310652,EQ,,,
2008-08-04,282.0,291.8,278.35,282.4,191656,EQ,,,
2008-08-05,284.0,291.0,283.0,284.35,136515,EQ,,,
2008-08-06,294.0,294.0,272.0,276.3,134132,EQ,,,
2008-08-07,276.0,281.0,273.0,274.35,87109,EQ,,,
2008-08-08,272.3,276.45,268.0,269.8,70858,EQ,,,
2008-08-11,272.1,279.45,272.1,273.9,67281,EQ,,,
2008-08-12,275.0,277.6,264.25,265.7,74163,EQ,,,
2008-08-13,279.0,279.0,279.0,279.0,30464,EQ,,,
2008-08-14,292.95,292.95,273.75,276.35,199287,EQ,,,
2008-08-18,278.5,282.55,271.2,272.8,56712,EQ,,,
2008-08-19,270.0,286.45,262.55,282.9,171922,EQ,,,
2008-08-20,280.0,297.05,280.0,297.05,219372,EQ,,,
2008-08-21,300.0,303.4,273.1,276.35,388905,EQ,,,
2008-08-22,276.05,279.0,270.1,274.25,114040,EQ,,,
2008-08-25,279.0,284.9,268.95,270.05,94121,EQ,,,
2008-08-26,267.0,272.85,265.0,269.85,85978,EQ,,,
2008-08-27,270.0,271.0,262.0,264.95,51150,EQ,,,
2008-08-28,262.0,265.7,253.15,256.15,82097,EQ,,,
2008-08-29,259.0,268.9,259.0,263.05,115850,EQ,,,
2008-09-01,260.05,267.0,258.3,262.6,49894,EQ,,,
2008-09-02,265.5,279.75,262.15,272.85,222946,EQ,,,
2008-09-04,270.0,280.0,266.0,271.45,96746,EQ,,,
2008-09-05,265.05,271.45,263.1,266.6,54491,EQ,,,
2008-09-08,279.5,315.0,279.0,303.5,1488927,EQ,,,
2008-09-09,304.5,308.5,293.0,295.2,749844,EQ,,,
2008-09-10,289.0,294.9,282.55,284.55,180819,EQ,,,
2008-09-11,281.0,284.0,273.5,276.35,125937,EQ,,,
2008-09-12,279.7,283.0,268.05,270.8,147315,EQ,,,
2008-09-15,265.35,267.0,237.05,243.25,183583,EQ,,,
2008-09-16,236.1,239.0,220.2,234.55,194629,EQ,,,
2008-09-17,239.0,241.0,222.5,226.6,118251,EQ,,,
2008-09-18,200.0,229.0,200.0,223.95,196516,EQ,,,
2008-09-19,236.0,246.0,230.0,240.4,175941,EQ,,,
2008-09-22,249.9,249.9,235.25,238.2,123137,EQ,,,
2008-09-23,230.55,247.0,230.1,237.0,118851,EQ,,,
2008-09-24,241.0,253.0,240.05,246.25,231293,EQ,,,
2008-09-25,249.0,249.5,234.25,242.5,216803,EQ,,,
2008-09-26,244.5,245.0,227.55,230.95,114831,EQ,,,
2008-09-29,235.0,238.1,202.0,210.45,249839,EQ,,,
2008-09-30,205.0,225.5,191.0,217.1,272450,EQ,,,
2008-10-01,223.0,227.8,216.0,220.2,183809,EQ,,,
2008-10-03,219.1,228.8,210.1,214.7,165792,EQ,,,
2008-10-06,210.0,210.0,186.15,189.85,134819,EQ,,,
2008-10-07,192.3,204.0,180.05,184.95,198747,EQ,,,
2008-10-08,180.05,182.5,150.1,166.75,169601,EQ,,,
2008-10-10,155.0,155.0,138.1,141.85,124962,EQ,,,
2008-10-13,145.1,157.0,140.0,148.35,156245,EQ,,,
2008-10-14,152.0,164.2,151.0,152.85,153968,EQ,,,
2008-10-15,146.0,148.5,139.0,140.65,92439,EQ,,,
2008-10-16,134.0,135.7,119.55,133.1,150112,EQ,,,
2008-10-17,138.0,138.8,121.0,122.75,111830,EQ,,,
2008-10-20,129.0,129.95,115.0,118.55,90027,EQ,,,
2008-10-21,122.0,125.0,119.05,122.2,66919,EQ,,,
2008-10-22,125.0,125.0,118.0,118.9,50066,EQ,,,
2008-10-23,114.0,118.0,111.0,113.15,58751,EQ,,,
2008-10-24,115.0,115.0,95.0,97.6,99788,EQ,,,
2008-10-27,95.0,97.0,81.0,91.05,90153,EQ,,,
2008-10-28,94.1,102.4,94.1,100.5,30524,EQ,,,
2008-10-29,105.0,119.4,100.55,112.25,255500,EQ,,,
2008-10-31,115.5,125.0,114.1,122.05,282373,EQ,,,
2008-11-03,127.8,131.0,122.05,123.4,150785,EQ,,,
2008-11-04,125.0,130.0,118.0,126.85,156099,EQ,,,
2008-11-05,129.0,134.0,112.4,115.5,185795,EQ,,,
2008-11-06,111.0,113.5,105.0,110.9,152585,EQ,,,
2008-11-07,111.0,116.4,107.4,114.1,103597,EQ,,,
2008-11-10,116.0,121.05,113.7,118.2,149513,EQ,,,
2008-11-11,115.5,117.9,111.0,111.55,63915,EQ,,,
2008-11-12,111.8,115.4,107.25,109.9,96505,EQ,,,
2008-11-14,112.05,114.0,105.75,106.8,61100,EQ,,,
2008-11-17,107.0,107.0,99.85,101.1,57809,EQ,,,
2008-11-18,102.0,102.0,97.1,98.95,43665,EQ,,,
2008-11-19,97.0,102.45,93.1,94.0,66329,EQ,,,
2008-11-20,90.0,92.5,88.15,89.4,71166,EQ,,,
2008-11-21,90.0,93.0,88.3,90.9,49132,EQ,,,
2008-11-24,91.9,94.5,89.05,91.05,38344,EQ,,,
2008-11-25,94.9,94.9,87.9,90.7,52236,EQ,,,
2008-11-26,89.1,91.9,85.9,88.7,35203,EQ,,,
2008-11-28,86.0,93.95,84.1,85.5,56011,EQ,,,
2008-12-01,88.0,89.7,84.0,84.3,58216,EQ,,,
2008-12-02,84.5,84.5,73.0,80.3,39884,EQ,,,
2008-12-03,81.05,84.7,80.2,81.3,27840,EQ,,,
2008-12-04,82.1,87.95,81.0,86.95,63945,EQ,,,
2008-12-05,89.3,90.9,85.5,86.2,44534,EQ,,,
2008-12-08,91.0,91.0,85.5,86.4,43122,EQ,,,
2008-12-10,86.55,89.7,86.0,88.5,48749,EQ,,,
2008-12-11,89.1,100.95,86.05,96.25,196271,EQ,,,
2008-12-12,91.0,104.35,83.0,102.4,284980,EQ,,,
2008-12-15,102.0,111.7,102.0,108.3,187335,EQ,,,
2008-12-16,108.0,115.9,107.25,112.95,157789,EQ,,,
2008-12-17,113.6,115.5,102.05,103.85,116626,EQ,,,
2008-12-18,102.8,107.75,102.0,106.25,96742,EQ,,,
2008-12-19,105.5,110.9,105.5,107.15,53947,EQ,,,
2008-12-22,108.45,114.0,106.5,108.0,114923,EQ,,,
2008-12-23,105.6,107.5,103.0,104.7,60835,EQ,,,
2008-12-24,105.0,106.0,101.15,102.5,75058,EQ,,,
2008-12-26,104.4,106.0,96.15,97.45,54465,EQ,,,
2008-12-29,97.6,103.9,93.1,102.2,78078,EQ,,,
2008-12-30,103.0,106.85,100.6,102.65,67877,EQ,,,
2008-12-31,104.35,107.0,102.0,103.05,70929,EQ,,,
2009-01-01,104.45,109.5,103.1,107.95,66589,EQ,,,
2009-01-02,110.0,125.8,109.25,123.0,545345,EQ,,,
2009-01-05,128.0,132.95,124.05,125.4,449808,EQ,,,
2009-01-06,126.0,126.95,117.0,120.05,188920,EQ,,,
2009-01-07,120.6,122.45,104.0,105.7,133791,EQ,,,
2009-01-09,104.05,106.0,95.1,99.05,102601,EQ,,,
2009-01-12,95.55,104.95,94.2,100.25,125644,EQ,,,
2009-01-13,97.1,102.9,97.1,99.7,67490,EQ,,,
2009-01-14,102.0,103.95,99.5,100.75,71860,EQ,,,
2009-01-15,99.0,100.95,96.1,98.15,61076,EQ,,,
2009-01-16,99.45,101.15,97.0,97.6,44587,EQ,,,
2009-01-19,98.8,101.95,98.25,99.95,36040,EQ,,,
2009-01-20,98.0,98.9,96.5,97.6,30985,EQ,,,
2009-01-21,95.9,102.0,94.15,95.6,65487,EQ,,,
2009-01-22,98.25,98.4,89.15,90.0,66343,EQ,,,
2009-01-23,90.05,90.9,86.8,87.75,60552,EQ,,,
2009-01-27,90.0,91.95,87.85,89.2,68600,EQ,,,
2009-01-28,90.0,92.0,89.1,90.2,44818,EQ,,,
2009-01-29,91.6,92.9,86.5,88.45,66989,EQ,,,
2009-01-30,88.1,89.0,85.25,88.0,72100,EQ,,,
2009-02-02,86.0,90.95,86.0,87.85,39531,EQ,,,
2009-02-03,88.5,89.85,85.7,86.45,22937,EQ,,,
2009-02-04,87.9,89.05,86.05,88.0,43048,EQ,,,
2009-02-05,88.0,89.0,85.55,86.0,25669,EQ,,,
2009-02-06,87.0,110.0,86.15,94.65,700660,EQ,,,
2009-02-09,96.0,99.95,94.0,96.8,157817,EQ,,,
2009-02-10,97.0,100.55,93.0,95.0,82769,EQ,,,
2009-02-11,94.2,96.95,92.05,94.55,75453,EQ,,,
2009-02-12,94.8,96.0,92.2,92.8,44728,EQ,,,
2009-02-13,94.7,97.1,93.05,94.1,71917,EQ,,,
2009-02-16,94.0,97.45,91.0,91.85,72626,EQ,,,
2009-02-17,90.6,90.6,86.5,88.45,38389,EQ,,,
2009-02-18,86.7,90.25,86.7,88.85,38356,EQ,,,
2009-02-19,92.0,92.0,87.7,88.35,17696,EQ,,,
2009-02-20,87.05,88.0,85.0,85.55,34153,EQ,,,
2009-02-24,84.9,85.8,80.2,83.55,32693,EQ,,,
2009-02-25,85.1,86.5,83.2,84.35,26195,EQ,,,
2009-02-26,84.0,84.5,80.25,81.45,34246,EQ,,,
2009-02-27,82.0,82.0,78.05,79.0,65441,EQ,,,
2009-03-02,79.0,82.7,75.05,75.95,76807,EQ,,,
2009-03-03,75.0,79.0,74.0,75.05,52199,EQ,,,
2009-03-04,75.3,76.9,74.0,74.5,32862,EQ,,,
2009-03-05,75.5,77.3,73.1,73.5,42082,EQ,,,
2009-03-06,72.9,74.2,69.75,70.25,87603,EQ,,,
2009-03-09,72.0,72.0,68.1,68.5,29631,EQ,,,
2009-03-12,69.9,71.0,67.65,68.1,30523,EQ,,,
2009-03-13,71.0,71.0,69.0,70.45,52192,EQ,,,
2009-03-16,70.1,74.0,68.0,72.15,86555,EQ,,,
2009-03-17,72.0,79.0,71.6,73.25,194778,EQ,,,
2009-03-18,73.0,94.0,73.0,85.65,755551,EQ,,,
2009-03-19,87.0,93.9,87.0,88.1,413738,EQ,,,
2009-03-20,87.2,91.8,84.1,85.5,180043,EQ,,,
2009-03-23,86.55,89.2,85.25,86.45,106881,EQ,,,
2009-03-24,87.1,90.5,81.2,82.3,156326,EQ,,,
2009-03-25,83.5,84.8,81.0,83.3,72468,EQ,,,
2009-03-26,83.0,88.7,79.0,82.35,124732,EQ,,,
2009-03-27,83.0,87.0,82.05,84.8,108223,EQ,,,
2009-03-30,82.7,94.5,82.7,87.95,370786,EQ,,,
2009-03-31,90.1,94.5,89.05,90.1,289729,EQ,,,
2009-04-01,92.0,98.4,87.8,96.75,349252,EQ,,,
2009-04-02,98.0,101.7,93.5,94.6,353048,EQ,,,
2009-04-06,97.4,103.5,94.75,98.5,486804,EQ,,,
2009-04-08,95.5,111.15,94.6,108.2,896323,EQ,,,
2009-04-09,112.2,116.0,107.0,109.0,848142,EQ,,,
2009-04-13,114.4,130.8,112.0,130.8,1238093,EQ,,,
2009-04-15,136.4,139.35,125.15,129.5,1464227,EQ,,,
2009-04-16,132.8,142.4,120.1,123.85,1167477,EQ,,,
2009-04-17,125.0,135.9,121.0,123.0,600913,EQ,,,
2009-04-20,125.0,132.0,123.55,126.3,309850,EQ,,,
2009-04-21,121.6,129.3,121.6,124.9,236328,EQ,,,
2009-04-22,126.5,141.8,126.5,137.85,1309975,EQ,,,
2009-04-23,140.0,142.0,131.0,133.65,808997,EQ,,,
2009-04-24,134.55,144.4,132.1,139.8,1045713,EQ,,,
2009-04-27,138.4,141.4,130.55,132.2,540639,EQ,,,
2009-04-28,133.0,133.5,119.0,119.45,309883,EQ,,,
2009-04-29,119.5,122.8,115.0,118.9,325426,EQ,,,
2009-05-04,122.1,130.8,122.1,128.4,331945,EQ,,,
2009-05-05,133.5,134.95,128.0,130.05,371813,EQ,,,
2009-05-06,131.6,134.0,122.0,123.2,247218,EQ,,,
2009-05-07,125.1,128.0,122.8,125.15,158601,EQ,,,
2009-05-08,126.0,131.8,122.5,125.1,247286,EQ,,,
2009-05-11,127.7,127.7,119.55,120.7,127940,EQ,,,
2009-05-12,124.9,124.9,117.15,121.75,136587,EQ,,,
2009-05-13,123.4,126.95,121.8,122.9,209151,EQ,,,
2009-05-14,120.0,122.7,116.1,119.55,146617,EQ,,,
2009-05-15,121.5,124.35,118.8,119.7,113200,EQ,,,
2009-05-18,131.7,131.7,131.7,131.7,2448,EQ,,,
2009-05-19,144.9,144.9,135.0,143.85,1198337,EQ,,,
2009-05-20,146.8,158.25,144.0,158.25,465961,EQ,,,
2009-05-21,166.2,166.2,151.25,164.2,574974,EQ,,,
2009-05-22,166.0,172.45,163.0,172.45,419640,EQ,,,
2009-05-25,181.1,181.1,178.9,181.1,83027,EQ,,,
2009-05-26,189.4,190.2,182.05,189.25,848291,EQ,,,
2009-05-27,198.75,198.75,185.6,197.15,592444,EQ,,,
2009-05-28,190.5,194.5,187.3,187.85,344106,EQ,,,
2009-05-29,191.75,197.25,190.1,196.05,354055,EQ,,,
2009-06-01,199.7,205.85,194.9,205.85,332969,EQ,,,
2009-06-02,211.8,213.0,204.0,209.65,323399,EQ,,,
2009-06-03,213.8,220.15,212.05,220.15,565923,EQ,,,
2009-06-04,217.8,231.2,217.8,231.2,200559,EQ,,,
2009-06-05,242.8,242.8,237.0,242.8,170114,EQ,,,
2009-06-08,251.8,254.95,231.1,235.55,585774,EQ,,,
2009-06-09,234.55,247.35,223.8,247.35,293240,EQ,,,
2009-06-10,259.75,259.75,243.75,248.95,397327,EQ,,,
2009-06-11,250.0,253.7,237.0,242.3,181776,EQ,,,
2009-06-12,247.4,247.5,230.2,231.65,148902,EQ,,,
2009-06-15,231.0,240.0,220.1,221.7,194774,EQ,,,
2009-06-16,215.0,232.8,211.0,232.8,270929,EQ,,,
2009-06-17,244.45,244.45,221.2,221.85,220586,EQ,,,
2009-06-18,220.0,226.0,210.8,210.8,138055,EQ,,,
2009-06-19,215.0,216.9,200.5,205.8,204217,EQ,,,
2009-06-22,208.5,212.0,198.05,200.85,105867,EQ,,,
2009-06-23,191.5,210.9,190.85,209.25,526381,EQ,,,
2009-06-24,212.5,219.75,206.0,215.25,428097,EQ,,,
2009-06-25,217.0,222.0,209.1,211.5,158966,EQ,,,
2009-06-26,214.8,219.3,212.1,217.7,202365,EQ,,,
2009-06-29,219.0,224.8,213.05,216.1,166175,EQ,,,
2009-06-30,219.0,221.4,205.3,205.3,141296,EQ,,,
2009-07-01,205.0,212.0,197.0,208.65,183585,EQ,,,
2009-07-02,208.0,214.4,202.1,207.15,138537,EQ,,,
2009-07-03,202.95,206.95,201.0,203.6,118289,EQ,,,
2009-07-06,206.8,208.9,193.45,193.45,129492,EQ,,,
2009-07-07,193.0,195.7,182.1,185.35,104545,EQ,,,
2009-07-08,182.8,183.7,164.75,169.75,130743,EQ,,,
2009-07-09,170.0,173.0,164.55,166.7,118930,EQ,,,
2009-07-10,170.0,176.0,162.2,167.05,158376,EQ,,,
2009-07-13,164.5,164.5,152.25,155.85,92950,EQ,,,
2009-07-14,160.0,187.05,160.0,186.5,554297,EQ,,,
2009-07-15,190.0,201.7,187.5,194.15,659160,EQ,,,
2009-07-16,198.9,205.0,193.05,194.6,301054,EQ,,,
2009-07-17,197.0,201.9,194.2,196.15,170914,EQ,,,
2009-07-20,198.5,209.9,196.5,204.35,344428,EQ,,,
2009-07-21,206.0,206.0,195.55,198.15,214538,EQ,,,
2009-07-22,200.0,213.85,198.0,201.2,448876,EQ,,,
2009-07-23,203.5,208.7,202.2,204.15,172060,EQ,,,
2009-07-24,207.0,217.5,205.2,209.05,343670,EQ,,,
2009-07-27,212.0,217.5,208.4,213.9,242076,EQ,,,
2009-07-28,214.9,234.0,214.2,228.85,764362,EQ,,,
2009-07-29,232.0,233.85,205.55,216.1,509260,EQ,,,
2009-07-30,216.0,222.3,213.0,218.05,181895,EQ,,,
2009-07-31,221.1,229.0,212.6,215.25,349504,EQ,,,
2009-08-03,218.0,223.9,216.0,222.05,232073,EQ,,,
2009-08-04,224.0,225.8,215.05,217.5,157462,EQ,,,
2009-08-05,217.5,221.0,215.0,217.35,103300,EQ,,,
2009-08-06,217.0,227.0,213.25,214.9,376134,EQ,,,
2009-08-07,212.0,215.45,203.0,205.0,168613,EQ,,,
2009-08-10,209.0,210.7,195.15,197.95,140074,EQ,,,
2009-08-11,198.6,203.7,195.0,196.15,183534,EQ,,,
2009-08-12,195.0,205.0,191.0,200.9,191158,EQ,,,
2009-08-13,204.65,211.0,203.5,209.65,183355,EQ,,,
2009-08-14,210.0,215.0,205.55,207.95,264691,EQ,,,
2009-08-17,204.9,205.6,194.05,195.8,108879,EQ,,,
2009-08-18,194.8,203.45,194.4,199.65,143457,EQ,,,
2009-08-19,201.0,204.75,196.6,197.45,81068,EQ,,,
2009-08-20,201.0,202.8,195.3,196.75,46974,EQ,,,
2009-08-21,198.0,203.55,194.3,199.75,135087,EQ,,,
2009-08-24,203.5,223.9,203.05,220.05,522761,EQ,,,
2009-08-25,223.05,228.5,216.55,219.3,570026,EQ,,,
2009-08-26,222.05,228.55,220.25,222.15,349776,EQ,,,
2009-08-27,221.45,236.0,218.6,227.35,605582,EQ,,,
2009-08-28,228.8,232.0,220.0,223.55,282277,EQ,,,
2009-08-31,219.9,226.9,215.2,223.7,269437,EQ,,,
2009-09-01,226.0,242.4,221.65,223.8,850660,EQ,,,
2009-09-02,225.1,227.4,218.95,220.45,235434,EQ,,,
2009-09-03,223.05,229.8,220.0,221.25,294045,EQ,,,
2009-09-04,222.65,226.4,218.2,221.55,223772,EQ,,,
2009-09-07,224.9,231.05,224.5,228.5,254843,EQ,,,
2009-09-08,230.5,235.9,224.3,226.55,315087,EQ,,,
2009-09-09,223.9,228.8,221.55,222.6,124235,EQ,,,
2009-09-10,225.5,227.5,219.1,220.0,138668,EQ,,,
2009-09-11,223.0,223.0,211.1,214.0,137959,EQ,,,
2009-09-14,213.0,217.0,210.3,213.75,132092,EQ,,,
2009-09-15,215.5,221.0,215.1,216.3,121493,EQ,,,
2009-09-16,220.0,222.0,216.0,218.65,171947,EQ,,,
2009-09-17,222.0,225.0,215.0,216.7,150996,EQ,,,
2009-09-18,216.4,218.0,214.0,215.1,106914,EQ,,,
2009-09-22,216.9,222.25,213.0,217.4,181383,EQ,,,
2009-09-23,219.4,220.4,213.15,214.25,114827,EQ,,,
2009-09-24,212.5,214.75,208.0,213.3,94666,EQ,,,
2009-09-25,212.4,220.95,210.6,215.8,155425,EQ,,,
2009-09-29,218.0,223.7,216.05,217.9,220262,EQ,,,
2009-09-30,219.1,226.35,218.05,220.9,379532,EQ,,,
2009-10-01,220.95,223.0,217.1,217.95,137604,EQ,,,
2009-10-05,215.8,218.0,210.05,211.15,101626,EQ,,,
2009-10-06,214.1,216.0,205.5,209.75,126171,EQ,,,
2009-10-07,212.8,213.9,208.1,209.4,85580,EQ,,,
2009-10-08,213.0,215.8,208.1,209.2,164672,EQ,,,
2009-10-09,211.95,214.4,207.2,208.35,111178,EQ,,,
2009-10-12,209.7,212.0,207.7,209.25,90293,EQ,,,
2009-10-14,212.0,214.35,209.5,211.2,150357,EQ,,,
2009-10-15,213.0,214.7,210.5,211.7,100723,EQ,,,
2009-10-16,212.0,213.5,210.2,211.5,67185,EQ,,,
2009-10-17,212.8,213.3,212.15,212.55,32532,EQ,,,
2009-10-20,214.7,215.25,210.8,211.8,67850,EQ,,,
2009-10-21,211.2,244.6,210.2,233.85,2112225,EQ,,,
2009-10-22,238.4,244.3,222.6,227.5,955473,EQ,,,
2009-10-23,232.5,238.05,221.6,226.9,383943,EQ,,,
2009-10-26,229.4,232.0,219.6,221.5,326691,EQ,,,
2009-10-27,220.0,220.0,206.25,208.1,187787,EQ,,,
2009-10-28,207.9,212.0,201.25,206.85,227101,EQ,,,
2009-10-29,202.4,204.8,197.5,199.85,121903,EQ,,,
2009-10-30,205.0,208.2,192.0,194.2,153919,EQ,,,
2009-11-03,195.1,195.1,180.4,181.9,124208,EQ,,,
2009-11-04,183.0,189.95,182.0,186.7,148245,EQ,,,
2009-11-05,188.0,194.95,185.5,193.0,151295,EQ,,,
2009-11-06,194.0,204.2,194.0,197.3,237366,EQ,,,
2009-11-09,199.75,214.5,198.9,212.5,524586,EQ,,,
2009-11-10,216.7,216.75,207.0,207.85,231555,EQ,,,
2009-11-11,208.9,211.85,206.15,209.6,116367,EQ,,,
2009-11-12,210.5,220.9,209.6,212.95,391157,EQ,,,
2009-11-13,214.3,216.0,210.5,210.95,119233,EQ,,,
2009-11-16,212.0,217.0,212.0,213.35,121082,EQ,,,
2009-11-17,214.5,215.9,210.5,211.55,74360,EQ,,,
2009-11-18,212.1,216.9,211.0,212.7,93914,EQ,,,
2009-11-19,212.5,214.45,206.0,206.9,69293,EQ,,,
2009-11-20,205.7,207.85,201.2,205.55,103591,EQ,,,
2009-11-23,207.3,212.7,207.3,208.8,77789,EQ,,,
2009-11-24,210.0,211.95,207.9,208.4,60658,EQ,,,
2009-11-25,210.0,218.1,209.45,211.7,220969,EQ,,,
2009-11-26,212.0,213.4,204.0,205.4,77302,EQ,,,
2009-11-27,203.0,203.0,190.0,197.65,148664,EQ,,,
2009-11-30,201.0,203.95,201.0,202.0,74483,EQ,,,
2009-12-01,202.0,209.2,202.0,207.8,105516,EQ,,,
2009-12-02,209.5,210.9,204.15,205.55,80902,EQ,,,
2009-12-03,206.5,209.85,204.0,205.75,65440,EQ,,,
2009-12-04,204.0,207.25,203.5,204.7,55396,EQ,,,
2009-12-07,206.05,209.0,202.15,202.85,54417,EQ,,,
2009-12-08,203.0,208.95,203.0,206.25,91745,EQ,,,
2009-12-09,205.2,206.95,203.25,203.9,41381,EQ,,,
2009-12-10,204.5,206.95,203.3,204.0,39084,EQ,,,
2009-12-11,206.0,206.5,201.05,201.8,51973,EQ,,,
2009-12-14,203.0,203.65,199.15,199.75,61582,EQ,,,
2009-12-15,199.8,202.2,195.2,196.05,68460,EQ,,,
2009-12-16,197.5,201.75,195.15,198.2,87827,EQ,,,
2009-12-17,197.2,202.95,197.0,197.95,81715,EQ,,,
2009-12-18,196.1,201.85,194.1,194.9,74845,EQ,,,
2009-12-21,196.4,198.0,192.25,193.0,68920,EQ,,,
2009-12-22,193.1,196.45,193.1,194.0,43564,EQ,,,
2009-12-23,195.85,199.4,194.0,197.45,69484,EQ,,,
2009-12-24,199.15,202.0,197.5,199.05,115658,EQ,,,
2009-12-29,199.5,218.5,199.5,211.95,563724,EQ,,,
2009-12-30,214.3,218.0,211.0,212.3,268381,EQ,,,
2009-12-31,216.0,216.0,209.5,210.25,127051,EQ,,,
2010-01-04,212.5,218.25,210.15,216.45,266510,EQ,,,
2010-01-05,218.0,225.95,216.0,224.3,654079,EQ,,,
2010-01-06,224.9,225.45,217.55,218.35,204900,EQ,,,
2010-01-07,218.5,233.0,218.5,226.2,601120,EQ,,,
2010-01-08,228.5,233.0,226.1,227.45,290081,EQ,,,
2010-01-11,231.25,238.9,229.25,233.5,354904,EQ,,,
2010-01-12,235.7,240.8,228.8,230.2,636791,EQ,,,
2010-01-13,226.9,233.4,222.0,229.65,156136,EQ,,,
2010-01-14,231.2,235.95,230.95,232.15,138178,EQ,,,
2010-01-15,233.0,236.05,230.0,231.15,148192,EQ,,,
2010-01-18,229.0,239.9,229.0,235.0,300139,EQ,,,
2010-01-19,235.4,264.35,235.4,253.0,2809652,EQ,,,
2010-01-20,255.25,288.0,246.0,282.0,4987561,EQ,,,
2010-01-21,280.0,292.7,262.0,264.9,3550994,EQ,,,
2010-01-22,250.1,272.95,241.0,261.5,1552152,EQ,,,
2010-01-25,259.95,288.5,255.0,271.4,4358380,EQ,,,
2010-01-27,268.65,284.4,248.15,253.95,2182102,EQ,,,
2010-01-28,258.55,265.9,250.2,251.3,1106966,EQ,,,
2010-01-29,249.9,259.25,239.05,254.55,914541,EQ,,,
2010-02-01,253.9,264.7,253.15,257.95,947854,EQ,,,
2010-02-02,260.0,272.6,256.2,258.3,1544796,EQ,,,
2010-02-03,261.3,266.65,259.6,261.75,600550,EQ,,,
2010-02-04,262.75,263.7,248.0,250.7,516200,EQ,,,
2010-02-05,244.9,244.9,235.35,237.7,388771,EQ,,,
2010-02-06,243.4,243.4,238.65,239.9,71153,EQ,,,
2010-02-08,241.05,246.55,236.6,240.75,381728,EQ,,,
2010-02-09,239.55,253.35,238.5,250.4,685291,EQ,,,
2010-02-10,254.0,256.9,243.15,245.2,715950,EQ,,,
2010-02-11,247.0,251.45,245.1,246.4,310923,EQ,,,
2010-02-15,249.0,252.85,243.15,244.6,292899,EQ,,,
2010-02-16,247.65,247.65,242.0,245.85,188789,EQ,,,
2010-02-17,248.0,254.9,245.5,247.35,492748,EQ,,,
2010-02-18,251.0,254.35,244.2,245.7,593581,EQ,,,
2010-02-19,243.35,246.8,239.0,240.25,347791,EQ,,,
2010-02-22,244.9,246.1,229.45,232.2,309029,EQ,,,
2010-02-23,231.7,235.7,225.1,226.15,225094,EQ,,,
2010-02-24,225.5,229.9,222.0,223.55,170417,EQ,,,
2010-02-25,225.0,226.0,220.0,220.6,118822,EQ,,,
2010-02-26,221.1,234.8,220.0,229.05,383040,EQ,,,
2010-03-02,232.8,234.9,229.3,231.2,235565,EQ,,,
2010-03-03,233.0,238.4,232.2,236.8,265355,EQ,,,
2010-03-04,237.0,243.4,231.2,240.5,404337,EQ,,,
2010-03-05,243.5,246.0,241.25,242.75,224162,EQ,,,
2010-03-08,245.0,247.2,238.5,240.05,143938,EQ,,,
2010-03-09,241.25,241.25,232.1,233.5,106739,EQ,,,
2010-03-10,234.45,239.4,232.05,233.25,173133,EQ,,,
2010-03-11,232.4,235.45,228.0,228.9,81167,EQ,,,
2010-03-12,231.45,232.7,227.2,228.0,95772,EQ,,,
2010-03-15,228.0,228.45,222.4,223.15,76037,EQ,,,
2010-03-16,226.0,241.35,221.3,239.4,1124455,EQ,,,
2010-03-17,241.0,242.9,236.0,238.35,565285,EQ,,,
2010-03-18,238.5,238.9,231.5,235.75,239074,EQ,,,
2010-03-19,235.0,239.9,235.0,236.7,231535,EQ,,,
2010-03-22,232.8,235.9,228.55,229.5,120436,EQ,,,
2010-03-23,230.85,237.3,229.1,230.35,216491,EQ,,,
2010-03-25,230.5,233.95,228.0,229.7,125621,EQ,,,
2010-03-26,231.0,234.5,228.3,229.7,186896,EQ,,,
2010-03-29,230.8,232.9,225.0,226.0,110109,EQ,,,
2010-03-30,228.05,232.9,226.45,227.45,137638,EQ,,,
2010-03-31,230.0,233.0,228.3,228.95,136671,EQ,,,
2010-04-01,229.9,240.5,229.9,237.6,522357,EQ,,,
2010-04-05,240.0,246.95,236.2,243.15,517527,EQ,,,
2010-04-06,245.15,245.8,239.1,240.3,151308,EQ,,,
2010-04-07,241.5,246.8,238.2,240.5,205219,EQ,,,
2010-04-08,241.1,253.9,238.3,244.95,1019861,EQ,,,
2010-04-09,248.0,252.6,245.7,246.95,387328,EQ,,,
2010-04-12,248.4,259.7,247.6,257.65,1158884,EQ,,,
2010-04-13,258.8,259.4,252.0,253.4,441428,EQ,,,
2010-04-15,255.8,257.2,244.3,246.35,368429,EQ,,,
2010-04-16,243.9,249.4,241.2,243.9,231361,EQ,,,
2010-04-19,238.3,241.6,232.6,234.75,146549,EQ,,,
2010-04-20,236.0,243.0,229.7,239.8,188337,EQ,,,
2010-04-21,241.4,247.5,241.4,243.55,213718,EQ,,,
2010-04-22,242.5,247.0,241.1,242.05,140947,EQ,,,
2010-04-23,244.25,244.5,240.0,240.6,76376,EQ,,,
2010-04-26,242.9,243.7,239.45,240.25,81588,EQ,,,
2010-04-27,240.2,242.4,237.65,238.35,99794,EQ,,,
2010-04-28,234.0,236.95,231.0,232.1,119877,EQ,,,
2010-04-29,233.2,234.95,230.55,231.35,96177,EQ,,,
2010-04-30,233.0,237.0,232.15,232.85,95172,EQ,,,
2010-05-03,231.2,234.5,229.65,230.4,77295,EQ,,,
2010-05-04,232.4,234.25,225.3,226.35,88789,EQ,,,
2010-05-05,220.95,224.2,217.9,223.5,99214,EQ,,,
2010-05-06,226.0,226.0,219.15,220.65,99763,EQ,,,
2010-05-07,216.0,217.95,210.7,212.65,86552,EQ,,,
2010-05-10,216.5,221.3,215.0,219.55,86374,EQ,,,
2010-05-11,220.95,224.0,216.4,217.7,72335,EQ,,,
2010-05-12,219.3,220.0,214.65,216.35,53478,EQ,,,
2010-05-13,218.45,221.95,214.6,215.15,66942,EQ,,,
2010-05-14,214.0,217.2,208.0,209.25,83826,EQ,,,
2010-05-17,207.9,212.0,205.5,208.2,63321,EQ,,,
2010-05-18,208.95,213.8,208.95,210.15,68406,EQ,,,
2010-05-19,208.0,217.3,201.15,203.75,174388,EQ,,,
2010-05-20,206.7,207.9,199.15,200.5,57925,EQ,,,
2010-05-21,195.0,197.0,191.15,194.8,67246,EQ,,,
2010-05-24,200.0,204.7,193.25,195.1,99372,EQ,,,
2010-05-25,192.0,192.9,186.0,187.75,54739,EQ,,,
2010-05-26,189.9,194.8,185.7,188.85,66550,EQ,,,
2010-05-27,190.35,192.5,187.0,190.8,78658,EQ,,,
2010-05-28,193.15,198.0,193.15,194.45,94144,EQ,,,
2010-05-31,195.0,202.1,193.5,197.9,98032,EQ,,,
2010-06-01,197.9,203.05,193.2,193.75,83761,EQ,,,
2010-06-02,195.8,198.9,194.0,197.1,72827,EQ,,,
2010-06-03,200.75,202.3,198.05,199.2,72849,EQ,,,
2010-06-04,198.85,200.4,196.25,197.2,32825,EQ,,,
2010-06-07,192.0,194.5,190.0,192.75,31913,EQ,,,
2010-06-08,192.5,197.5,190.2,191.15,57058,EQ,,,
2010-06-09,191.0,195.0,191.0,191.95,58904,EQ,,,
2010-06-10,192.2,194.8,192.05,193.55,34741,EQ,,,
2010-06-11,196.0,197.8,193.05,193.7,47637,EQ,,,
2010-06-14,196.8,219.4,193.1,215.85,977194,EQ,,,
2010-06-15,217.0,221.95,210.35,214.45,863516,EQ,,,
2010-06-16,215.45,219.2,211.3,212.65,351732,EQ,,,
2010-06-17,214.2,215.7,209.05,211.55,160456,EQ,,,
2010-06-18,212.0,217.5,207.35,208.75,203635,EQ,,,
2010-06-21,211.55,213.7,209.05,210.0,85229,EQ,,,
2010-06-22,208.5,213.95,208.1,208.65,100950,EQ,,,
2010-06-23,208.6,216.5,207.5,214.05,191408,EQ,,,
2010-06-24,215.0,217.7,213.1,214.6,121960,EQ,,,
2010-06-25,213.95,216.0,208.45,210.0,82275,EQ,,,
2010-06-28,210.1,213.8,209.0,212.55,49206,EQ,,,
2010-06-29,212.3,215.45,209.15,210.6,64926,EQ,,,
2010-06-30,208.0,212.8,207.1,210.9,57552,EQ,,,
2010-07-01,209.5,211.4,208.15,209.15,41008,EQ,,,
2010-07-02,208.05,218.3,208.05,211.6,226253,EQ,,,
2010-07-05,211.7,214.4,209.0,210.15,53265,EQ,,,
2010-07-06,209.2,213.1,209.2,210.95,50206,EQ,,,
2010-07-07,212.5,214.95,210.0,211.2,85733,EQ,,,
2010-07-08,213.0,223.4,213.0,218.7,707425,EQ,,,
2010-07-09,222.4,223.4,216.0,216.65,183293,EQ,,,
2010-07-12,218.65,223.2,217.55,218.25,133922,EQ,,,
2010-07-13,220.0,223.6,218.0,221.0,176283,EQ,,,
2010-07-14,222.5,231.65,222.5,227.45,776152,EQ,,,
2010-07-15,226.0,233.1,226.0,227.5,348274,EQ,,,
2010-07-16,228.0,229.9,226.55,227.2,117514,EQ,,,
2010-07-19,226.1,229.0,223.3,224.05,96510,EQ,,,
2010-07-20,226.2,228.3,221.45,222.4,85524,EQ,,,
2010-07-21,223.1,225.7,221.15,222.2,52725,EQ,,,
2010-07-22,222.9,227.8,220.0,224.8,215015,EQ,,,
2010-07-23,226.65,227.9,220.05,220.7,97447,EQ,,,
2010-07-26,222.0,222.9,215.05,215.8,54488,EQ,,,
2010-07-27,217.8,219.6,214.35,215.1,98468,EQ,,,
2010-07-28,214.5,219.0,213.4,214.15,58935,EQ,,,
2010-07-29,215.5,215.65,212.5,213.15,45496,EQ,,,
2010-07-30,213.8,215.5,210.55,211.2,49792,EQ,,,
2010-08-02,212.0,222.8,212.0,219.45,384468,EQ,,,
2010-08-03,220.5,226.5,218.7,221.35,334995,EQ,,,
2010-08-04,223.2,228.05,220.15,226.65,432247,EQ,,,
2010-08-05,228.0,237.35,227.3,230.45,764169,EQ,,,
2010-08-06,232.0,235.9,226.3,228.1,450578,EQ,,,
2010-08-09,231.0,232.5,227.05,229.65,212777,EQ,,,
2010-08-10,233.0,236.5,227.75,230.05,281142,EQ,,,
2010-08-11,229.25,238.5,229.25,231.85,561903,EQ,,,
2010-08-12,231.0,233.3,226.1,226.9,170275,EQ,,,
2010-08-13,230.0,241.9,227.5,233.9,1407363,EQ,,,
2010-08-16,234.9,249.0,232.0,239.3,1612463,EQ,,,
2010-08-17,242.0,244.6,236.2,237.4,320584,EQ,,,
2010-08-18,238.0,243.8,237.0,239.45,424028,EQ,,,
2010-08-19,241.7,241.75,233.15,235.25,208350,EQ,,,
2010-08-20,233.5,239.4,232.25,234.45,195264,EQ,,,
2010-08-23,237.8,237.8,231.4,233.1,121375,EQ,,,
2010-08-24,234.8,234.8,227.0,228.8,108201,EQ,,,
2010-08-25,233.0,233.0,222.2,224.9,146399,EQ,,,
2010-08-26,223.9,229.9,222.5,223.35,174036,EQ,,,
2010-08-27,224.0,225.8,216.1,217.35,113469,EQ,,,
2010-08-30,220.4,222.75,214.6,216.3,89344,EQ,,,
2010-08-31,216.5,216.5,210.05,212.6,101223,EQ,,,
2010-09-01,217.0,218.95,214.1,217.35,142625,EQ,,,
2010-09-02,219.5,221.85,217.3,217.75,102677,EQ,,,
2010-09-03,219.8,221.75,216.5,218.2,87456,EQ,,,
2010-09-06,219.75,225.15,219.1,223.8,211287,EQ,,,
2010-09-07,224.5,226.5,221.65,222.4,168286,EQ,,,
2010-09-08,223.5,223.5,220.1,221.05,75695,EQ,,,
2010-09-09,223.5,228.0,220.6,221.3,197730,EQ,,,
2010-09-13,223.8,226.2,221.8,222.55,184244,EQ,,,
2010-09-14,224.0,224.75,218.25,218.7,97317,EQ,,,
2010-09-15,220.4,222.0,217.35,217.75,94173,EQ,,,
2010-09-16,218.0,221.0,215.25,216.0,98913,EQ,,,
2010-09-17,216.0,219.4,216.0,217.2,95162,EQ,,,
2010-09-20,218.0,222.5,217.5,219.3,161673,EQ,,,
2010-09-21,220.75,220.75,215.05,215.3,75267,EQ,,,
2010-09-22,216.8,217.3,212.65,213.75,73750,EQ,,,
2010-09-23,214.15,215.6,211.75,212.7,55559,EQ,,,
2010-09-24,212.1,215.8,212.1,214.25,60682,EQ,,,
2010-09-27,215.5,218.7,214.8,215.3,90022,EQ,,,
2010-09-28,215.3,217.65,213.45,214.25,58992,EQ,,,
2010-09-29,216.65,217.5,211.65,212.25,73776,EQ,,,
2010-09-30,214.0,214.0,209.5,210.5,46177,EQ,,,
2010-10-01,212.8,215.4,211.3,213.15,90692,EQ,,,
2010-10-04,213.5,216.4,212.55,213.15,68359,EQ,,,
2010-10-05,213.55,223.9,213.15,220.8,375349,EQ,,,
2010-10-06,224.45,225.4,219.1,220.2,113584,EQ,,,
2010-10-07,222.4,231.7,220.3,224.05,549204,EQ,,,
2010-10-08,226.4,226.8,220.25,222.1,99462,EQ,,,
2010-10-11,224.05,225.45,220.1,220.55,83465,EQ,,,
2010-10-12,222.6,222.6,215.3,217.6,51875,EQ,,,
2010-10-13,218.0,221.0,218.0,218.55,79316,EQ,,,
2010-10-14,219.8,224.5,219.0,220.75,149662,EQ,,,
2010-10-15,221.7,221.7,216.0,216.4,35880,EQ,,,
2010-10-18,218.55,218.55,212.15,213.85,39524,EQ,,,
2010-10-19,215.0,217.0,212.3,213.1,42130,EQ,,,
2010-10-20,212.7,214.45,210.1,210.8,30854,EQ,,,
2010-10-21,212.65,215.65,211.6,212.75,53102,EQ,,,
2010-10-22,214.25,214.95,210.5,211.5,38651,EQ,,,
2010-10-25,213.65,215.8,212.1,212.8,45928,EQ,,,
2010-10-26,212.5,214.8,210.05,210.95,37851,EQ,,,
2010-10-27,211.15,213.7,208.6,209.5,45870,EQ,,,
2010-10-28,210.5,210.9,205.4,206.95,39946,EQ,,,
2010-10-29,207.6,207.75,202.35,204.05,43070,EQ,,,
2010-11-01,205.9,207.35,203.05,204.5,45433,EQ,,,
2010-11-02,205.75,205.75,201.15,201.7,41439,EQ,,,
2010-11-03,202.7,209.0,202.7,205.25,80071,EQ,,,
2010-11-04,206.8,207.0,197.35,203.0,38725,EQ,,,
2010-11-05,208.5,208.6,205.05,207.15,17379,EQ,,,
2010-11-08,209.0,209.0,205.35,207.0,34788,EQ,,,
2010-11-09,208.65,216.85,205.0,214.8,160520,EQ,,,
2010-11-10,215.9,218.8,211.3,212.2,151667,EQ,,,
2010-11-11,214.0,216.0,208.0,208.65,82949,EQ,,,
2010-11-12,209.55,209.55,202.05,203.6,64419,EQ,,,
2010-11-15,205.25,206.85,202.0,204.0,41397,EQ,,,
2010-11-16,205.75,205.9,197.1,199.2,83403,EQ,,,
2010-11-18,202.0,202.75,191.5,195.85,58036,EQ,,,
2010-11-19,196.0,198.0,191.15,191.6,47800,EQ,,,
2010-11-22,192.5,209.0,191.0,203.9,336633,EQ,,,
2010-11-23,201.0,203.0,190.0,194.05,179823,EQ,,,
2010-11-24,195.0,199.0,187.0,190.0,106399,EQ,,,
2010-11-25,193.0,193.0,185.5,186.4,55155,EQ,,,
2010-11-26,188.2,188.95,167.0,173.05,78206,EQ,,,
2010-11-29,175.0,178.0,167.05,172.75,66017,EQ,,,
2010-11-30,170.0,175.0,168.0,173.5,77151,EQ,,,
2010-12-01,175.0,182.0,175.0,178.05,122586,EQ,,,
2010-12-02,181.0,184.3,180.0,182.05,95160,EQ,,,
2010-12-03,182.55,182.75,175.05,176.8,40013,EQ,,,
2010-12-06,177.2,183.25,175.3,176.6,74262,EQ,,,
2010-12-07,179.0,186.9,173.5,181.35,135826,EQ,,,
2010-12-08,180.5,180.5,172.85,173.75,55558,EQ,,,
2010-12-09,174.1,175.35,158.35,161.45,64132,EQ,,,
2010-12-10,157.95,165.0,156.3,158.0,90459,EQ,,,
2010-12-13,159.7,164.0,159.0,162.95,52971,EQ,,,
2010-12-14,164.05,169.0,163.25,166.9,50356,EQ,,,
2010-12-15,166.05,167.2,161.85,163.0,34341,EQ,,,
2010-12-16,164.4,165.7,161.45,162.45,38906,EQ,,,
2010-12-20,160.15,163.9,160.15,161.7,31638,EQ,,,
2010-12-21,161.1,170.45,161.1,167.2,92138,EQ,,,
2010-12-22,167.8,169.65,164.25,165.65,70585,EQ,,,
2010-12-23,166.0,167.3,162.0,164.35,42821,EQ,,,
2010-12-24,164.0,168.7,141.0,166.85,53341,EQ,,,
2010-12-27,166.65,171.0,165.0,165.5,46974,EQ,,,
2010-12-28,170.0,173.6,168.1,169.4,93863,EQ,,,
2010-12-29,169.6,173.8,168.05,169.75,52033,EQ,,,
2010-12-30,170.9,171.8,168.0,169.6,25230,EQ,,,
2010-12-31,169.6,175.4,169.6,171.95,102184,EQ,,,
2011-01-03,172.95,176.5,172.25,173.4,73275,EQ,,,
2011-01-04,174.25,177.8,173.1,174.8,86013,EQ,,,
2011-01-05,176.0,176.0,170.6,172.15,43044,EQ,,,
2011-01-06,174.9,174.9,167.6,168.15,36489,EQ,,,
2011-01-07,167.5,169.0,162.5,163.4,30108,EQ,,,
2011-01-10,162.5,164.75,159.45,160.05,35091,EQ,,,
2011-01-11,161.0,162.7,157.0,157.8,33421,EQ,,,
2011-01-12,158.25,159.9,155.05,159.45,33172,EQ,,,
2011-01-13,158.0,161.25,156.25,157.75,31642,EQ,,,
2011-01-14,157.1,158.9,153.15,154.75,27617,EQ,,,
2011-01-17,153.5,154.3,146.0,147.35,42196,EQ,,,
2011-01-18,149.0,150.7,147.0,148.85,31854,EQ,,,
2011-01-19,147.05,152.1,146.15,150.0,44938,EQ,,,
2011-01-20,149.9,151.6,131.7,148.9,57059,EQ,,,
2011-01-21,149.0,150.5,146.55,147.55,43372,EQ,,,
2011-01-24,147.2,149.55,146.2,147.0,30056,EQ,,,
2011-01-25,147.0,149.5,145.1,145.95,28120,EQ,,,
2011-01-27,146.7,147.65,145.0,145.55,21720,EQ,,,
2011-01-28,145.1,146.65,135.05,137.45,36179,EQ,,,
2011-01-31,127.6,136.05,127.6,131.55,36044,EQ,,,
2011-02-01,133.0,133.4,130.0,130.65,29946,EQ,,,
2011-02-02,131.5,132.9,128.6,129.3,50111,EQ,,,
2011-02-03,127.05,132.3,127.05,130.45,68079,EQ,,,
2011-02-04,133.8,135.7,130.5,133.7,57601,EQ,,,
2011-02-07,133.5,133.5,129.25,130.15,24081,EQ,,,
2011-02-08,133.8,133.8,123.25,124.1,25174,EQ,,,
2011-02-09,123.75,123.75,115.0,117.3,72255,EQ,,,
2011-02-10,116.0,117.3,109.5,113.65,55314,EQ,,,
2011-02-11,115.05,120.95,111.5,118.95,45709,EQ,,,
2011-02-14,122.0,126.05,120.1,124.7,50764,EQ,,,
2011-02-15,125.1,141.45,124.75,136.9,249503,EQ,,,
2011-02-16,137.0,141.0,133.0,136.5,174586,EQ,,,
2011-02-17,135.0,137.8,130.2,135.95,47631,EQ,,,
2011-02-18,137.4,139.8,130.3,131.05,54132,EQ,,,
2011-02-21,129.0,132.0,125.55,128.75,42183,EQ,,,
2011-02-22,128.0,146.7,126.5,142.45,966675,EQ,,,
2011-02-23,143.4,147.3,134.5,135.7,723526,EQ,,,
2011-02-24,136.2,136.2,125.35,126.75,108339,EQ,,,
2011-02-25,129.0,131.4,123.05,126.45,74086,EQ,,,
2011-02-28,126.6,132.6,126.15,127.5,76059,EQ,,,
2011-03-01,130.0,132.3,127.9,131.05,64316,EQ,,,
2011-03-03,131.0,135.1,129.0,131.55,75537,EQ,,,
2011-03-04,134.0,135.8,130.5,131.35,63441,EQ,,,
2011-03-07,126.15,156.8,126.15,154.65,1840997,EQ,,,
2011-03-08,154.7,158.9,147.5,150.5,1641175,EQ,,,
2011-03-09,150.5,153.3,147.6,149.15,361827,EQ,,,
2011-03-10,145.15,150.75,145.15,146.0,113629,EQ,,,
2011-03-11,142.85,151.0,141.2,142.65,142469,EQ,,,
2011-03-14,143.0,144.4,139.2,140.6,96562,EQ,,,
2011-03-15,139.0,139.3,132.0,135.5,98557,EQ,,,
2011-03-16,137.0,141.8,137.0,137.7,108648,EQ,,,
2011-03-17,137.0,138.45,135.0,135.5,67503,EQ,,,
2011-03-18,136.75,139.0,133.05,133.75,46156,EQ,,,
2011-03-21,134.0,134.3,130.45,131.1,48208,EQ,,,
2011-03-22,132.05,136.8,131.4,133.05,99598,EQ,,,
2011-03-23,133.0,135.55,132.3,133.9,45023,EQ,,,
2011-03-24,136.6,137.1,133.35,133.95,60074,EQ,,,
2011-03-25,136.0,136.1,133.65,134.45,56216,EQ,,,
2011-03-28,134.6,138.5,134.05,135.35,135470,EQ,,,
2011-03-29,135.35,136.5,132.5,133.15,56684,EQ,,,
2011-03-30,133.2,138.9,133.2,136.35,112494,EQ,,,
2011-03-31,137.5,137.9,133.05,133.85,41371,EQ,,,
2011-04-01,136.0,142.3,135.0,138.7,274812,EQ,,,
2011-04-04,139.2,148.8,139.05,143.3,321939,EQ,,,
2011-04-05,143.2,144.8,141.05,143.9,91599,EQ,,,
2011-04-06,142.2,157.4,142.2,152.8,1308230,EQ,,,
2011-04-07,153.1,155.8,151.0,152.05,335541,EQ,,,
2011-04-08,153.45,153.9,148.8,150.15,155222,EQ,,,
2011-04-11,150.0,150.0,143.0,144.15,89322,EQ,,,
2011-04-13,142.5,152.45,141.0,149.05,185721,EQ,,,
2011-04-15,148.0,151.0,145.65,146.2,68586,EQ,,,
2011-04-18,146.05,149.9,143.65,144.6,73124,EQ,,,
2011-04-19,144.05,147.4,140.9,141.5,113444,EQ,,,
2011-04-20,143.55,145.5,142.5,143.65,73152,EQ,,,
2011-04-21,145.0,147.95,143.55,144.65,98062,EQ,,,
2011-04-25,147.2,148.0,144.25,144.7,72256,EQ,,,
2011-04-26,146.95,146.95,141.05,141.35,72351,EQ,,,
2011-04-27,142.35,144.4,140.9,141.3,51623,EQ,,,
2011-04-28,142.05,142.85,139.05,139.75,41876,EQ,,,
2011-04-29,140.85,140.85,136.0,136.75,49786,EQ,,,
2011-05-02,138.75,138.75,133.75,134.95,36923,EQ,,,
2011-05-03,135.5,137.8,131.05,131.45,39621,EQ,,,
2011-05-04,130.5,135.0,128.65,130.7,47128,EQ,,,
2011-05-05,130.05,133.9,129.15,129.7,38408,EQ,,,
2011-05-06,131.9,134.35,129.05,130.25,36662,EQ,,,
2011-05-09,131.0,134.6,128.75,129.35,72502,EQ,,,
2011-05-10,129.4,132.2,128.75,129.35,41750,EQ,,,
2011-05-11,130.8,132.0,129.1,130.2,51952,EQ,,,
2011-05-12,130.55,131.5,127.5,128.3,33653,EQ,,,
2011-05-13,127.55,132.0,127.55,129.35,53350,EQ,,,
2011-05-16,129.35,129.35,126.5,127.25,29590,EQ,,,
2011-05-17,128.25,128.9,126.8,127.15,25710,EQ,,,
2011-05-18,128.0,128.0,125.1,125.5,17034,EQ,,,
2011-05-19,126.5,126.5,123.05,123.65,25186,EQ,,,
2011-05-20,123.6,125.5,121.5,122.15,41474,EQ,,,
2011-05-23,121.6,123.0,120.25,121.3,35667,EQ,,,
2011-05-24,121.55,123.6,114.0,118.2,33296,EQ,,,
2011-05-25,118.2,123.5,118.2,119.9,64500,EQ,,,
2011-05-26,121.15,122.2,119.4,119.95,33807,EQ,,,
2011-05-27,118.75,123.3,118.75,121.75,75907,EQ,,,
2011-05-30,122.7,125.9,121.2,122.65,72042,EQ,,,
2011-05-31,123.4,125.85,122.05,124.3,79946,EQ,,,
2011-06-01,124.5,126.6,123.0,125.95,68686,EQ,,,
2011-06-02,126.3,129.8,124.1,124.8,127873,EQ,,,
2011-06-03,126.0,128.0,123.65,124.2,57621,EQ,,,
2011-06-06,124.0,124.5,121.2,122.6,18480,EQ,,,
2011-06-07,122.0,123.85,121.75,122.65,27252,EQ,,,
2011-06-08,123.0,124.9,121.5,122.45,36045,EQ,,,
2011-06-09,122.55,123.9,122.05,123.1,23203,EQ,,,
2011-06-10,126.0,136.75,124.9,130.85,1183726,EQ,,,
2011-06-13,131.0,132.8,126.35,126.95,191837,EQ,,,
2011-06-14,128.25,136.0,126.5,131.25,641968,EQ,,,
2011-06-15,132.0,132.0,127.25,127.75,74568,EQ,,,
2011-06-16,125.4,128.0,125.1,125.7,42708,EQ,,,
2011-06-17,126.35,128.8,122.6,123.35,54319,EQ,,,
2011-06-20,123.6,124.25,116.0,117.7,74268,EQ,,,
2011-06-21,119.8,121.85,114.1,117.6,76621,EQ,,,
2011-06-22,118.8,119.5,115.1,115.65,42770,EQ,,,
2011-06-23,116.3,117.35,113.95,114.65,38444,EQ,,,
2011-06-24,116.1,118.5,115.5,117.8,67221,EQ,,,
2011-06-27,118.0,123.35,118.0,118.45,92168,EQ,,,
2011-06-28,118.5,120.75,117.75,118.4,38221,EQ,,,
2011-06-29,119.0,122.7,118.85,120.0,63880,EQ,,,
2011-06-30,120.95,122.05,119.8,120.3,51482,EQ,,,
2011-07-01,121.5,123.0,120.25,120.9,92719,EQ,,,
2011-07-04,122.0,129.0,121.45,127.55,212122,EQ,,,
2011-07-05,128.0,131.0,127.25,129.3,112126,EQ,,,
2011-07-06,130.4,132.4,126.45,127.05,233321,EQ,,,
2011-07-07,127.9,128.45,126.2,127.45,46492,EQ,,,
2011-07-08,127.5,131.65,126.5,127.0,121366,EQ,,,
2011-07-11,127.85,129.3,125.0,125.35,39235,EQ,,,
2011-07-12,123.05,124.8,120.9,121.85,38519,EQ,,,
2011-07-13,123.0,124.85,122.55,123.45,37254,EQ,,,
2011-07-14,125.0,125.8,123.0,124.4,59547,EQ,,,
2011-07-15,125.5,129.4,124.05,124.6,98392,EQ,,,
2011-07-18,124.6,125.75,123.0,123.75,23614,EQ,,,
2011-07-19,124.0,124.65,122.6,124.25,29153,EQ,,,
2011-07-20,125.0,126.0,121.5,122.5,46156,EQ,,,
2011-07-21,121.8,123.5,120.3,120.65,36452,EQ,,,
2011-07-22,121.1,122.75,120.6,121.35,26917,EQ,,,
2011-07-25,121.1,123.15,121.0,122.25,33860,EQ,,,
2011-07-26,122.2,123.0,118.0,119.7,37549,EQ,,,
2011-07-27,119.7,120.0,117.0,118.4,30479,EQ,,,
2011-07-28,117.0,117.5,116.0,116.5,30927,EQ,,,
2011-07-29,115.6,118.25,114.55,115.0,22815,EQ,,,
2011-08-01,115.5,117.35,113.4,114.95,28103,EQ,,,
2011-08-02,114.0,114.0,111.0,111.55,22817,EQ,,,
2011-08-03,109.0,111.25,105.0,110.3,38665,EQ,,,
2011-08-04,110.0,113.2,109.45,109.95,26073,EQ,,,
2011-08-05,105.2,108.0,102.45,104.65,48403,EQ,,,
2011-08-08,101.1,104.0,95.05,99.05,55284,EQ,,,
2011-08-09,97.05,99.8,93.5,96.0,39950,EQ,,,
2011-08-10,98.0,105.0,97.2,102.45,84279,EQ,,,
2011-08-11,101.1,104.25,100.0,100.95,52210,EQ,,,
2011-08-12,101.05,103.5,99.1,99.55,28344,EQ,,,
2011-08-16,100.0,103.9,97.0,97.9,110615,EQ,,,
2011-08-17,97.9,99.8,95.2,95.75,23861,EQ,,,
2011-08-18,97.75,98.8,89.3,90.3,47508,EQ,,,
2011-08-19,88.3,91.0,86.5,88.2,55140,EQ,,,
2011-08-22,87.85,91.45,86.45,90.5,40327,EQ,,,
2011-08-23,90.85,94.0,90.05,92.35,41949,EQ,,,
2011-08-24,92.0,95.8,90.4,91.35,51129,EQ,,,
2011-08-25,93.65,97.0,90.3,91.5,25642,EQ,,,
2011-08-26,91.25,92.5,86.0,87.55,23836,EQ,,,
2011-08-29,89.55,92.8,89.05,92.25,24806,EQ,,,
2011-08-30,93.1,94.0,91.0,92.0,21225,EQ,,,
2011-09-02,93.0,94.0,91.75,92.8,24902,EQ,,,
2011-09-05,92.0,96.6,90.8,94.45,82320,EQ,,,
2011-09-06,94.5,99.95,94.5,96.3,54511,EQ,,,
2011-09-07,96.5,101.4,94.0,98.8,113463,EQ,,,
2011-09-08,99.95,105.55,99.85,102.25,177455,EQ,,,
2011-09-09,102.0,103.75,98.5,99.25,41964,EQ,,,
2011-09-12,98.0,98.0,95.1,95.8,19844,EQ,,,
2011-09-13,95.8,99.45,95.35,95.7,48800,EQ,,,
2011-09-14,95.5,96.95,95.3,96.4,23511,EQ,,,
2011-09-15,96.5,104.0,96.15,102.65,182866,EQ,,,
2011-09-16,103.95,104.25,98.1,98.35,79617,EQ,,,
2011-09-19,98.0,101.0,97.0,98.4,38166,EQ,,,
2011-09-20,98.0,100.8,98.0,99.95,41118,EQ,,,
2011-09-21,99.95,101.5,98.5,98.95,27873,EQ,,,
2011-09-22,98.0,98.45,95.8,96.2,25624,EQ,,,
2011-09-23,96.0,96.0,93.15,94.25,21674,EQ,,,
2011-09-26,93.0,95.45,90.7,92.25,25877,EQ,,,
2011-09-27,93.0,94.25,92.1,92.65,66500,EQ,,,
2011-09-28,92.0,93.65,90.0,90.4,30646,EQ,,,
2011-09-29,91.0,92.2,89.1,90.2,29461,EQ,,,
2011-09-30,90.0,93.85,89.55,89.9,64681,EQ,,,
2011-10-03,89.2,89.95,87.5,88.05,38902,EQ,,,
2011-10-04,87.05,89.65,85.4,85.95,19457,EQ,,,
2011-10-05,86.0,88.5,82.0,82.45,58592,EQ,,,
2011-10-07,83.45,86.25,83.45,84.35,28286,EQ,,,
2011-10-10,85.75,87.65,84.6,86.05,52546,EQ,,,
2011-10-11,87.0,91.5,87.0,88.5,68472,EQ,,,
2011-10-12,88.5,89.75,86.55,88.95,37893,EQ,,,
2011-10-13,88.1,90.9,88.05,88.7,36697,EQ,,,
2011-10-14,88.2,89.9,87.1,88.3,29826,EQ,,,
2011-10-17,88.5,89.5,87.35,88.5,26298,EQ,,,
2011-10-18,87.8,87.9,85.4,86.05,13694,EQ,,,
2011-10-19,86.5,88.4,84.5,85.8,17547,EQ,,,
2011-10-20,85.8,86.9,84.3,85.3,15002,EQ,,,
2011-10-21,84.5,87.1,84.45,84.95,10880,EQ,,,
2011-10-24,85.95,87.95,83.35,84.1,13886,EQ,,,
2011-10-25,84.25,84.3,82.15,83.45,15942,EQ,,,
2011-10-26,85.95,85.95,84.1,84.8,6052,EQ,,,
2011-10-28,85.8,90.55,85.8,87.25,105382,EQ,,,
2011-10-31,87.0,89.45,86.0,86.35,38325,EQ,,,
2011-11-01,85.5,87.8,85.2,86.2,18559,EQ,,,
2011-11-02,85.2,89.2,85.0,87.3,50259,EQ,,,
2011-11-03,87.0,88.0,86.0,87.15,19136,EQ,,,
2011-11-04,87.5,94.5,87.5,91.8,446777,EQ,,,
2011-11-08,92.0,93.25,89.55,90.35,109642,EQ,,,
2011-11-09,90.2,95.3,89.55,90.0,153529,EQ,,,
2011-11-11,90.8,90.8,87.0,87.6,39344,EQ,,,
2011-11-14,88.0,89.3,83.5,83.8,37675,EQ,,,
2011-11-15,84.8,86.7,80.0,80.35,31935,EQ,,,
2011-11-16,79.35,81.3,76.65,79.9,30231,EQ,,,
2011-11-17,79.9,81.4,76.75,77.7,31253,EQ,,,
2011-11-18,78.0,78.5,75.75,76.6,37222,EQ,,,
2011-11-21,77.5,81.9,74.6,75.05,17199,EQ,,,
2011-11-22,76.0,77.5,71.35,74.0,42882,EQ,,,
2011-11-23,73.2,74.8,72.0,72.15,22913,EQ,,,
2011-11-24,72.0,74.0,70.0,71.1,24727,EQ,,,
2011-11-25,71.1,75.05,70.0,72.8,42360,EQ,,,
2011-11-28,73.1,75.0,73.1,73.75,39205,EQ,,,
2011-11-29,73.0,74.5,71.7,72.05,41117,EQ,,,
2011-11-30,71.0,72.0,70.15,70.65,21570,EQ,,,
2011-12-01,72.1,73.85,72.0,72.95,30638,EQ,,,
2011-12-02,72.1,73.9,71.25,73.55,19710,EQ,,,
2011-12-05,72.7,75.8,72.7,74.35,29448,EQ,,,
2011-12-07,73.65,75.0,73.65,74.1,22339,EQ,,,
2011-12-08,73.1,74.0,71.75,72.2,21326,EQ,,,
2011-12-09,71.25,81.0,70.3,72.15,36778,EQ,,,
2011-12-12,72.0,73.25,70.5,70.9,15784,EQ,,,
2011-12-13,70.5,71.0,69.5,70.6,17658,EQ,,,
2011-12-14,70.0,71.5,69.1,69.7,19435,EQ,,,
2011-12-15,69.0,70.4,68.0,69.65,17264,EQ,,,
2011-12-16,70.0,71.3,67.5,68.3,25295,EQ,,,
2011-12-19,67.3,67.6,65.1,65.5,17850,EQ,,,
2011-12-20,65.8,66.45,62.8,63.2,19620,EQ,,,
2011-12-21,64.2,67.9,61.5,62.35,29776,EQ,,,
2011-12-22,63.0,63.9,62.0,63.05,26130,EQ,,,
2011-12-23,63.55,67.2,62.75,64.2,51016,EQ,,,
2011-12-26,64.0,67.05,63.6,65.15,31054,EQ,,,
2011-12-27,64.5,66.95,64.1,64.85,22042,EQ,,,
2011-12-28,64.05,65.25,63.2,63.8,9444,EQ,,,
2011-12-29,63.8,64.95,63.0,63.35,11614,EQ,,,
2011-12-30,63.4,65.3,61.0,61.8,17356,EQ,,,
2012-01-02,61.8,63.3,60.8,62.2,13229,EQ,,,
2012-01-03,62.3,67.45,62.3,66.15,89048,EQ,,,
2012-01-04,65.5,68.2,64.5,65.05,39924,EQ,,,
2012-01-05,65.0,67.85,65.0,65.6,22777,EQ,,,
2012-01-06,65.5,67.85,64.45,66.2,49435,EQ,,,
2012-01-07,66.5,67.25,65.7,66.45,6274,EQ,,,
2012-01-09,66.0,70.95,65.0,68.8,102400,EQ,,,
2012-01-10,69.4,82.55,69.4,82.55,735253,EQ,,,
2012-01-11,84.55,95.6,82.1,87.5,1426784,EQ,,,
2012-01-12,85.55,92.4,85.55,87.55,313127,EQ,,,
2012-01-13,88.45,93.0,88.0,90.25,296769,EQ,,,
2012-01-16,90.5,91.15,86.7,87.8,121512,EQ,,,
2012-01-17,88.7,91.5,87.5,88.05,144488,EQ,,,
2012-01-18,88.7,90.0,85.75,86.45,87716,EQ,,,
2012-01-19,87.4,92.2,86.0,91.4,269639,EQ,,,
2012-01-20,92.0,94.7,88.0,89.15,267471,EQ,,,
2012-01-23,88.9,90.55,87.5,88.25,74177,EQ,,,
2012-01-24,88.25,91.3,86.75,89.2,113859,EQ,,,
2012-01-25,91.15,98.0,91.15,92.6,292315,EQ,,,
2012-01-27,93.6,95.4,91.2,92.0,124552,EQ,,,
2012-01-30,92.0,93.4,89.0,89.65,66778,EQ,,,
2012-01-31,90.1,92.5,89.75,91.45,61917,EQ,,,
2012-02-01,91.0,94.3,90.0,92.45,134605,EQ,,,
2012-02-02,93.0,101.15,92.65,96.55,1074801,EQ,,,
2012-02-03,97.25,99.5,94.55,95.25,244440,EQ,,,
2012-02-06,96.5,99.3,94.15,95.25,226815,EQ,,,
2012-02-07,96.0,96.5,91.0,92.25,113875,EQ,,,
2012-02-08,92.9,97.45,92.05,95.9,296204,EQ,,,
2012-02-09,96.5,104.4,95.8,102.0,1010235,EQ,,,
2012-02-10,101.5,102.0,95.0,95.6,350861,EQ,,,
2012-02-13,96.65,96.65,93.5,94.65,116393,EQ,,,
2012-02-14,94.65,99.3,94.65,97.2,258477,EQ,,,
2012-02-15,94.25,99.8,94.25,97.95,195398,EQ,,,
2012-02-16,98.05,101.7,97.1,98.45,170773,EQ,,,
2012-02-17,99.55,110.45,99.05,103.5,1295847,EQ,,,
2012-02-21,104.45,110.3,102.0,108.45,865014,EQ,,,
2012-02-22,109.4,111.4,100.0,101.25,504589,EQ,,,
2012-02-23,101.5,102.15,95.25,98.8,194350,EQ,,,
2012-02-24,99.8,100.7,93.4,95.1,144197,EQ,,,
2012-02-27,95.5,95.5,88.55,89.15,108896,EQ,,,
2012-02-28,89.95,93.55,89.25,93.05,132776,EQ,,,
2012-02-29,94.4,98.7,94.0,94.75,210394,EQ,,,
2012-03-01,93.9,95.35,92.0,93.1,62268,EQ,,,
2012-03-02,94.45,97.3,91.65,93.8,140967,EQ,,,
2012-03-03,94.7,95.3,93.15,93.55,8523,EQ,,,
2012-03-05,91.15,95.7,91.15,93.1,76222,EQ,,,
2012-03-06,93.5,95.4,90.0,90.45,61870,EQ,,,
2012-03-07,90.45,91.45,88.0,89.85,57537,EQ,,,
2012-03-09,90.5,93.35,90.5,91.95,61582,EQ,,,
2012-03-12,93.35,95.3,92.25,92.5,77018,EQ,,,
2012-03-13,93.9,96.75,93.1,95.0,210345,EQ,,,
2012-03-14,95.0,97.5,93.65,94.05,83978,EQ,,,
2012-03-15,93.25,96.5,90.2,91.7,121588,EQ,,,
2012-03-16,92.1,93.5,89.45,89.8,51771,EQ,,,
2012-03-19,90.6,92.2,87.55,87.95,60287,EQ,,,
2012-03-20,88.8,90.0,87.1,87.95,42970,EQ,,,
2012-03-21,88.8,90.9,87.25,90.45,76002,EQ,,,
2012-03-22,90.15,92.35,86.6,87.1,65549,EQ,,,
2012-03-23,88.7,89.9,87.15,87.55,31664,EQ,,,
2012-03-26,87.55,88.7,84.6,85.2,25297,EQ,,,
2012-03-27,86.8,86.8,84.0,84.3,21105,EQ,,,
2012-03-28,84.4,84.4,80.05,80.45,54641,EQ,,,
2012-03-29,80.1,83.0,78.5,81.2,52186,EQ,,,
2012-03-30,80.6,83.65,80.05,83.05,63955,EQ,,,
2012-04-02,85.25,86.9,84.25,85.7,81329,EQ,,,
2012-04-03,86.4,88.9,86.2,86.95,95952,EQ,,,
2012-04-04,86.1,86.65,84.6,84.95,43433,EQ,,,
2012-04-09,84.5,84.5,82.1,83.0,36649,EQ,,,
2012-04-10,82.35,84.0,81.8,82.45,40423,EQ,,,
2012-04-11,82.0,86.15,81.0,82.75,110960,EQ,,,
2012-04-12,82.7,84.8,82.15,83.25,39961,EQ,,,
2012-04-13,84.1,84.9,81.5,81.75,40185,EQ,,,
2012-04-16,81.3,82.8,81.0,82.4,20110,EQ,,,
2012-04-17,83.25,83.7,81.8,82.95,41116,EQ,,,
2012-04-18,83.5,85.4,83.0,83.3,51997,EQ,,,
2012-04-19,83.9,83.9,80.25,81.8,33739,EQ,,,
2012-04-20,81.0,83.15,80.85,81.2,21903,EQ,,,
2012-04-23,81.3,83.15,78.65,79.0,33403,EQ,,,
2012-04-24,79.25,79.7,78.25,78.6,17050,EQ,,,
2012-04-25,79.6,79.75,76.3,77.4,23924,EQ,,,
2012-04-26,77.0,78.0,76.15,76.35,20982,EQ,,,
2012-04-27,76.55,77.8,73.35,74.7,28870,EQ,,,
2012-04-28,75.0,75.0,73.55,74.6,6282,EQ,,,
2012-04-30,75.5,76.7,74.05,75.95,17581,EQ,,,
2012-05-02,76.25,79.9,76.25,77.4,57238,EQ,,,
2012-05-03,77.4,77.95,75.05,75.4,14019,EQ,,,
2012-05-04,76.0,76.0,72.95,73.2,27039,EQ,,,
2012-05-07,71.0,74.0,70.0,72.95,28858,EQ,,,
2012-05-08,73.2,73.95,70.3,70.8,21016,EQ,,,
2012-05-09,71.95,71.95,69.0,69.3,47165,EQ,,,
2012-05-10,69.95,70.95,68.45,68.95,18706,EQ,,,
2012-05-11,68.5,69.4,67.1,67.7,19689,EQ,,,
2012-05-14,69.9,69.9,65.7,66.2,16648,EQ,,,
2012-05-15,65.5,66.9,65.0,66.2,23522,EQ,,,
2012-05-16,65.45,65.75,64.1,64.85,15652,EQ,,,
2012-05-17,65.0,66.05,64.55,65.1,12773,EQ,,,
2012-05-18,64.45,65.3,63.1,64.4,16717,EQ,,,
2012-05-21,65.25,73.8,64.15,71.85,216290,EQ,,,
2012-05-22,72.5,73.7,68.0,68.45,126193,EQ,,,
2012-05-23,68.0,73.5,66.7,70.9,167066,EQ,,,
2012-05-24,69.5,72.0,68.5,69.7,65588,EQ,,,
2012-05-25,70.05,71.9,69.25,69.9,48268,EQ,,,
2012-05-28,69.6,71.35,69.55,70.1,54372,EQ,,,
2012-05-29,72.0,73.6,70.1,71.35,101831,EQ,,,
2012-05-30,71.0,72.5,69.7,70.15,29732,EQ,,,
2012-05-31,70.0,70.9,68.3,69.95,32331,EQ,,,
2012-06-01,69.85,70.7,66.8,67.1,20285,EQ,,,
2012-06-04,67.05,67.05,65.1,65.65,46169,EQ,,,
2012-06-05,66.5,67.8,66.0,66.3,30880,EQ,,,
2012-06-06,67.3,70.65,67.0,68.75,230253,EQ,,,
2012-06-07,69.55,70.4,68.3,68.65,87381,EQ,,,
2012-06-08,69.1,69.1,67.0,68.15,41090,EQ,,,
2012-06-11,69.0,70.7,67.9,68.25,96600,EQ,,,
2012-06-12,68.0,68.95,67.6,68.2,75497,EQ,,,
2012-06-13,68.5,68.8,67.45,67.6,41807,EQ,,,
2012-06-14,68.0,68.4,65.5,65.8,28910,EQ,,,
2012-06-15,66.4,68.5,65.75,66.65,67612,EQ,,,
2012-06-18,67.15,68.4,65.0,65.75,45495,EQ,,,
2012-06-19,65.5,66.9,64.65,65.4,62349,EQ,,,
2012-06-20,65.5,66.9,65.5,66.05,38010,EQ,,,
2012-06-21,66.25,67.0,65.45,66.15,52165,EQ,,,
2012-06-22,65.75,67.5,65.7,66.85,64964,EQ,,,
2012-06-25,69.2,70.5,68.2,68.85,148039,EQ,,,
2012-06-26,68.95,70.2,68.25,69.15,28364,EQ,,,
2012-06-27,69.75,70.0,68.3,68.65,28873,EQ,,,
2012-06-28,69.0,69.5,68.2,68.65,20787,EQ,,,
2012-06-29,69.5,71.2,69.3,70.05,107195,EQ,,,
2012-07-02,70.0,74.6,70.0,74.2,174772,EQ,,,
2012-07-03,74.4,77.8,74.2,75.95,305764,EQ,,,
2012-07-04,76.85,78.2,75.1,75.8,86693,EQ,,,
2012-07-05,75.65,79.25,75.6,77.75,163918,EQ,,,
2012-07-06,77.7,93.3,75.5,93.3,2061863,EQ,,,
2012-07-09,94.65,105.7,91.05,101.55,7103003,EQ,,,
2012-07-10,104.0,104.4,99.7,101.15,2690401,EQ,,,
2012-07-11,100.9,102.2,98.0,98.95,1152667,EQ,,,
2012-07-12,98.0,101.65,97.15,98.1,742969,EQ,,,
2012-07-13,98.9,99.3,92.05,92.95,389300,EQ,,,
2012-07-16,93.0,94.0,87.75,88.15,352642,EQ,,,
2012-07-17,88.95,99.4,88.25,93.9,4281503,EQ,,,
2012-07-18,94.6,96.95,91.75,92.65,1063187,EQ,,,
2012-07-19,93.95,96.5,92.7,93.35,691388,EQ,,,
2012-07-20,92.1,92.1,88.7,88.7,10359,BE,,,
2012-07-23,84.3,84.3,84.3,84.3,4614,BE,,,
2012-07-24,80.1,80.1,80.1,80.1,7038,BE,,,
2012-07-25,76.1,80.0,76.1,76.75,92815,BE,,,
2012-07-26,80.5,80.5,72.95,72.95,39924,BE,,,
2012-07-27,71.15,74.4,69.5,69.85,54781,BE,,,
2012-07-30,70.0,72.0,69.1,71.25,24546,BE,,,
2012-07-31,72.0,73.2,68.4,72.2,14014,BE,,,
2012-08-01,71.0,75.8,71.0,75.8,25161,BE,,,
2012-08-02,77.9,79.55,75.0,77.95,42190,BE,,,
2012-08-03,74.9,78.0,74.1,74.8,27106,BE,,,
2012-08-06,74.0,78.5,74.0,78.5,28647,BE,,,
2012-08-07,78.9,80.0,76.05,77.65,28298,BE,,,
2012-08-08,77.0,77.8,74.05,74.65,15282,BE,,,
2012-08-09,76.9,76.95,72.0,73.3,22929,BE,,,
2012-08-10,73.9,75.35,72.5,73.5,12073,BE,,,
2012-08-13,74.9,75.0,72.6,73.9,9591,BE,,,
2012-08-14,75.45,75.45,72.7,73.2,16680,BE,,,
2012-08-16,73.0,75.0,73.0,73.05,11001,BE,,,
2012-08-17,73.25,75.9,72.0,73.35,25012,BE,,,
2012-08-21,72.25,74.95,72.25,72.9,16675,BE,,,
2012-08-22,73.65,73.65,71.75,72.1,8910,BE,,,
2012-08-23,71.7,73.5,70.55,71.45,18846,BE,,,
2012-08-24,70.5,72.6,68.8,70.15,30000,BE,,,
2012-08-27,70.2,72.6,69.0,69.5,12233,BE,,,
2012-08-28,70.6,71.95,66.9,67.65,17674,BE,,,
2012-08-29,67.0,70.9,67.0,68.25,29757,BE,,,
2012-08-30,68.0,70.9,67.0,70.2,18464,BE,,,
2012-08-31,71.5,73.65,70.25,70.8,35643,EQ,,,
2012-09-03,71.15,72.4,68.0,69.3,22223,EQ,,,
2012-09-04,69.9,70.9,68.4,70.3,17771,EQ,,,
2012-09-05,70.3,73.8,70.1,70.95,103052,EQ,,,
2012-09-06,71.0,73.0,70.35,71.4,35186,EQ,,,
2012-09-07,73.05,78.5,71.55,78.5,428894,EQ,,,
2012-09-08,81.0,81.0,76.1,77.35,117080,EQ,,,
2012-09-10,77.1,81.5,76.05,77.55,250490,EQ,,,
2012-09-11,77.0,78.8,76.25,76.7,53446,EQ,,,
2012-09-12,77.6,78.5,76.45,76.75,31346,EQ,,,
2012-09-13,77.25,81.4,77.0,78.15,228779,EQ,,,
2012-09-14,78.0,80.0,77.05,77.5,123049,EQ,,,
2012-09-17,78.9,82.4,77.25,80.6,283251,EQ,,,
2012-09-18,80.0,81.4,79.0,79.35,94910,EQ,,,
2012-09-20,78.85,78.85,77.05,77.45,57954,EQ,,,
2012-09-21,78.2,80.85,77.7,79.0,134019,EQ,,,
2012-09-24,79.7,84.2,79.15,81.75,325712,EQ,,,
2012-09-25,82.95,84.8,81.8,82.6,215728,EQ,,,
2012-09-26,82.25,82.9,80.3,80.9,106991,EQ,,,
2012-09-27,82.0,84.0,80.75,82.3,138849,EQ,,,
2012-09-28,83.0,83.5,80.55,80.75,58716,EQ,,,
2012-10-01,81.0,81.85,79.6,80.15,63802,EQ,,,
2012-10-03,80.9,83.7,80.8,82.55,224913,EQ,,,
2012-10-04,81.9,87.75,81.9,84.9,529502,EQ,,,
2012-10-05,85.9,85.9,80.5,82.0,121175,EQ,,,
2012-10-08,82.95,83.6,81.05,81.4,62737,EQ,,,
2012-10-09,82.9,83.8,80.85,81.3,66256,EQ,,,
2012-10-10,81.4,81.5,78.75,79.15,53575,EQ,,,
2012-10-11,80.0,81.0,77.15,80.25,69936,EQ,,,
2012-10-12,80.95,81.8,78.9,79.2,51574,EQ,,,
2012-10-15,79.65,80.2,79.0,79.15,28865,EQ,,,
2012-10-16,80.3,85.0,79.6,81.75,286236,EQ,,,
2012-10-17,82.2,82.8,79.85,80.3,85243,EQ,,,
2012-10-18,81.1,82.6,80.0,81.4,84075,EQ,,,
2012-10-19,81.8,81.8,79.2,79.75,46761,EQ,,,
2012-10-22,80.2,80.9,78.85,79.35,36871,EQ,,,
2012-10-23,79.8,81.3,79.0,79.3,51861,EQ,,,
2012-10-25,79.7,80.0,78.05,78.35,28131,EQ,,,
2012-10-26,78.2,79.2,76.35,76.65,44760,EQ,,,
2012-10-29,77.4,78.3,76.45,76.7,29854,EQ,,,
2012-10-30,77.3,77.45,74.7,75.3,34709,EQ,,,
2012-10-31,75.5,75.9,72.7,74.05,33660,EQ,,,
2012-11-01,74.05,76.4,74.05,75.25,39305,EQ,,,
2012-11-02,76.05,76.4,74.65,74.85,35450,EQ,,,
2012-11-05,74.3,75.8,73.8,74.05,40252,EQ,,,
2012-11-06,74.0,75.25,73.0,74.05,39111,EQ,,,
2012-11-07,75.5,76.9,73.5,75.6,53286,EQ,,,
2012-11-08,75.6,77.85,73.8,76.1,143612,EQ,,,
2012-11-09,76.5,77.4,74.5,74.8,29914,EQ,,,
2012-11-12,75.8,75.8,74.05,74.25,63575,EQ,,,
2012-11-13,74.9,75.2,74.05,74.5,13594,EQ,,,
2012-11-15,74.0,77.8,73.5,76.1,83721,EQ,,,
2012-11-16,76.5,78.7,75.05,75.55,134221,EQ,,,
2012-11-19,75.0,81.4,74.6,79.8,521026,EQ,,,
2012-11-20,79.9,80.65,75.35,75.85,173811,EQ,,,
2012-11-21,75.55,77.8,75.1,75.6,63204,EQ,,,
2012-11-22,76.4,76.5,73.4,74.8,85888,EQ,,,
2012-11-23,75.65,77.4,74.5,75.3,95171,EQ,,,
2012-11-26,76.65,79.5,76.25,78.15,178214,EQ,,,
2012-11-27,78.6,85.5,77.55,82.4,874511,EQ,,,
2012-11-29,83.4,83.4,80.0,80.35,171302,EQ,,,
2012-11-30,81.3,84.4,80.75,81.6,273540,EQ,,,
2012-12-03,81.6,84.1,81.05,82.15,214832,EQ,,,
2012-12-04,82.65,84.7,80.75,83.35,274967,EQ,,,
2012-12-05,84.0,86.5,82.6,83.55,513441,EQ,,,
2012-12-06,83.6,84.85,82.6,84.05,148369,EQ,,,
2012-12-07,84.65,88.4,84.5,85.1,672714,EQ,,,
2012-12-10,85.0,88.05,84.65,85.3,353662,EQ,,,
2012-12-11,85.8,87.5,83.2,84.1,265890,EQ,,,
2012-12-12,85.1,88.0,84.1,87.15,369102,EQ,,,
2012-12-13,88.15,99.4,88.15,94.85,5272951,EQ,,,
2012-12-14,95.6,95.6,90.65,91.15,1015631,EQ,,,
2012-12-17,91.0,95.25,91.0,92.15,651392,EQ,,,
2012-12-18,92.7,93.2,89.55,89.95,252072,EQ,,,
2012-12-19,90.9,94.0,90.2,91.45,598798,EQ,,,
2012-12-20,91.6,92.5,88.65,89.2,222993,EQ,,,
2012-12-21,88.9,89.0,84.85,85.2,191309,EQ,,,
2012-12-24,85.25,86.7,84.6,85.0,155775,EQ,,,
2012-12-26,86.25,89.35,85.95,87.35,402473,EQ,,,
2012-12-27,87.95,88.0,85.05,85.25,100980,EQ,,,
2012-12-28,86.0,87.0,84.7,85.3,138107,EQ,,,
2012-12-31,85.7,87.25,84.9,85.35,233670,EQ,,,
2013-01-01,85.75,87.9,85.75,87.45,222794,EQ,,,
2013-01-02,88.1,89.5,87.8,88.7,231328,EQ,,,
2013-01-03,89.65,94.45,89.5,93.75,1493173,EQ,,,
2013-01-04,94.0,94.35,90.65,91.85,545252,EQ,,,
2013-01-07,92.0,93.4,90.5,90.95,244030,EQ,,,
2013-01-08,91.95,93.25,89.3,90.05,164286,EQ,,,
2013-01-09,90.8,92.35,88.5,89.05,233981,EQ,,,
2013-01-10,89.85,90.3,88.0,88.5,128926,EQ,,,
2013-01-11,89.5,89.8,85.2,85.6,162423,EQ,,,
2013-01-14,86.0,86.1,84.1,85.65,147297,EQ,,,
2013-01-15,86.1,87.7,85.45,86.85,246885,EQ,,,
2013-01-16,86.85,87.75,82.5,83.15,200651,EQ,,,
2013-01-17,83.6,83.85,81.4,82.75,142235,EQ,,,
2013-01-18,83.45,84.75,82.3,82.7,112985,EQ,,,
2013-01-21,83.0,83.55,82.35,82.7,47604,EQ,,,
2013-01-22,83.0,83.65,80.75,81.15,76048,EQ,,,
2013-01-23,81.4,81.85,78.15,79.15,88458,EQ,,,
2013-01-24,82.9,82.9,76.0,76.2,90418,EQ,,,
2013-01-25,73.7,78.5,73.7,77.75,79470,EQ,,,
2013-01-28,78.05,80.7,77.6,79.15,125528,EQ,,,
2013-01-29,78.05,80.25,77.1,77.35,61997,EQ,,,
2013-01-30,78.0,78.45,76.35,77.15,57518,EQ,,,
2013-01-31,77.35,77.35,75.6,76.25,47622,EQ,,,
2013-02-01,76.8,78.35,76.4,77.75,71672,EQ,,,
2013-02-04,78.05,78.55,75.65,76.1,54846,EQ,,,
2013-02-05,70.35,76.35,70.35,74.25,67857,EQ,,,
2013-02-06,74.9,75.8,74.1,74.35,88324,EQ,,,
2013-02-07,74.5,75.7,72.1,72.5,99683,EQ,,,
2013-02-08,72.95,74.4,71.9,72.35,53415,EQ,,,
2013-02-11,72.5,73.35,71.7,72.25,43306,EQ,,,
2013-02-12,72.55,72.7,69.0,70.0,62537,EQ,,,
2013-02-13,70.2,73.2,69.35,69.75,60770,EQ,,,
2013-02-14,69.5,69.5,66.3,67.0,59624,EQ,,,
2013-02-15,66.5,67.65,65.1,65.95,61401,EQ,,,
2013-02-18,66.35,68.7,65.65,67.45,52665,EQ,,,
2013-02-19,67.95,69.75,67.95,69.4,84446,EQ,,,
2013-02-20,69.95,71.8,67.65,70.25,164409,EQ,,,
2013-02-21,69.3,69.7,67.25,67.75,58222,EQ,,,
2013-02-22,67.95,68.7,67.55,67.8,47928,EQ,,,
2013-02-25,68.3,68.45,63.55,65.15,56796,EQ,,,
2013-02-26,64.5,64.95,63.1,63.85,54826,EQ,,,
2013-02-27,64.85,65.35,63.15,64.45,33596,EQ,,,
2013-02-28,65.0,66.0,61.8,62.4,53132,EQ,,,
2013-03-01,61.9,63.15,61.25,61.8,34863,EQ,,,
2013-03-04,61.65,61.9,59.65,60.05,44465,EQ,,,
2013-03-05,60.95,62.5,60.2,62.2,61810,EQ,,,
2013-03-06,63.5,66.25,62.8,63.95,136526,EQ,,,
2013-03-07,63.95,64.65,62.5,63.4,50568,EQ,,,
2013-03-08,64.05,66.0,63.9,64.8,76450,EQ,,,
2013-03-11,65.1,65.75,64.0,64.95,38891,EQ,,,
2013-03-12,65.9,65.95,64.1,64.4,31817,EQ,,,
2013-03-13,64.4,64.5,62.25,62.65,25694,EQ,,,
2013-03-14,62.8,63.5,61.7,63.2,29137,EQ,,,
2013-03-15,63.5,66.8,61.1,62.85,151873,EQ,,,
2013-03-18,62.85,62.85,61.2,61.75,20569,EQ,,,
2013-03-19,62.65,62.65,59.0,59.3,62128,EQ,,,
2013-03-20,59.85,59.85,55.5,56.0,74080,EQ,,,
2013-03-21,56.1,59.7,55.05,55.4,58006,EQ,,,
2013-03-22,54.95,55.65,52.25,52.95,49455,EQ,,,
2013-03-25,53.9,53.95,50.0,50.45,200885,EQ,,,
2013-03-26,49.5,52.5,49.5,50.55,45348,EQ,,,
2013-03-28,50.55,54.9,49.0,53.8,146489,EQ,,,
2013-04-01,54.8,56.5,54.1,54.7,122445,EQ,,,
2013-04-02,54.65,65.6,54.5,64.9,608234,EQ,,,
2013-04-03,64.5,64.55,59.4,60.05,287158,EQ,,,
2013-04-04,59.5,59.5,56.9,57.3,61869,EQ,,,
2013-04-05,57.95,62.15,56.85,59.2,161715,EQ,,,
2013-04-08,59.75,61.9,59.2,59.4,58773,EQ,,,
2013-04-09,59.65,60.65,57.25,57.5,37427,EQ,,,
2013-04-10,57.15,59.15,56.5,57.95,40867,EQ,,,
2013-04-11,58.7,63.3,57.75,59.65,261183,EQ,,,
2013-04-12,59.7,60.3,58.15,58.9,103292,EQ,,,
2013-04-15,58.0,62.8,58.0,60.25,129721,EQ,,,
2013-04-16,60.45,62.15,60.0,61.05,89764,EQ,,,
2013-04-17,61.45,63.45,61.05,61.8,163196,EQ,,,
2013-04-18,61.2,64.35,61.15,62.3,195937,EQ,,,
2013-04-22,62.6,67.5,62.2,64.75,479445,EQ,,,
2013-04-23,64.55,65.8,63.1,63.7,121313,EQ,,,
2013-04-25,64.0,65.75,63.6,63.95,102682,EQ,,,
2013-04-26,63.55,67.25,62.3,66.8,207067,EQ,,,
2013-04-29,68.0,70.05,66.65,67.05,660617,EQ,,,
2013-04-30,67.0,67.65,63.9,64.55,154267,EQ,,,
2013-05-02,65.8,66.3,63.65,64.45,124816,EQ,,,
2013-05-03,64.35,65.35,63.05,63.45,80327,EQ,,,
2013-05-06,64.9,65.3,63.6,64.35,105542,EQ,,,
2013-05-07,64.0,67.25,64.0,65.6,157952,EQ,,,
2013-05-08,65.1,66.45,64.8,64.95,63459,EQ,,,
2013-05-09,65.8,66.25,64.7,64.95,76166,EQ,,,
2013-05-10,65.45,68.7,64.85,68.1,227734,EQ,,,
2013-05-11,68.6,71.4,68.0,70.65,166966,EQ,,,
2013-05-13,72.05,74.6,70.6,71.5,1240553,EQ,,,
2013-05-14,71.9,71.9,67.05,67.5,195681,EQ,,,
2013-05-15,68.0,70.3,67.9,68.4,168562,EQ,,,
2013-05-16,67.95,70.5,67.55,68.75,123736,EQ,,,
2013-05-17,68.95,69.1,67.3,68.15,65816,EQ,,,
2013-05-20,70.0,70.95,67.6,67.8,195601,EQ,,,
2013-05-21,68.0,68.5,66.5,66.8,72960,EQ,,,
2013-05-22,66.0,67.5,65.1,65.3,66451,EQ,,,
2013-05-23,65.1,66.7,61.25,61.7,96646,EQ,,,
2013-05-24,61.05,62.85,60.05,60.9,49711,EQ,,,
2013-05-27,61.0,62.25,60.25,61.9,53545,EQ,,,
2013-05-28,62.05,62.9,61.4,62.45,49656,EQ,,,
2013-05-29,63.75,63.75,61.8,62.15,94392,EQ,,,
2013-05-30,61.7,61.95,60.6,60.9,26695,EQ,,,
2013-05-31,61.5,61.5,58.85,59.2,42986,EQ,,,
2013-06-03,60.0,60.5,56.6,57.65,46176,EQ,,,
2013-06-04,57.9,59.35,57.65,57.9,74790,EQ,,,
2013-06-05,57.9,59.25,57.1,57.65,84443,EQ,,,
2013-06-06,57.9,59.35,57.4,58.25,41587,EQ,,,
2013-06-07,58.0,61.05,58.0,58.35,114733,EQ,,,
2013-06-10,58.95,58.95,55.9,56.2,47625,EQ,,,
2013-06-11,56.5,56.5,54.5,55.25,41943,EQ,,,
2013-06-12,55.9,62.05,54.15,59.9,167487,EQ,,,
2013-06-13,60.9,62.05,58.25,60.75,550368,EQ,,,
2013-06-14,61.15,63.3,60.65,62.25,94182,EQ,,,
2013-06-17,61.65,61.65,58.8,60.55,46979,EQ,,,
2013-06-18,60.6,62.35,60.4,60.55,40871,EQ,,,
2013-06-19,60.75,61.9,60.15,60.4,49094,EQ,,,
2013-06-20,59.75,59.8,57.0,57.45,32766,EQ,,,
2013-06-21,57.05,57.9,55.65,56.35,30231,EQ,,,
2013-06-24,56.1,56.95,54.55,55.3,27610,EQ,,,
2013-06-25,55.4,55.8,53.85,54.15,30145,EQ,,,
2013-06-26,55.45,55.55,53.65,54.0,23599,EQ,,,
2013-06-27,54.55,55.85,54.55,54.95,52110,EQ,,,
2013-06-28,55.5,56.4,55.05,55.95,38501,EQ,,,
2013-07-01,56.75,59.25,56.1,58.25,85750,EQ,,,
2013-07-02,58.35,58.7,56.4,56.7,44507,EQ,,,
2013-07-03,56.0,56.0,54.35,54.6,31714,EQ,,,
2013-07-04,54.55,56.65,54.5,55.4,45072,EQ,,,
2013-07-05,56.0,56.5,54.3,55.05,62942,EQ,,,
2013-07-08,54.1,54.9,53.9,54.4,31315,EQ,,,
2013-07-09,55.4,55.6,54.75,55.05,14251,EQ,,,
2013-07-10,55.3,56.2,54.25,54.55,22128,EQ,,,
2013-07-11,55.45,57.6,54.6,55.7,75633,EQ,,,
2013-07-12,56.6,57.0,54.8,55.1,51401,EQ,,,
2013-07-15,54.9,57.3,54.5,56.1,67242,EQ,,,
2013-07-16,55.0,55.4,54.5,55.0,18583,EQ,,,
2013-07-17,55.0,56.0,54.4,54.8,22815,EQ,,,
2013-07-18,55.25,55.3,54.65,55.05,23715,EQ,,,
2013-07-19,55.25,55.3,53.8,54.1,26000,EQ,,,
2013-07-22,54.15,54.55,53.75,54.15,15077,EQ,,,
2013-07-23,54.75,54.75,53.9,54.0,16048,EQ,,,
2013-07-24,53.55,53.7,52.3,52.4,26784,EQ,,,
2013-07-25,52.2,52.5,50.8,51.2,26632,EQ,,,
2013-07-26,51.4,52.0,50.0,50.2,19691,EQ,,,
2013-07-29,50.0,51.95,49.2,49.45,25373,EQ,,,
2013-07-30,49.45,49.6,48.0,48.2,20886,EQ,,,
2013-07-31,48.2,48.2,46.0,46.45,25108,EQ,,,
2013-08-01,47.3,47.9,43.7,44.05,21294,EQ,,,
2013-08-02,43.0,44.75,42.0,42.4,28655,EQ,,,
2013-08-05,42.0,47.5,41.75,42.75,39478,EQ,,,
2013-08-06,42.0,42.75,40.05,41.5,23783,EQ,,,
2013-08-07,41.05,42.85,40.6,42.5,19900,EQ,,,
2013-08-08,42.8,50.0,42.8,45.5,84814,EQ,,,
2013-08-12,45.0,47.8,45.0,46.9,30555,EQ,,,
2013-08-13,46.55,50.75,45.75,49.05,69587,EQ,,,
2013-08-14,48.8,49.5,48.0,48.8,15885,EQ,,,
2013-08-16,48.7,48.7,44.7,45.15,24518,EQ,,,
2013-08-19,44.5,44.5,43.15,43.95,20694,EQ,,,
2013-08-20,43.55,46.5,42.2,44.85,16142,EQ,,,
2013-08-21,47.4,47.5,43.2,44.2,51550,EQ,,,
2013-08-22,43.65,44.8,43.2,44.6,17708,EQ,,,
2013-08-23,44.0,45.5,44.0,45.15,21152,EQ,,,
2013-08-26,45.25,46.6,44.8,45.25,14626,EQ,,,
2013-08-27,45.35,45.35,42.25,42.75,24306,EQ,,,
2013-08-28,42.5,43.5,40.7,43.15,26749,EQ,,,
2013-08-29,44.95,46.0,43.85,44.4,64154,EQ,,,
2013-08-30,44.95,45.2,43.2,43.7,15101,EQ,,,
2013-09-02,43.55,45.35,43.4,45.05,31338,EQ,,,
2013-09-03,47.2,47.2,44.2,44.85,62062,EQ,,,
2013-09-04,44.85,45.65,44.1,44.5,12798,EQ,,,
2013-09-05,45.25,46.25,44.8,45.05,22776,EQ,,,
2013-09-06,44.6,46.25,44.5,45.35,37999,EQ,,,
2013-09-10,45.1,48.9,45.1,46.3,55802,EQ,,,
2013-09-11,45.7,48.35,45.15,46.9,32576,EQ,,,
2013-09-12,47.45,48.65,45.25,46.2,45698,EQ,,,
2013-09-13,45.7,51.6,45.25,48.8,156031,EQ,,,
2013-09-16,49.55,50.0,46.4,47.2,51489,EQ,,,
2013-09-17,47.0,48.1,46.5,47.55,23708,EQ,,,
2013-09-18,48.4,48.85,47.55,48.05,51475,EQ,,,
2013-09-19,49.0,49.5,48.2,48.95,61551,EQ,,,
2013-09-20,48.0,50.4,46.8,47.15,60060,EQ,,,
2013-09-23,46.85,54.05,46.0,52.2,170191,EQ,,,
2013-09-24,51.9,51.9,48.75,49.0,112408,EQ,,,
2013-09-25,49.4,49.45,47.25,48.25,36283,EQ,,,
2013-09-26,49.05,50.6,48.1,48.9,59039,EQ,,,
2013-09-27,49.2,51.75,48.2,48.85,82302,EQ,,,
2013-09-30,48.95,48.95,46.6,46.95,19211,EQ,,,
2013-10-01,47.95,48.5,46.7,47.5,23141,EQ,,,
2013-10-03,48.45,52.5,48.4,50.4,370378,EQ,,,
2013-10-04,50.85,52.0,49.1,50.5,100954,EQ,,,
2013-10-07,50.5,51.1,49.9,50.2,30736,EQ,,,
2013-10-08,51.15,51.9,50.1,50.85,50039,EQ,,,
2013-10-09,51.4,53.75,50.1,53.1,206484,EQ,,,
2013-10-10,52.0,54.8,52.0,52.45,75645,EQ,,,
2013-10-11,53.35,54.1,52.35,52.6,52225,EQ,,,
2013-10-14,52.55,53.25,51.0,51.5,35424,EQ,,,
2013-10-15,51.3,53.3,50.3,50.35,53221,EQ,,,
2013-10-17,50.35,51.95,49.9,50.05,45865,EQ,,,
2013-10-18,50.9,56.0,50.35,55.5,315371,EQ,,,
2013-10-21,57.0,62.75,57.0,61.1,1375687,EQ,,,
2013-10-22,59.9,61.8,59.05,60.6,269381,EQ,,,
2013-10-23,60.95,62.5,59.65,60.5,154230,EQ,,,
2013-10-24,60.75,61.25,58.55,58.85,66644,EQ,,,
2013-10-25,58.95,60.0,58.1,58.35,46808,EQ,,,
2013-10-28,58.3,59.45,56.75,57.05,77655,EQ,,,
2013-10-29,56.55,58.4,55.8,57.75,47111,EQ,,,
2013-10-30,57.2,61.2,57.2,58.7,207454,EQ,,,
2013-10-31,58.1,59.9,57.4,58.9,33149,EQ,,,
2013-11-01,59.9,62.0,59.9,60.35,118057,EQ,,,
2013-11-03,60.5,61.85,59.5,60.75,22625,EQ,,,
2013-11-05,60.05,62.4,60.0,60.25,88862,EQ,,,
2013-11-06,60.1,62.5,60.1,60.85,91874,EQ,,,
2013-11-07,61.45,61.45,58.5,58.9,47289,EQ,,,
2013-11-08,59.35,59.95,58.35,59.0,25595,EQ,,,
2013-11-11,59.0,63.5,58.2,62.2,150189,EQ,,,
2013-11-12,65.0,66.45,60.55,61.15,774476,EQ,,,
2013-11-13,61.5,62.8,60.0,61.45,142814,EQ,,,
2013-11-14,62.75,62.75,60.5,60.8,59709,EQ,,,
2013-11-18,61.5,61.75,60.9,61.45,52121,EQ,,,
2013-11-19,61.75,62.5,61.2,61.35,54912,EQ,,,
2013-11-20,61.5,67.2,61.25,64.1,656718,EQ,,,
2013-11-21,63.7,64.8,62.25,63.1,158990,EQ,,,
2013-11-22,62.35,65.45,62.35,64.15,162691,EQ,,,
2013-11-25,65.75,67.5,64.5,66.4,343608,EQ,,,
2013-11-26,66.4,66.85,63.55,64.05,116654,EQ,,,
2013-11-27,64.95,65.2,62.0,62.65,78938,EQ,,,
2013-11-28,63.0,63.45,61.0,61.8,70605,EQ,,,
2013-11-29,61.15,63.4,61.15,62.4,54760,EQ,,,
2013-12-02,62.9,64.8,62.1,63.15,115124,EQ,,,
2013-12-03,63.95,64.35,62.6,62.95,107282,EQ,,,
2013-12-04,63.0,63.9,62.15,62.2,51510,EQ,,,
2013-12-05,63.4,63.55,61.6,61.85,68444,EQ,,,
2013-12-06,62.15,66.0,61.1,64.45,235381,EQ,,,
2013-12-09,65.4,65.4,62.35,62.8,125195,EQ,,,
2013-12-10,62.6,62.9,61.2,61.45,41222,EQ,,,
2013-12-11,61.8,61.8,60.6,61.05,36513,EQ,,,
2013-12-12,60.8,63.75,60.7,61.15,78535,EQ,,,
2013-12-13,61.0,61.6,59.25,59.5,52082,EQ,,,
2013-12-16,59.85,59.85,58.55,59.0,46819,EQ,,,
2013-12-17,59.25,60.5,58.8,58.9,30819,EQ,,,
2013-12-18,59.4,60.5,57.1,59.9,58185,EQ,,,
2013-12-19,61.65,62.85,60.65,61.05,142826,EQ,,,
2013-12-20,61.5,63.5,60.75,62.65,218553,EQ,,,
2013-12-23,62.15,64.7,62.15,63.7,248240,EQ,,,
2013-12-24,63.5,69.1,63.15,66.55,1167005,EQ,,,
2013-12-26,66.9,68.15,65.05,65.65,318055,EQ,,,
2013-12-27,65.5,66.25,64.05,64.15,131625,EQ,,,
2013-12-30,63.9,64.5,62.7,63.1,77285,EQ,,,
2013-12-31,62.55,67.0,62.55,64.1,264371,EQ,,,
2014-01-01,64.65,68.3,63.6,67.1,413782,EQ,,,
2014-01-02,67.1,69.75,63.15,64.6,612192,EQ,,,
2014-01-03,64.0,65.45,63.1,64.35,112244,EQ,,,
2014-01-06,64.95,66.45,64.1,66.15,187995,EQ,,,
2014-01-07,66.8,68.1,65.5,66.25,252104,EQ,,,
2014-01-08,66.35,71.5,65.25,69.85,623829,EQ,,,
2014-01-09,70.45,70.7,66.05,66.4,275606,EQ,,,
2014-01-10,66.95,68.9,65.25,65.55,272101,EQ,,,
2014-01-13,66.75,66.75,63.55,63.9,91452,EQ,,,
2014-01-14,64.2,64.75,63.25,63.6,48010,EQ,,,
2014-01-15,64.0,65.3,63.75,64.2,89203,EQ,,,
2014-01-16,64.4,64.55,63.15,63.25,47225,EQ,,,
2014-01-17,63.3,63.65,60.1,60.75,76959,EQ,,,
2014-01-20,60.1,62.05,60.0,61.4,60260,EQ,,,
2014-01-21,61.85,62.4,61.25,61.45,41834,EQ,,,
2014-01-22,61.3,62.5,61.15,61.7,58763,EQ,,,
2014-01-23,61.1,62.5,61.1,61.9,51253,EQ,,,
2014-01-24,61.25,63.1,59.85,60.3,74060,EQ,,,
2014-01-27,59.3,59.3,56.1,56.65,41998,EQ,,,
2014-01-28,56.55,58.7,56.5,57.4,31112,EQ,,,
2014-01-29,56.85,60.15,55.15,58.9,159297,EQ,,,
2014-01-30,59.9,60.9,56.35,57.25,507061,EQ,,,
2014-01-31,56.8,59.2,56.75,57.15,80382,EQ,,,
2014-02-03,56.45,56.8,55.3,55.55,27160,EQ,,,
2014-02-04,54.9,56.5,54.05,55.4,70911,EQ,,,
2014-02-05,56.25,58.2,56.25,56.95,108162,EQ,,,
2014-02-06,57.8,58.0,56.25,56.7,62718,EQ,,,
2014-02-07,56.2,57.45,56.2,56.6,26488,EQ,,,
2014-02-10,56.0,57.35,56.0,56.45,24560,EQ,,,
2014-02-11,55.9,56.6,55.6,55.75,21068,EQ,,,
2014-02-12,55.3,56.65,55.3,55.6,42369,EQ,,,
2014-02-13,55.35,56.9,54.05,54.2,33373,EQ,,,
2014-02-14,54.75,55.95,53.8,54.75,40985,EQ,,,
2014-02-17,54.3,55.65,53.65,54.8,36395,EQ,,,
2014-02-18,55.8,59.75,55.0,56.8,578830,EQ,,,
2014-02-19,56.4,58.25,56.0,56.75,76956,EQ,,,
2014-02-20,56.3,56.9,55.5,55.65,26684,EQ,,,
2014-02-21,55.3,56.4,55.3,55.6,25826,EQ,,,
2014-02-24,55.15,55.85,55.15,55.5,17563,EQ,,,
2014-02-25,55.35,57.1,55.25,56.3,89404,EQ,,,
2014-02-26,56.9,58.3,56.6,56.95,147677,EQ,,,
2014-02-28,56.65,60.9,56.05,60.4,241426,EQ,,,
2014-03-03,61.4,61.65,58.35,58.6,418252,EQ,,,
2014-03-04,58.2,60.0,58.2,58.75,65319,EQ,,,
2014-03-05,58.8,59.4,58.15,58.55,51415,EQ,,,
2014-03-06,58.25,63.65,58.25,62.9,860235,EQ,,,
2014-03-07,62.9,62.9,59.55,59.95,275614,EQ,,,
2014-03-10,59.85,62.1,59.4,60.75,182412,EQ,,,
2014-03-11,60.2,62.1,59.8,60.05,104647,EQ,,,
2014-03-12,59.55,61.9,59.2,61.05,202938,EQ,,,
2014-03-13,60.8,61.75,58.4,58.6,131125,EQ,,,
2014-03-14,58.25,59.2,57.2,57.85,98706,EQ,,,
2014-03-18,58.2,59.75,58.2,58.5,146602,EQ,,,
2014-03-19,58.3,59.1,58.0,58.2,67178,EQ,,,
2014-03-20,57.65,58.35,57.05,57.5,50374,EQ,,,
2014-03-21,57.0,58.55,57.0,57.4,48049,EQ,,,
2014-03-22,57.25,58.35,57.2,57.85,10705,EQ,,,
2014-03-24,57.55,58.9,57.55,57.65,73769,EQ,,,
2014-03-25,57.65,58.4,57.5,57.65,45974,EQ,,,
2014-03-26,57.75,59.05,57.4,57.75,100176,EQ,,,
2014-03-27,57.85,59.4,57.85,58.75,93279,EQ,,,
2014-03-28,58.95,61.2,58.95,60.05,161815,EQ,,,
2014-03-31,60.6,62.15,60.3,60.85,83018,EQ,,,
2014-04-01,61.0,63.25,61.0,61.75,280837,EQ,,,
2014-04-02,63.0,64.4,62.15,62.85,396173,EQ,,,
2014-04-03,63.2,63.3,61.2,61.75,96779,EQ,,,
2014-04-04,61.55,65.8,60.55,64.2,575846,EQ,,,
2014-04-07,63.6,64.6,62.4,63.25,150977,EQ,,,
2014-04-09,64.0,68.0,63.8,65.9,435810,EQ,,,
2014-04-10,65.25,68.0,64.65,65.9,257893,EQ,,,
2014-04-11,65.4,68.8,64.85,67.0,280158,EQ,,,
2014-04-15,66.8,68.35,65.4,66.25,110848,EQ,,,
2014-04-16,66.5,67.6,63.15,63.85,111261,EQ,,,
2014-04-17,63.75,65.5,63.75,64.9,106464,EQ,,,
2014-04-21,65.0,66.1,64.8,65.8,110050,EQ,,,
2014-04-22,65.75,67.1,64.55,66.45,126309,EQ,,,
2014-04-23,67.65,68.0,66.0,66.25,146424,EQ,,,
2014-04-25,65.6,66.45,64.25,64.5,36729,EQ,,,
2014-04-28,63.9,66.4,63.9,65.7,65906,EQ,,,
2014-04-29,66.5,69.45,65.2,68.25,662227,EQ,,,
2014-04-30,70.5,70.5,63.1,64.45,662556,EQ,,,
2014-05-02,65.55,66.5,64.55,64.8,73073,EQ,,,
2014-05-05,64.8,65.2,63.5,64.05,41297,EQ,,,
2014-05-06,64.25,64.8,63.3,63.65,46166,EQ,,,
2014-05-07,64.2,64.7,62.5,62.6,57227,EQ,,,
2014-05-08,62.9,63.4,61.2,61.55,45169,EQ,,,
2014-05-09,61.85,64.0,61.15,63.5,83913,EQ,,,
2014-05-12,65.7,65.9,64.1,64.55,114670,EQ,,,
2014-05-13,65.45,69.35,65.0,68.55,504046,EQ,,,
2014-05-14,68.5,71.55,67.3,68.95,528340,EQ,,,
2014-05-15,69.0,70.75,65.05,66.3,177854,EQ,,,
2014-05-16,67.1,70.0,66.65,67.6,206216,EQ,,,
2014-05-19,68.9,81.1,68.05,81.1,942811,EQ,,,
2014-05-20,83.85,96.1,83.4,90.45,950024,EQ,,,
2014-05-21,91.0,97.5,89.0,94.65,792747,EQ,,,
2014-05-22,95.5,102.0,94.15,94.8,557386,EQ,,,
2014-05-23,95.75,97.25,93.5,95.35,340136,EQ,,,
2014-05-26,97.3,104.85,90.95,95.95,1266906,EQ,,,
2014-05-27,97.0,97.0,87.25,91.9,211536,EQ,,,
2014-05-28,94.2,97.2,93.0,95.2,237778,EQ,,,
2014-05-29,95.8,95.8,91.1,91.85,93183,EQ,,,
2014-05-30,99.0,101.0,97.45,101.0,1093949,EQ,,,
2014-06-02,106.05,111.1,102.0,109.95,931349,EQ,,,
2014-06-03,111.7,111.7,103.3,106.45,363639,EQ,,,
2014-06-04,106.0,111.5,104.5,110.6,332554,EQ,,,
2014-06-05,112.4,121.65,111.0,117.95,851490,EQ,,,
2014-06-06,118.0,118.8,112.1,112.1,80370,BE,,,
2014-06-09,108.55,117.7,106.5,117.7,133022,BE,,,
2014-06-10,122.8,123.0,113.0,120.65,124536,BE,,,
2014-06-11,115.05,121.0,114.65,114.65,65529,BE,,,
2014-06-12,113.0,114.5,109.0,110.75,54827,BE,,,
2014-06-13,109.25,114.25,105.25,105.3,56579,BE,,,
2014-06-16,102.05,106.1,100.05,103.3,38897,BE,,,
2014-06-17,105.8,105.9,102.0,103.25,53539,BE,,,
2014-06-18,107.65,108.4,104.0,108.2,130270,BE,,,
2014-06-19,109.0,110.0,103.1,104.6,48871,BE,,,
2014-06-20,106.0,106.0,100.9,101.8,24176,BE,,,
2014-06-23,101.0,105.15,100.0,100.85,27476,BE,,,
2014-06-24,103.0,105.85,102.0,105.85,46615,BE,,,
2014-06-25,105.0,107.0,103.0,103.55,37549,BE,,,
2014-06-26,103.55,108.7,103.15,108.7,61130,BE,,,
2014-06-27,112.25,112.25,104.7,107.4,60112,BE,,,
2014-06-30,109.0,112.75,105.0,112.75,103221,EQ,,,
2014-07-01,114.0,115.2,108.2,109.15,193698,EQ,,,
2014-07-02,110.45,114.6,110.0,111.45,216970,EQ,,,
2014-07-03,112.3,115.5,109.0,112.25,134772,EQ,,,
2014-07-04,113.0,114.05,108.85,112.0,116242,EQ,,,
2014-07-07,112.8,114.95,108.1,111.4,275154,EQ,,,
2014-07-08,111.7,113.05,105.85,105.85,103126,EQ,,,
2014-07-09,104.0,105.85,100.6,100.6,225632,EQ,,,
2014-07-10,98.35,104.0,95.6,99.15,207054,EQ,,,
2014-07-11,99.5,102.8,94.2,94.35,94892,EQ,,,
2014-07-14,93.4,93.5,89.85,90.65,94155,EQ,,,
2014-07-15,92.25,95.15,91.05,95.15,73161,EQ,,,
2014-07-16,96.3,99.9,93.85,99.9,96690,EQ,,,
2014-07-17,100.4,103.35,98.2,101.15,144460,EQ,,,
2014-07-18,98.5,102.5,97.45,100.1,81169,EQ,,,
2014-07-21,100.7,105.1,100.7,105.1,222961,EQ,,,
2014-07-22,106.65,109.9,104.5,106.15,223824,EQ,,,
2014-07-23,106.2,107.5,100.95,101.55,70394,EQ,,,
2014-07-24,102.0,103.4,97.6,100.25,94358,EQ,,,
2014-07-25,103.0,103.0,95.8,98.0,91538,EQ,,,
2014-07-28,98.95,102.9,96.7,98.8,104192,EQ,,,
2014-07-30,97.25,100.0,96.1,98.0,48808,EQ,,,
2014-07-31,98.75,101.0,94.05,95.7,90970,EQ,,,
2014-08-01,94.45,96.9,93.5,94.05,67433,EQ,,,
2014-08-04,94.15,96.75,93.65,94.5,64070,EQ,,,
2014-08-05,93.7,98.9,93.7,96.1,168870,EQ,,,
2014-08-06,96.25,101.25,96.25,97.75,169054,EQ,,,
2014-08-07,101.1,101.1,94.25,95.1,293623,EQ,,,
2014-08-08,93.7,93.7,88.5,89.85,142134,EQ,,,
2014-08-11,90.8,92.5,84.2,85.05,200199,EQ,,,
2014-08-12,86.25,88.5,86.0,87.2,157559,EQ,,,
2014-08-13,88.2,88.2,83.0,84.15,89814,EQ,,,
2014-08-14,83.3,86.9,83.3,86.15,101745,EQ,,,
2014-08-18,87.0,91.5,85.7,90.6,150870,EQ,,,
2014-08-19,90.5,95.4,90.0,92.15,208229,EQ,,,
2014-08-20,91.5,97.0,91.5,95.1,206395,EQ,,,
2014-08-21,95.6,96.65,92.5,92.85,91796,EQ,,,
2014-08-22,92.75,94.0,91.0,91.85,55522,EQ,,,
2014-08-25,92.8,93.6,89.45,89.95,71494,EQ,,,
2014-08-26,89.9,89.9,85.1,87.3,75535,EQ,,,
2014-08-27,89.4,96.0,88.1,95.9,360911,EQ,,,
2014-08-28,97.95,102.25,94.35,95.3,326300,EQ,,,
2014-09-01,95.5,104.8,95.1,104.8,485389,EQ,,,
2014-09-02,106.95,115.25,105.35,115.25,736422,EQ,,,
2014-09-03,121.0,121.0,113.55,116.75,733422,EQ,,,
2014-09-04,116.7,118.5,111.6,116.65,225556,EQ,,,
2014-09-05,117.0,122.45,117.0,122.2,1017624,EQ,,,
2014-09-08,123.9,124.0,118.45,121.05,242177,EQ,,,
2014-09-09,120.6,121.8,116.75,119.25,126411,EQ,,,
2014-09-10,115.0,124.2,115.0,119.45,284462,EQ,,,
2014-09-11,120.45,123.8,117.0,117.6,168576,EQ,,,
2014-09-12,117.15,120.25,115.0,115.45,117963,EQ,,,
2014-09-15,114.55,116.65,110.25,112.2,142609,EQ,,,
2014-09-16,111.2,116.75,106.6,106.65,192796,EQ,,,
2014-09-17,107.0,110.7,101.35,103.45,126595,EQ,,,
2014-09-18,105.9,108.6,102.25,108.6,73171,EQ,,,
2014-09-19,110.9,114.0,110.0,111.45,152872,EQ,,,
2014-09-22,111.2,111.3,108.95,109.75,59490,EQ,,,
2014-09-23,110.0,113.0,106.35,107.75,83718,EQ,,,
2014-09-24,108.5,110.95,102.6,105.55,88910,EQ,,,
2014-09-25,105.1,108.9,100.3,100.6,62720,EQ,,,
2014-09-26,99.65,104.4,98.1,102.65,79844,EQ,,,
2014-09-29,101.5,106.9,101.5,103.95,54534,EQ,,,
2014-09-30,103.95,109.1,102.3,105.25,174629,EQ,,,
2014-10-01,105.1,109.8,104.4,108.7,102085,EQ,,,
2014-10-07,108.75,110.8,103.3,103.6,78699,EQ,,,
2014-10-08,101.7,106.0,101.7,103.65,65936,EQ,,,
2014-10-09,105.45,107.9,103.65,106.7,130591,EQ,,,
2014-10-10,105.1,105.8,102.35,103.15,56679,EQ,,,
2014-10-13,104.7,104.7,102.1,104.1,27047,EQ,,,
2014-10-14,103.5,106.2,102.45,102.85,53462,EQ,,,
2014-10-16,102.55,104.55,99.1,100.55,109376,EQ,,,
2014-10-17,100.1,101.9,98.55,100.95,58392,EQ,,,
2014-10-20,102.25,103.65,101.6,102.1,35039,EQ,,,
2014-10-21,102.6,106.9,101.75,105.65,131131,EQ,,,
2014-10-22,106.8,109.4,106.1,108.65,194148,EQ,,,
2014-10-23,109.95,110.0,107.7,108.85,49859,EQ,,,
2014-10-27,116.0,119.7,112.1,119.7,662826,EQ,,,
2014-10-28,123.9,131.65,120.55,131.65,1768877,EQ,,,
2014-10-29,135.0,138.2,133.9,138.2,344472,EQ,,,
2014-10-30,143.0,145.1,134.8,138.55,917438,EQ,,,
2014-10-31,139.35,140.6,132.5,135.3,237671,EQ,,,
2014-11-03,135.5,142.05,132.5,142.05,171373,EQ,,,
2014-11-05,143.9,149.15,142.05,149.15,599021,EQ,,,
2014-11-07,151.4,154.7,144.9,147.9,339573,EQ,,,
2014-11-10,149.7,154.7,149.1,149.7,154934,EQ,,,
2014-11-11,152.4,152.9,143.6,144.95,172837,EQ,,,
2014-11-12,145.0,147.0,138.75,141.2,148708,EQ,,,
2014-11-13,142.0,146.7,139.95,142.05,203720,EQ,,,
2014-11-14,143.3,146.0,141.8,142.65,96618,EQ,,,
2014-11-17,142.9,145.15,141.0,141.75,79719,EQ,,,
2014-11-18,143.3,146.6,137.9,139.1,154043,EQ,,,
2014-11-19,141.35,141.4,134.05,134.7,82674,EQ,,,
2014-11-20,135.55,137.9,133.1,135.15,57251,EQ,,,
2014-11-21,137.0,141.9,135.55,141.9,102606,EQ,,,
2014-11-24,146.85,147.0,141.0,143.0,190256,EQ,,,
2014-11-25,143.65,143.7,135.85,137.2,103704,EQ,,,
2014-11-26,136.25,139.95,135.55,137.75,61112,EQ,,,
2014-11-27,138.0,139.5,136.0,137.85,52429,EQ,,,
2014-11-28,140.0,142.5,135.7,136.95,69574,EQ,,,
2014-12-01,136.5,139.75,130.15,130.15,148085,EQ,,,
2014-12-02,128.7,136.65,125.65,136.65,144687,EQ,,,
2014-12-03,139.4,143.45,137.5,143.45,176570,EQ,,,
2014-12-04,146.0,148.3,137.6,143.8,451248,EQ,,,
2014-12-05,145.7,149.0,140.5,141.5,229567,EQ,,,
2014-12-08,143.6,143.9,136.15,137.55,99459,EQ,,,
2014-12-09,137.4,141.8,133.15,133.95,99191,EQ,,,
2014-12-10,134.1,137.0,133.5,134.6,80157,EQ,,,
2014-12-11,134.8,148.05,132.2,144.9,515852,EQ,,,
2014-12-12,146.25,151.3,141.0,142.3,522953,EQ,,,
2014-12-15,142.0,150.0,141.0,147.15,265285,EQ,,,
2014-12-16,147.9,148.85,139.0,141.65,290557,EQ,,,
2014-12-17,141.25,143.6,134.1,136.95,171830,EQ,,,
2014-12-18,143.0,149.0,139.6,146.85,348619,EQ,,,
2014-12-19,150.0,161.5,148.95,153.35,813142,EQ,,,
2014-12-22,157.65,157.9,152.25,154.4,261159,EQ,,,
2014-12-23,154.85,155.0,146.0,147.55,159637,EQ,,,
2014-12-24,147.95,152.7,145.0,149.0,183927,EQ,,,
2014-12-26,150.65,154.4,149.5,153.5,217170,EQ,,,
2014-12-29,154.1,168.85,152.0,168.85,1091051,EQ,,,
2014-12-30,172.0,180.9,169.15,174.55,1182177,EQ,,,
2014-12-31,175.0,180.9,174.65,175.9,373649,EQ,,,
2015-01-01,176.4,179.3,172.0,174.45,260594,EQ,,,
2015-01-02,175.75,188.8,175.0,179.05,956739,EQ,,,
2015-01-05,180.0,184.25,176.0,178.25,282002,EQ,,,
2015-01-06,177.0,177.0,168.3,169.4,289308,EQ,,,
2015-01-07,172.85,203.25,165.75,199.9,3293240,EQ,,,
2015-01-08,207.95,233.35,204.55,225.25,6507996,EQ,,,
2015-01-09,224.75,228.85,216.15,220.0,1971048,EQ,,,
2015-01-12,220.0,239.0,219.0,231.35,2234055,EQ,,,
2015-01-13,233.4,238.6,226.4,230.8,1311467,EQ,,,
2015-01-14,230.85,241.45,230.0,234.25,1340143,EQ,,,
2015-01-15,238.7,239.3,230.1,231.25,572154,EQ,,,
2015-01-16,230.95,235.9,225.0,226.8,817473,EQ,,,
2015-01-19,228.1,231.9,218.65,222.65,541038,EQ,,,
2015-01-20,224.7,230.7,221.25,223.05,436511,EQ,,,
2015-01-21,223.9,225.5,217.5,218.9,315113,EQ,,,
2015-01-22,219.4,220.5,208.15,209.1,410013,EQ,,,
2015-01-23,211.25,247.7,209.6,242.4,4401849,EQ,,,
2015-01-27,243.8,270.8,242.0,259.05,4740239,EQ,,,
2015-01-28,257.7,264.45,251.05,252.65,1363002,EQ,,,
2015-01-29,253.1,273.9,251.85,263.9,2104952,EQ,,,
2015-01-30,265.55,269.5,253.5,256.3,742288,EQ,,,
2015-02-02,253.65,271.75,253.65,266.3,964451,EQ,,,
2015-02-03,268.2,280.4,265.0,268.55,1486438,EQ,,,
2015-02-04,270.65,273.7,256.15,258.05,628355,EQ,,,
2015-02-05,258.25,267.75,253.0,255.6,508543,EQ,,,
2015-02-06,257.2,258.6,240.1,244.2,505607,EQ,,,
2015-02-09,244.0,244.0,228.55,230.45,383117,EQ,,,
2015-02-10,228.4,244.5,223.2,236.75,645042,EQ,,,
2015-02-11,239.9,275.5,239.85,272.45,2897858,EQ,,,
2015-02-12,274.8,281.7,265.6,271.55,2045476,EQ,,,
2015-02-13,272.0,277.7,266.1,268.2,888756,EQ,,,
2015-02-16,265.0,265.0,244.65,251.45,815601,EQ,,,
2015-02-18,252.8,274.4,252.75,265.55,1953938,EQ,,,
2015-02-19,266.5,274.95,260.5,267.85,1218627,EQ,,,
2015-02-20,268.6,272.9,261.2,262.2,763120,EQ,,,
2015-02-23,264.75,269.9,261.5,262.95,654852,EQ,,,
2015-02-24,264.3,266.7,249.5,254.5,700066,EQ,,,
2015-02-25,256.0,259.65,251.55,253.95,435720,EQ,,,
2015-02-26,254.9,265.5,248.6,256.65,971209,EQ,,,
2015-02-27,258.15,264.8,257.6,258.95,633762,EQ,,,
2015-02-28,261.8,267.8,248.1,253.6,978973,EQ,,,
2015-03-02,256.0,256.65,246.1,248.1,476357,EQ,,,
2015-03-03,249.4,253.85,245.65,249.6,360002,EQ,,,
2015-03-04,251.5,258.4,240.2,243.9,570249,EQ,,,
2015-03-05,244.9,248.2,236.6,240.2,379238,EQ,,,
2015-03-09,236.0,238.55,228.05,229.75,378279,EQ,,,
2015-03-10,231.2,236.35,225.55,227.85,369864,EQ,,,
2015-03-11,228.7,232.35,223.3,224.35,282590,EQ,,,
2015-03-12,225.95,227.75,220.6,221.6,263900,EQ,,,
2015-03-13,221.6,241.75,221.6,226.95,1213058,EQ,,,
2015-03-16,228.55,229.1,220.5,221.75,370651,EQ,,,
2015-03-17,223.9,228.6,215.6,218.65,423706,EQ,,,
2015-03-18,220.0,222.9,215.55,217.0,299255,EQ,,,
2015-03-19,219.4,223.7,212.65,214.1,246774,EQ,,,
2015-03-20,212.5,214.9,201.0,202.3,317589,EQ,,,
2015-03-23,203.85,204.25,186.15,187.65,424921,EQ,,,
2015-03-24,187.5,187.5,169.0,170.3,818201,EQ,,,
2015-03-25,172.0,180.2,171.5,173.7,597170,EQ,,,
2015-03-26,172.0,172.45,166.1,166.95,372311,EQ,,,
2015-03-27,169.0,182.0,159.2,177.15,924724,EQ,,,
2015-03-30,181.0,188.4,178.7,186.1,733470,EQ,,,
2015-03-31,187.0,191.0,183.7,186.55,629293,EQ,,,
2015-04-01,186.55,207.4,184.35,205.2,2060781,EQ,,,
2015-04-06,205.55,215.0,205.1,213.55,983843,EQ,,,
2015-04-07,214.9,216.0,204.0,207.8,541955,EQ,,,
2015-04-08,208.55,212.3,206.25,208.75,483876,EQ,,,
2015-04-09,211.25,220.0,211.25,214.7,768900,EQ,,,
2015-04-10,214.85,215.8,207.85,211.5,385202,EQ,,,
2015-04-13,212.4,217.5,209.8,213.15,354683,EQ,,,
2015-04-15,213.8,214.7,206.55,207.7,266181,EQ,,,
2015-04-16,208.0,208.7,197.2,200.2,287649,EQ,,,
2015-04-17,201.0,217.95,194.2,209.55,1216543,EQ,,,
2015-04-20,210.0,211.5,199.0,202.25,328885,EQ,,,
2015-04-21,202.0,205.7,194.0,198.6,337673,EQ,,,
2015-04-22,200.0,204.7,193.0,200.25,281050,EQ,,,
2015-04-23,201.9,203.65,196.15,197.7,214116,EQ,,,
2015-04-24,198.65,198.65,188.0,189.9,214505,EQ,,,
2015-04-27,190.0,191.45,175.2,176.6,183672,EQ,,,
2015-04-28,162.05,181.0,162.05,177.0,461469,EQ,,,
2015-04-29,177.95,184.8,173.15,180.9,392021,EQ,,,
2015-04-30,180.8,182.2,176.0,179.95,242675,EQ,,,
2015-05-04,179.5,192.5,179.05,188.15,372610,EQ,,,
2015-05-05,189.25,198.8,189.0,192.7,360975,EQ,,,
2015-05-06,191.0,193.75,181.55,182.9,251500,EQ,,,
2015-05-07,181.5,186.3,170.7,173.25,315862,EQ,,,
2015-05-08,175.8,180.8,175.8,177.2,169154,EQ,,,
2015-05-11,178.4,182.6,178.3,180.2,154711,EQ,,,
2015-05-12,181.0,181.0,171.9,173.1,104142,EQ,,,
2015-05-13,174.0,176.85,170.6,173.95,180862,EQ,,,
2015-05-14,173.9,177.0,171.45,174.25,145692,EQ,,,
2015-05-15,175.25,178.35,173.15,173.75,130510,EQ,,,
2015-05-18,175.25,180.0,174.0,178.05,200914,EQ,,,
2015-05-19,179.9,188.0,178.8,182.05,335436,EQ,,,
2015-05-20,183.45,188.5,182.9,183.85,333559,EQ,,,
2015-05-21,182.4,185.1,179.35,180.85,152274,EQ,,,
2015-05-22,181.85,182.0,176.1,176.85,110389,EQ,,,
2015-05-25,176.85,177.1,173.2,173.95,94421,EQ,,,
2015-05-26,175.3,177.7,172.7,174.5,110607,EQ,,,
2015-05-27,173.9,173.9,171.15,171.9,93068,EQ,,,
2015-05-28,174.0,174.5,168.65,169.85,88685,EQ,,,
2015-05-29,170.55,175.95,168.65,173.3,250295,EQ,,,
2015-06-01,173.8,173.85,168.0,168.45,126628,EQ,,,
2015-06-02,169.0,169.0,155.2,157.95,276374,EQ,,,
2015-06-03,159.9,159.9,140.5,146.9,262202,EQ,,,
2015-06-04,149.0,149.55,141.5,144.1,215965,EQ,,,
2015-06-05,143.0,171.25,142.25,165.25,1547171,EQ,,,
2015-06-08,167.0,170.75,156.2,160.5,494859,EQ,,,
2015-06-09,158.5,164.0,156.45,158.3,283262,EQ,,,
2015-06-10,158.4,162.9,157.5,158.2,161433,EQ,,,
2015-06-11,159.75,163.4,151.15,153.65,214541,EQ,,,
2015-06-12,153.0,154.2,148.5,150.6,130862,EQ,,,
2015-06-15,151.0,159.5,150.2,153.65,255333,EQ,,,
2015-06-16,154.0,157.15,150.25,155.4,151185,EQ,,,
2015-06-17,157.7,166.8,155.3,160.45,537971,EQ,,,
2015-06-18,161.3,164.8,160.5,161.65,199847,EQ,,,
2015-06-19,162.8,168.3,160.8,165.15,362666,EQ,,,
2015-06-22,165.75,169.4,164.0,166.3,184731,EQ,,,
2015-06-23,167.4,171.4,165.0,166.4,238004,EQ,,,
2015-06-24,167.05,169.5,162.05,163.3,230326,EQ,,,
2015-06-25,162.9,164.95,160.55,162.65,140108,EQ,,,
2015-06-26,161.2,165.4,159.15,162.5,223919,EQ,,,
2015-06-29,159.05,159.05,153.6,155.8,142146,EQ,,,
2015-06-30,155.0,161.4,155.0,158.15,139867,EQ,,,
2015-07-01,159.35,163.1,158.6,160.4,141805,EQ,,,
2015-07-02,161.55,174.7,161.0,169.65,808427,EQ,,,
2015-07-03,169.85,173.0,161.5,162.9,420155,EQ,,,
2015-07-06,160.6,168.0,158.2,166.4,319323,EQ,,,
2015-07-07,167.3,172.0,163.45,165.55,363088,EQ,,,
2015-07-08,163.0,165.3,159.4,161.05,179052,EQ,,,
2015-07-09,162.0,167.0,160.35,162.95,234188,EQ,,,
2015-07-10,164.0,171.0,162.85,166.3,455224,EQ,,,
2015-07-13,167.2,168.85,164.3,166.45,239623,EQ,,,
2015-07-14,167.6,181.2,166.65,176.15,1506357,EQ,,,
2015-07-15,177.1,178.4,171.3,172.15,374706,EQ,,,
2015-07-16,173.5,186.25,172.85,183.95,981239,EQ,,,
2015-07-17,185.45,197.35,181.1,190.1,1745096,EQ,,,
2015-07-20,191.1,200.0,187.2,197.8,1026503,EQ,,,
2015-07-21,198.65,198.95,187.0,188.5,563500,EQ,,,
2015-07-22,187.95,193.75,186.2,191.7,327422,EQ,,,
2015-07-23,192.25,193.5,186.05,188.9,245390,EQ,,,
2015-07-24,189.7,190.45,182.55,183.75,243167,EQ,,,
2015-07-27,183.7,183.7,175.1,176.05,187899,EQ,,,
2015-07-28,177.25,181.5,174.65,176.45,190503,EQ,,,
2015-07-29,177.2,184.0,176.95,179.65,243804,EQ,,,
2015-07-30,181.0,185.8,181.0,183.0,215199,EQ,,,
2015-07-31,183.75,188.45,182.0,184.2,285641,EQ,,,
2015-08-03,184.8,186.25,180.8,181.8,130398,EQ,,,
2015-08-04,182.0,182.85,177.2,180.2,144261,EQ,,,
2015-08-05,180.7,191.45,180.55,185.25,465744,EQ,,,
2015-08-06,183.0,188.0,182.05,182.55,152469,EQ,,,
2015-08-07,182.55,185.85,180.1,180.9,176508,EQ,,,
2015-08-10,180.95,184.6,175.5,176.75,154327,EQ,,,
2015-08-11,177.6,181.5,172.0,173.8,166539,EQ,,,
2015-08-12,171.1,172.9,163.1,164.7,139944,EQ,,,
2015-08-13,166.25,171.35,160.05,162.5,121990,EQ,,,
2015-08-14,162.7,168.65,162.7,164.95,159317,EQ,,,
2015-08-17,153.45,162.3,153.45,159.25,213418,EQ,,,
2015-08-18,160.5,164.5,160.0,163.4,106585,EQ,,,
2015-08-19,164.35,168.0,161.5,163.7,143307,EQ,,,
2015-08-20,163.25,164.45,155.0,156.0,114087,EQ,,,
2015-08-21,153.0,153.65,149.4,152.4,125107,EQ,,,
2015-08-24,144.0,146.5,128.0,131.4,204569,EQ,,,
2015-08-25,136.0,136.0,120.2,128.35,188549,EQ,,,
2015-08-26,129.15,133.9,126.0,130.25,109522,EQ,,,
2015-08-27,132.0,136.9,132.0,135.35,121483,EQ,,,
2015-08-28,137.7,141.0,132.0,132.5,128182,EQ,,,
2015-08-31,132.0,136.4,132.0,132.65,71441,EQ,,,
2015-09-01,130.0,140.9,129.9,137.3,283855,EQ,,,
2015-09-02,138.4,142.0,133.2,135.75,144445,EQ,,,
2015-09-03,135.75,140.8,135.65,136.45,71569,EQ,,,
2015-09-04,135.7,135.7,129.2,130.7,104838,EQ,,,
2015-09-07,131.55,132.45,126.0,126.25,67070,EQ,,,
2015-09-08,126.6,131.1,123.15,127.05,177455,EQ,,,
2015-09-09,130.65,131.8,127.5,128.45,112110,EQ,,,
2015-09-10,126.9,128.85,123.0,125.95,129555,EQ,,,
2015-09-11,127.7,130.5,123.0,123.95,116712,EQ,,,
2015-09-14,125.35,128.8,124.35,127.0,87781,EQ,,,
2015-09-15,128.4,131.6,126.5,128.0,94826,EQ,,,
2015-09-16,129.5,130.5,124.05,124.55,65208,EQ,,,
2015-09-18,125.6,134.35,125.6,132.1,346858,EQ,,,
2015-09-21,129.9,136.3,129.2,133.45,135031,EQ,,,
2015-09-22,134.45,136.65,129.1,130.3,92210,EQ,,,
2015-09-23,127.35,146.3,127.35,143.5,975799,EQ,,,
2015-09-24,144.6,151.75,140.0,149.1,767326,EQ,,,
2015-09-28,149.6,150.8,141.1,143.0,193026,EQ,,,
2015-09-29,140.0,149.5,138.25,144.45,235926,EQ,,,
2015-09-30,145.5,149.35,144.2,146.25,181469,EQ,,,
2015-10-01,147.8,147.8,134.3,143.2,197231,EQ,,,
2015-10-05,144.9,150.4,144.25,146.95,203388,EQ,,,
2015-10-06,147.95,153.5,147.4,149.5,244253,EQ,,,
2015-10-07,150.0,154.9,149.8,151.0,280427,EQ,,,
2015-10-08,151.85,153.5,134.4,147.35,231419,EQ,,,
2015-10-09,148.8,152.5,146.05,147.85,131400,EQ,,,
2015-10-12,149.15,160.8,143.8,154.55,835084,EQ,,,
2015-10-13,154.9,159.6,152.3,155.75,283034,EQ,,,
2015-10-14,155.15,159.85,152.65,155.1,677528,EQ,,,
2015-10-15,155.7,162.4,155.2,158.1,670960,EQ,,,
2015-10-16,159.1,159.45,153.25,154.8,167445,EQ,,,
2015-10-19,155.7,160.0,155.15,156.3,307600,EQ,,,
2015-10-20,155.25,163.95,155.25,162.75,923130,EQ,,,
2015-10-21,164.0,168.95,161.85,163.2,489873,EQ,,,
2015-10-23,164.5,164.85,158.55,159.3,157270,EQ,,,
2015-10-26,160.7,160.7,153.7,154.35,122486,EQ,,,
2015-10-27,153.95,154.8,151.6,152.45,98156,EQ,,,
2015-10-28,152.95,152.95,147.35,147.9,146175,EQ,,,
2015-10-29,147.0,151.05,145.2,146.05,142061,EQ,,,
2015-10-30,146.9,150.4,143.0,144.45,204018,EQ,,,
2015-11-02,145.2,145.5,140.0,140.9,112562,EQ,,,
2015-11-03,141.95,143.6,138.0,138.45,155911,EQ,,,
2015-11-04,140.15,144.25,139.5,141.8,158460,EQ,,,
2015-11-05,141.8,142.45,136.85,137.45,110576,EQ,,,
2015-11-06,137.0,139.55,135.35,136.0,60594,EQ,,,
2015-11-09,133.25,140.15,128.1,138.85,107631,EQ,,,
2015-11-10,148.2,154.4,146.25,147.0,362620,EQ,,,
2015-11-11,151.95,153.3,149.05,152.0,86993,EQ,,,
2015-11-13,150.95,151.95,146.75,147.65,112045,EQ,,,
2015-11-16,147.0,150.9,144.3,148.7,146895,EQ,,,
2015-11-17,149.0,152.8,146.9,148.95,172777,EQ,,,
2015-11-18,148.25,151.5,143.0,144.5,127844,EQ,,,
2015-11-19,146.0,151.35,146.0,149.75,159217,EQ,,,
2015-11-20,150.55,153.4,148.6,150.0,203211,EQ,,,
2015-11-23,150.55,153.45,149.95,151.6,194979,EQ,,,
2015-11-24,152.0,159.6,150.1,158.15,657434,EQ,,,
2015-11-26,159.5,162.4,156.9,158.25,363463,EQ,,,
2015-11-27,158.7,160.8,155.3,156.95,153770,EQ,,,
2015-11-30,157.9,161.8,157.1,158.55,171402,EQ,,,
2015-12-01,161.4,165.45,159.0,161.5,370759,EQ,,,
2015-12-02,162.4,163.5,156.3,157.9,172469,EQ,,,
2015-12-03,157.0,161.0,154.35,155.3,158123,EQ,,,
2015-12-04,152.5,160.8,152.5,155.25,255160,EQ,,,
2015-12-07,157.45,158.0,153.3,155.85,162180,EQ,,,
2015-12-08,155.0,156.1,148.4,148.95,169112,EQ,,,
2015-12-09,149.0,150.5,141.6,142.55,148471,EQ,,,
2015-12-10,143.4,145.7,139.1,144.2,191744,EQ,,,
2015-12-11,145.05,146.35,140.55,142.85,151330,EQ,,,
2015-12-14,140.25,146.0,140.25,143.7,169724,EQ,,,
2015-12-15,144.65,144.9,141.5,143.3,124468,EQ,,,
2015-12-16,144.5,156.7,144.35,149.55,693486,EQ,,,
2015-12-17,151.4,153.45,149.7,152.2,203539,EQ,,,
2015-12-18,152.0,161.8,150.55,157.35,610110,EQ,,,
2015-12-21,157.0,160.95,155.6,158.35,164801,EQ,,,
2015-12-22,158.0,172.4,158.0,170.2,1673611,EQ,,,
2015-12-23,173.1,176.0,168.15,170.0,967966,EQ,,,
2015-12-24,172.4,188.0,171.1,186.35,2866519,EQ,,,
2015-12-28,188.25,190.0,183.25,184.55,1379505,EQ,,,
2015-12-29,184.95,189.35,179.2,181.85,1065751,EQ,,,
2015-12-30,181.85,184.4,178.1,179.1,485806,EQ,,,
2015-12-31,180.1,180.7,175.5,178.95,355806,EQ,,,
2016-01-01,179.3,184.3,177.0,181.6,468734,EQ,,,
2016-01-04,182.9,189.9,181.0,182.7,987709,EQ,,,
2016-01-05,183.6,186.7,180.0,182.5,459667,EQ,,,
2016-01-06,182.25,189.7,180.75,181.85,708535,EQ,,,
2016-01-07,177.1,179.5,170.0,171.85,491359,EQ,,,
2016-01-08,173.25,175.8,172.25,172.85,177747,EQ,,,
2016-01-11,170.0,173.45,167.3,170.2,307502,EQ,,,
2016-01-12,170.2,174.4,167.5,168.25,288842,EQ,,,
2016-01-13,169.9,171.5,153.25,159.4,321996,EQ,,,
2016-01-14,153.3,157.4,151.0,154.15,191472,EQ,,,
2016-01-15,156.85,158.6,146.1,148.1,233864,EQ,,,
2016-01-18,147.0,147.0,134.8,135.9,242925,EQ,,,
2016-01-19,136.85,142.85,135.45,139.2,270487,EQ,,,
2016-01-20,134.0,136.9,130.05,132.75,147671,EQ,,,
2016-01-21,135.95,138.0,131.05,132.65,147788,EQ,,,
2016-01-22,135.65,138.9,134.1,137.45,160211,EQ,,,
2016-01-25,142.5,152.9,142.5,149.9,448124,EQ,,,
2016-01-27,151.5,152.6,146.45,149.95,262894,EQ,,,
2016-01-28,154.0,156.6,151.5,152.65,330456,EQ,,,
2016-01-29,153.0,154.45,149.15,152.0,158738,EQ,,,
2016-02-01,152.85,153.8,149.2,150.8,114631,EQ,,,
2016-02-02,150.5,153.15,145.6,147.0,146252,EQ,,,
2016-02-03,143.1,147.35,137.85,142.85,163451,EQ,,,
2016-02-04,143.65,145.65,138.1,141.05,137492,EQ,,,
2016-02-05,141.0,144.75,139.7,141.85,159218,EQ,,,
2016-02-08,142.65,150.5,141.0,145.65,319676,EQ,,,
2016-02-09,140.65,145.35,140.65,141.95,174878,EQ,,,
2016-02-10,142.0,143.3,137.5,141.4,203090,EQ,,,
2016-02-11,141.0,141.95,128.0,129.85,187019,EQ,,,
2016-02-12,132.75,133.4,116.0,125.6,254920,EQ,,,
2016-02-15,129.9,134.5,129.85,133.25,156119,EQ,,,
2016-02-16,136.5,141.85,134.0,134.8,254125,EQ,,,
2016-02-17,135.1,135.1,129.1,133.35,153117,EQ,,,
2016-02-18,136.5,139.4,134.05,135.9,153489,EQ,,,
2016-02-19,136.0,138.9,134.1,137.25,125454,EQ,,,
2016-02-22,137.85,142.95,137.3,138.55,167693,EQ,,,
2016-02-23,139.35,139.8,135.25,136.2,185405,EQ,,,
2016-02-24,136.6,136.6,131.1,132.25,74133,EQ,,,
2016-02-25,131.0,132.75,129.25,129.9,75366,EQ,,,
2016-02-26,131.25,132.95,125.2,126.05,124509,EQ,,,
2016-02-29,127.5,128.9,123.3,126.25,113034,EQ,,,
2016-03-01,132.5,132.9,128.2,131.85,127754,EQ,,,
2016-03-02,133.2,137.85,130.4,135.2,166155,EQ,,,
2016-03-03,136.1,139.7,135.35,138.7,172720,EQ,,,
2016-03-04,138.85,148.4,136.95,143.55,443402,EQ,,,
2016-03-08,143.85,148.7,140.65,142.45,281142,EQ,,,
2016-03-09,141.45,143.8,140.1,142.8,196818,EQ,,,
2016-03-10,143.65,144.3,138.75,140.0,139318,EQ,,,
2016-03-11,139.35,142.3,138.4,139.45,108698,EQ,,,
2016-03-14,140.65,141.75,138.0,138.75,113302,EQ,,,
2016-03-15,138.1,139.4,135.3,136.2,99214,EQ,,,
2016-03-16,136.8,138.85,132.9,135.4,94818,EQ,,,
2016-03-17,139.2,141.4,136.6,137.4,208865,EQ,,,
2016-03-18,136.85,138.5,134.7,136.6,80051,EQ,,,
2016-03-21,137.0,144.5,136.1,142.3,377974,EQ,,,
2016-03-22,145.7,157.85,145.7,151.6,1528314,EQ,,,
2016-03-23,151.0,152.8,148.4,150.4,359411,EQ,,,
2016-03-28,150.95,154.4,144.1,146.1,282624,EQ,,,
2016-03-29,146.8,149.9,142.65,146.15,248824,EQ,,,
2016-03-30,147.95,152.7,147.0,150.35,218281,EQ,,,
2016-03-31,151.2,151.65,147.25,148.35,112187,EQ,,,
2016-04-01,148.15,150.5,146.35,148.85,131603,EQ,,,
2016-04-04,149.2,152.5,147.05,148.45,236931,EQ,,,
2016-04-05,148.0,148.5,140.5,142.6,140991,EQ,,,
2016-04-06,143.35,146.05,141.95,144.8,104405,EQ,,,
2016-04-07,145.9,147.9,142.1,143.35,169466,EQ,,,
2016-04-08,143.35,145.0,142.6,143.6,93179,EQ,,,
2016-04-11,144.3,146.9,143.05,146.15,152079,EQ,,,
2016-04-12,146.0,153.8,144.3,151.5,660183,EQ,,,
2016-04-13,152.7,156.7,150.55,153.05,469840,EQ,,,
2016-04-18,152.0,153.45,149.6,151.8,154904,EQ,,,
2016-04-20,152.1,155.8,151.4,152.0,160934,EQ,,,
2016-04-21,153.25,153.7,148.75,149.6,143358,EQ,,,
2016-04-22,149.85,153.8,148.8,152.05,150059,EQ,,,
2016-04-25,152.95,153.25,146.6,147.9,99204,EQ,,,
2016-04-26,148.6,150.9,146.6,150.1,113059,EQ,,,
2016-04-27,150.5,151.7,148.6,149.6,90276,EQ,,,
2016-04-28,149.5,150.95,145.1,146.25,99212,EQ,,,
2016-04-29,146.6,148.1,144.7,146.45,83213,EQ,,,
2016-05-02,146.5,147.2,144.4,146.1,83309,EQ,,,
2016-05-03,146.5,152.45,146.2,146.95,260198,EQ,,,
2016-05-04,145.25,147.2,142.55,143.1,91438,EQ,,,
2016-05-05,144.0,148.2,142.65,145.9,142343,EQ,,,
2016-05-06,145.0,145.0,142.2,142.7,113210,EQ,,,
2016-05-09,143.7,146.1,142.7,144.55,202753,EQ,,,
2016-05-10,144.0,144.8,141.9,143.05,82595,EQ,,,
2016-05-11,141.5,142.4,139.65,141.55,134603,EQ,,,
2016-05-12,142.4,143.35,140.5,141.95,73041,EQ,,,
2016-05-13,141.8,142.75,138.2,139.4,100969,EQ,,,
2016-05-16,140.2,140.95,136.6,138.35,95843,EQ,,,
2016-05-17,139.55,141.3,137.1,137.8,146922,EQ,,,
2016-05-18,137.5,138.5,135.85,137.6,94019,EQ,,,
2016-05-19,137.85,138.55,134.95,135.45,73705,EQ,,,
2016-05-20,135.2,136.3,133.0,133.5,101919,EQ,,,
2016-05-23,139.0,140.8,135.5,137.05,156832,EQ,,,
2016-05-24,137.95,137.95,133.15,134.8,66132,EQ,,,
2016-05-25,134.35,135.7,130.95,132.3,106059,EQ,,,
2016-05-26,133.5,134.9,132.0,133.65,68798,EQ,,,
2016-05-27,135.2,137.3,133.5,135.65,136885,EQ,,,
2016-05-30,137.5,138.0,134.4,135.2,98310,EQ,,,
2016-05-31,135.8,136.75,133.05,133.7,77691,EQ,,,
2016-06-01,133.65,137.6,132.55,133.25,113897,EQ,,,
2016-06-02,133.1,134.1,131.95,132.7,73377,EQ,,,
2016-06-03,133.4,136.5,132.35,133.8,119449,EQ,,,
2016-06-06,136.05,139.2,134.1,135.25,366957,EQ,,,
2016-06-07,135.7,138.3,134.1,136.95,157551,EQ,,,
2016-06-08,140.8,160.65,140.8,151.8,3991539,EQ,,,
2016-06-09,153.0,155.9,148.3,151.15,797836,EQ,,,
2016-06-10,151.7,152.5,146.3,147.55,259429,EQ,,,
2016-06-13,145.0,146.0,141.8,143.45,161007,EQ,,,
2016-06-14,141.4,149.6,141.4,145.2,307217,EQ,,,
2016-06-15,146.0,147.9,142.7,143.2,252198,EQ,,,
2016-06-16,142.8,143.4,139.5,140.9,130932,EQ,,,
2016-06-17,145.8,150.8,143.1,145.9,954275,EQ,,,
2016-06-20,145.2,157.7,144.95,153.9,1732609,EQ,,,
2016-06-21,155.0,155.6,150.1,151.0,486286,EQ,,,
2016-06-22,153.0,154.0,148.2,149.45,389008,EQ,,,
2016-06-23,152.0,153.6,149.05,150.5,444710,EQ,,,
2016-06-24,144.8,144.8,131.7,143.5,369813,EQ,,,
2016-06-27,143.5,149.2,143.0,145.85,346832,EQ,,,
2016-06-28,145.85,150.9,145.85,146.7,332387,EQ,,,
2016-06-29,147.75,153.5,147.0,149.9,488103,EQ,,,
2016-06-30,150.9,152.7,148.25,149.4,267484,EQ,,,
2016-07-01,149.4,153.4,149.4,150.45,367451,EQ,,,
2016-07-04,152.4,166.0,151.2,162.55,2310684,EQ,,,
2016-07-05,161.8,161.8,153.6,156.2,618212,EQ,,,
2016-07-07,156.9,159.7,153.25,157.6,611961,EQ,,,
2016-07-08,157.95,157.95,152.7,153.3,219469,EQ,,,
2016-07-11,155.45,156.55,153.7,154.65,206396,EQ,,,
2016-07-12,154.65,155.7,147.0,150.6,650346,EQ,,,
2016-07-13,149.0,150.25,145.6,148.1,396432,EQ,,,
2016-07-14,148.3,150.6,147.05,149.3,235033,EQ,,,
2016-07-15,148.95,149.5,145.5,146.15,194760,EQ,,,
2016-07-18,146.95,153.55,146.15,147.55,391240,EQ,,,
2016-07-19,147.95,149.85,146.3,147.1,203585,EQ,,,
2016-07-20,147.35,149.4,146.6,147.0,141362,EQ,,,
2016-07-21,147.1,149.8,146.1,146.45,132441,EQ,,,
2016-07-22,146.7,152.75,146.1,151.95,408684,EQ,,,
2016-07-25,152.85,154.9,151.2,154.0,286226,EQ,,,
2016-07-26,154.8,155.4,151.5,153.5,247154,EQ,,,
2016-07-27,154.4,157.35,152.4,155.0,303721,EQ,,,
2016-07-28,159.0,161.9,155.0,156.3,392524,EQ,,,
2016-07-29,156.5,156.5,153.25,154.65,119258,EQ,,,
2016-08-01,155.9,156.0,151.05,152.95,101518,EQ,,,
2016-08-02,152.7,154.15,150.2,150.9,79905,EQ,,,
2016-08-03,151.0,151.8,148.1,149.3,98161,EQ,,,
2016-08-04,151.25,151.8,148.9,150.05,98806,EQ,,,
2016-08-05,149.1,153.5,149.1,150.8,115537,EQ,,,
2016-08-08,152.2,152.65,150.5,151.9,74577,EQ,,,
2016-08-09,151.1,152.05,150.2,151.5,56096,EQ,,,
2016-08-10,151.0,152.4,149.0,151.6,90586,EQ,,,
2016-08-11,151.0,151.0,148.0,149.85,68181,EQ,,,
2016-08-12,150.7,152.7,148.5,150.15,74787,EQ,,,
2016-08-16,149.6,150.65,147.25,148.1,74033,EQ,,,
2016-08-17,147.85,149.65,146.35,146.7,87158,EQ,,,
2016-08-18,147.45,149.5,146.6,148.3,68901,EQ,,,
2016-08-19,148.75,156.9,148.0,154.15,282789,EQ,,,
2016-08-22,155.4,157.0,151.4,154.15,149810,EQ,,,
2016-08-23,152.1,157.8,151.7,153.85,214903,EQ,,,
2016-08-24,153.9,158.5,152.5,154.4,195224,EQ,,,
2016-08-25,154.25,156.0,152.5,153.5,135956,EQ,,,
2016-08-26,154.4,156.5,150.75,151.7,218574,EQ,,,
2016-08-29,152.2,154.3,151.2,153.2,103881,EQ,,,
2016-08-30,156.3,159.65,155.0,155.95,309575,EQ,,,
2016-08-31,156.25,159.8,154.3,155.8,276281,EQ,,,
2016-09-01,156.0,157.5,152.35,152.9,93594,EQ,,,
2016-09-02,152.9,154.85,152.2,152.9,63181,EQ,,,
2016-09-06,153.85,154.0,152.0,152.85,59814,EQ,,,
2016-09-07,153.7,156.0,153.1,154.4,91811,EQ,,,
2016-09-08,154.0,160.9,154.0,156.75,418018,EQ,,,
2016-09-09,159.85,161.9,156.75,157.75,389352,EQ,,,
2016-09-12,151.85,158.9,151.7,153.1,171608,EQ,,,
2016-09-14,153.2,155.7,153.1,154.7,78904,EQ,,,
2016-09-15,154.95,156.45,152.8,154.6,60245,EQ,,,
2016-09-16,155.0,157.3,150.0,152.5,157951,EQ,,,
2016-09-19,153.65,155.3,152.55,153.1,80510,EQ,,,
2016-09-20,154.0,154.4,151.8,152.8,73541,EQ,,,
2016-09-21,153.0,159.8,152.1,155.05,178388,EQ,,,
2016-09-22,157.75,159.0,153.45,157.3,256803,EQ,,,
2016-09-23,158.5,174.4,157.0,169.15,2979898,EQ,,,
2016-09-26,168.35,174.5,167.1,168.7,779283,EQ,,,
2016-09-27,168.2,172.65,167.2,168.55,293997,EQ,,,
2016-09-28,169.0,170.1,165.25,166.5,160286,EQ,,,
2016-09-29,167.8,173.6,150.0,155.5,630310,EQ,,,
2016-09-30,155.5,162.35,155.5,159.8,209040,EQ,,,
2016-10-03,160.6,166.55,160.2,164.1,207543,EQ,,,
2016-10-04,164.1,171.0,162.0,166.1,428434,EQ,,,
2016-10-05,165.9,169.45,163.7,165.9,184347,EQ,,,
2016-10-06,166.5,168.75,163.45,164.55,142299,EQ,,,
2016-10-07,165.15,165.85,162.45,163.0,78128,EQ,,,
2016-10-10,164.0,164.4,160.5,161.2,58453,EQ,,,
2016-10-13,161.2,167.0,159.0,161.7,261045,EQ,,,
2016-10-14,165.2,167.5,163.25,166.5,244685,EQ,,,
2016-10-17,169.65,174.7,166.05,170.4,1055290,EQ,,,
2016-10-18,169.9,176.7,168.5,171.6,711225,EQ,,,
2016-10-19,172.55,174.2,169.0,170.15,212623,EQ,,,
2016-10-20,171.0,171.7,166.75,168.25,206539,EQ,,,
2016-10-21,168.25,171.1,165.1,166.6,223641,EQ,,,
2016-10-24,166.6,169.7,165.65,166.1,129697,EQ,,,
2016-10-25,166.55,167.0,162.2,162.9,129293,EQ,,,
2016-10-26,162.6,164.6,161.1,163.15,144213,EQ,,,
2016-10-27,163.3,163.35,159.0,160.75,94859,EQ,,,
2016-10-28,160.85,163.5,160.85,161.55,90467,EQ,,,
2016-10-30,162.6,162.75,161.25,161.85,19277,EQ,,,
2016-11-01,162.55,166.8,161.05,164.7,138692,EQ,,,
2016-11-02,163.0,163.0,158.5,159.6,103219,EQ,,,
2016-11-03,160.6,162.45,157.0,157.3,106379,EQ,,,
2016-11-04,158.95,159.45,149.0,150.65,158334,EQ,,,
2016-11-07,153.7,156.7,151.6,154.1,98538,EQ,,,
2016-11-08,155.8,156.45,152.0,153.2,72959,EQ,,,
2016-11-09,144.0,147.8,127.95,146.45,112079,EQ,,,
2016-11-10,150.0,156.75,150.0,154.95,165537,EQ,,,
2016-11-11,152.6,154.0,146.65,147.3,85598,EQ,,,
2016-11-15,145.95,148.6,140.0,140.4,104265,EQ,,,
2016-11-16,143.85,145.2,140.05,140.9,92947,EQ,,,
2016-11-17,141.4,142.8,138.5,139.3,44907,EQ,,,
2016-11-18,140.8,141.1,136.0,139.8,120841,EQ,,,
2016-11-21,140.8,143.9,131.1,133.05,79547,EQ,,,
2016-11-22,135.8,142.0,133.15,137.8,101659,EQ,,,
2016-11-23,141.1,142.2,138.0,140.25,65309,EQ,,,
2016-11-24,141.0,143.5,139.3,141.2,84843,EQ,,,
2016-11-25,142.9,144.85,140.65,142.45,75014,EQ,,,
2016-11-28,141.25,144.2,140.45,141.35,53970,EQ,,,
2016-11-29,142.0,149.7,142.0,145.65,208693,EQ,,,
2016-11-30,146.1,151.7,146.1,148.9,97924,EQ,,,
2016-12-01,149.65,150.6,145.0,145.7,46881,EQ,,,
2016-12-02,143.9,145.35,142.5,143.1,35416,EQ,,,
2016-12-05,143.35,145.8,142.25,143.2,38471,EQ,,,
2016-12-06,143.8,147.5,142.9,145.1,75963,EQ,,,
2016-12-07,145.1,148.0,143.8,144.35,38033,EQ,,,
2016-12-08,144.8,147.65,144.1,144.85,64280,EQ,,,
2016-12-09,145.85,156.9,145.85,152.4,416651,EQ,,,
2016-12-12,151.35,154.65,147.7,149.35,170152,EQ,,,
2016-12-13,149.3,152.0,148.3,148.8,57556,EQ,,,
2016-12-14,150.0,151.6,146.0,146.85,58929,EQ,,,
2016-12-15,144.0,151.6,144.0,149.75,117279,EQ,,,
2016-12-16,149.55,152.7,147.0,147.55,69381,EQ,,,
2016-12-19,149.4,165.3,149.4,153.65,582750,EQ,,,
2016-12-20,155.0,155.9,148.1,149.45,158486,EQ,,,
2016-12-21,150.9,153.9,148.5,150.7,120090,EQ,,,
2016-12-22,150.95,150.95,146.75,147.4,74788,EQ,,,
2016-12-23,148.15,153.5,146.1,146.75,102060,EQ,,,
2016-12-26,147.8,149.75,142.1,142.95,93695,EQ,,,
2016-12-27,143.45,144.95,139.55,142.8,118193,EQ,,,
2016-12-28,144.1,145.55,142.0,142.65,68139,EQ,,,
2016-12-29,142.9,147.3,142.55,145.2,84093,EQ,,,
2016-12-30,145.2,147.65,144.5,144.9,64014,EQ,,,
2017-01-02,144.7,147.5,144.55,145.9,52051,EQ,,,
2017-01-03,146.9,151.35,145.25,148.55,120212,EQ,,,
2017-01-04,148.5,151.8,148.5,149.35,94219,EQ,,,
2017-01-05,150.6,152.95,150.05,151.45,68936,EQ,,,
2017-01-06,152.45,152.7,149.2,149.6,61567,EQ,,,
2017-01-09,149.8,159.35,149.6,157.8,410082,EQ,,,
2017-01-10,161.0,169.65,161.0,163.35,718234,EQ,,,
2017-01-11,164.3,164.3,158.25,158.65,207838,EQ,,,
2017-01-12,159.4,160.75,156.5,157.4,140775,EQ,,,
2017-01-13,158.0,159.7,156.0,156.4,144093,EQ,,,
2017-01-16,156.8,157.2,154.0,155.25,133985,EQ,,,
2017-01-17,156.45,158.35,155.25,155.75,110811,EQ,,,
2017-01-18,156.8,161.95,155.95,158.25,203594,EQ,,,
2017-01-19,157.2,159.5,156.1,157.3,101644,EQ,,,
2017-01-20,157.2,161.4,155.3,156.45,187357,EQ,,,
2017-01-23,157.2,161.4,157.1,159.9,149471,EQ,,,
2017-01-24,159.7,163.15,157.9,158.65,166065,EQ,,,
2017-01-25,159.75,159.75,157.1,157.6,68049,EQ,,,
2017-01-27,157.95,162.8,157.4,158.45,201217,EQ,,,
2017-01-30,158.2,162.9,158.15,159.45,243836,EQ,,,
2017-01-31,157.05,158.0,152.7,153.15,189483,EQ,,,
2017-02-01,154.2,156.85,150.65,153.95,155793,EQ,,,
2017-02-02,153.65,154.45,151.1,152.45,94651,EQ,,,
2017-02-03,152.95,156.55,152.55,153.35,119332,EQ,,,
2017-02-06,154.15,155.35,147.2,152.6,125207,EQ,,,
2017-02-07,153.2,153.5,148.7,149.5,84889,EQ,,,
2017-02-08,150.0,150.8,149.0,149.5,83447,EQ,,,
2017-02-09,149.85,151.4,146.8,148.05,108818,EQ,,,
2017-02-10,149.2,149.5,147.4,147.8,52582,EQ,,,
2017-02-13,148.45,148.7,141.6,142.4,129213,EQ,,,
2017-02-14,143.5,145.9,143.4,144.55,104855,EQ,,,
2017-02-15,147.3,148.65,142.5,143.45,105579,EQ,,,
2017-02-16,143.55,144.1,141.4,143.25,68968,EQ,,,
2017-02-17,144.0,144.8,142.85,143.75,72083,EQ,,,
2017-02-20,144.35,146.15,143.1,144.6,60974,EQ,,,
2017-02-21,145.3,153.05,144.7,149.75,261363,EQ,,,
2017-02-22,150.6,153.5,148.4,149.25,315447,EQ,,,
2017-02-23,149.3,150.5,147.1,148.25,56064,EQ,,,
2017-02-27,147.05,153.0,147.05,148.2,100597,EQ,,,
2017-02-28,148.4,151.6,147.5,147.75,103689,EQ,,,
2017-03-01,148.85,149.75,147.2,147.5,54017,EQ,,,
2017-03-02,148.4,150.9,144.85,145.3,87081,EQ,,,
2017-03-03,145.0,147.0,144.0,145.45,48086,EQ,,,
2017-03-06,146.3,148.5,144.0,145.8,157640,EQ,,,
2017-03-07,146.4,146.4,144.6,144.9,35271,EQ,,,
2017-03-08,145.2,145.3,141.5,142.35,77343,EQ,,,
2017-03-09,142.0,143.35,141.2,142.05,36683,EQ,,,
2017-03-10,143.25,143.65,141.1,141.65,31038,EQ,,,
2017-03-14,144.9,144.9,142.5,143.0,48162,EQ,,,
2017-03-15,143.4,143.9,135.25,137.2,245227,EQ,,,
2017-03-16,137.95,142.3,137.95,141.4,143732,EQ,,,
2017-03-17,142.0,142.8,138.5,139.05,81483,EQ,,,
2017-03-20,139.2,150.45,137.7,146.0,442233,EQ,,,
2017-03-21,146.95,147.0,142.55,143.35,67439,EQ,,,
2017-03-22,141.95,143.2,141.1,141.65,56371,EQ,,,
2017-03-23,142.2,145.9,142.2,143.55,69920,EQ,,,
2017-03-24,143.55,146.65,142.5,142.8,64552,EQ,,,
2017-03-27,143.0,144.85,141.55,141.95,41161,EQ,,,
2017-03-28,142.95,144.45,141.3,141.7,58962,EQ,,,
2017-03-29,142.4,142.75,140.1,140.5,59249,EQ,,,
2017-03-30,140.7,142.5,140.7,141.7,51535,EQ,,,
2017-03-31,142.35,143.75,141.7,142.3,73799,EQ,,,
2017-04-03,143.7,148.4,143.55,145.3,129753,EQ,,,
2017-04-05,145.9,152.0,145.9,148.75,284716,EQ,,,
2017-04-06,148.7,156.8,145.5,153.8,441054,EQ,,,
2017-04-07,155.0,159.9,151.45,152.75,501550,EQ,,,
2017-04-10,152.2,153.95,150.15,151.45,64223,EQ,,,
2017-04-11,152.0,153.4,150.25,150.75,95550,EQ,,,
2017-04-12,151.75,152.85,147.75,149.2,85468,EQ,,,
2017-04-13,149.85,151.9,147.55,148.35,74781,EQ,,,
2017-04-17,148.25,155.0,147.25,150.9,192888,EQ,,,
2017-04-18,152.05,153.45,148.1,148.65,101463,EQ,,,
2017-04-19,149.4,150.15,146.7,147.4,52869,EQ,,,
2017-04-20,148.7,154.6,148.05,151.1,225101,EQ,,,
2017-04-21,151.85,155.8,151.1,152.35,257057,EQ,,,
2017-04-24,152.15,153.5,151.25,152.05,87780,EQ,,,
2017-04-25,152.85,154.7,151.1,151.9,114408,EQ,,,
2017-04-26,151.55,152.85,148.3,149.05,111861,EQ,,,
2017-04-27,150.1,150.75,148.0,148.45,64144,EQ,,,
2017-04-28,148.9,151.35,146.3,149.75,162292,EQ,,,
2017-05-02,149.1,151.4,147.0,147.7,91098,EQ,,,
2017-05-03,148.45,148.85,146.3,146.7,53594,EQ,,,
2017-05-04,147.6,149.5,146.5,147.0,65801,EQ,,,
2017-05-05,147.35,150.3,144.05,148.15,98566,EQ,,,
2017-05-08,157.8,169.3,156.25,161.55,2066306,EQ,,,
2017-05-09,161.7,176.8,161.25,174.0,1742039,EQ,,,
2017-05-10,173.8,178.7,168.3,175.45,1323603,EQ,,,
2017-05-11,176.0,180.65,170.5,171.3,956013,EQ,,,
2017-05-12,170.1,180.5,167.6,177.6,1143224,EQ,,,
2017-05-15,175.5,184.7,174.25,181.2,757340,EQ,,,
2017-05-16,177.55,181.5,175.5,175.9,246908,EQ,,,
2017-05-17,176.4,183.8,172.0,180.1,433420,EQ,,,
2017-05-18,175.2,181.35,173.85,175.55,436655,EQ,,,
2017-05-19,176.0,180.75,172.4,174.55,310600,EQ,,,
2017-05-22,181.1,191.9,181.1,184.05,2040971,EQ,,,
2017-05-23,184.9,185.4,174.0,175.55,395164,EQ,,,
2017-05-24,175.55,182.7,172.05,173.3,268383,EQ,,,
2017-05-25,175.2,178.0,174.1,175.2,220379,EQ,,,
2017-05-26,174.05,181.45,174.0,175.75,267996,EQ,,,
2017-05-29,174.1,176.4,167.4,168.55,165705,EQ,,,
2017-05-30,168.55,173.45,167.1,170.5,164247,EQ,,,
2017-05-31,171.5,177.4,170.3,171.85,173059,EQ,,,
2017-06-01,173.15,176.0,171.1,171.6,112548,EQ,,,
2017-06-02,172.9,175.5,170.25,171.4,120324,EQ,,,
2017-06-05,171.5,177.0,171.1,174.4,212031,EQ,,,
2017-06-06,175.4,176.1,170.25,170.75,90364,EQ,,,
2017-06-07,172.0,176.9,171.55,175.45,126997,EQ,,,
2017-06-08,176.0,176.65,172.5,172.75,64781,EQ,,,
2017-06-09,172.1,182.0,171.2,174.95,349987,EQ,,,
2017-06-12,174.45,175.7,172.0,172.4,82611,EQ,,,
2017-06-13,173.45,177.3,173.0,173.65,133546,EQ,,,
2017-06-14,174.0,176.4,172.05,173.1,120850,EQ,,,
2017-06-15,172.05,176.0,172.05,172.7,96705,EQ,,,
2017-06-16,172.7,176.4,172.7,173.4,114325,EQ,,,
2017-06-19,174.0,175.0,170.15,170.45,84537,EQ,,,
2017-06-20,174.4,176.7,172.5,173.6,262056,EQ,,,
2017-06-21,173.7,175.8,171.7,172.5,117489,EQ,,,
2017-06-22,173.75,176.25,170.25,171.25,202733,EQ,,,
2017-06-23,172.5,174.0,165.95,166.85,160173,EQ,,,
2017-06-27,169.8,170.3,158.5,159.75,215749,EQ,,,
2017-06-28,158.65,160.25,156.0,156.3,131513,EQ,,,
2017-06-29,157.5,158.5,154.35,155.5,120214,EQ,,,
2017-06-30,154.55,167.0,152.65,165.9,523178,EQ,,,
2017-07-03,168.0,170.2,163.2,164.75,635338,EQ,,,
2017-07-04,165.5,168.4,164.0,164.85,168117,EQ,,,
2017-07-05,165.3,168.7,164.65,165.9,169368,EQ,,,
2017-07-06,166.2,168.4,162.1,162.8,128441,EQ,,,
2017-07-07,163.75,167.9,161.0,162.95,204092,EQ,,,
2017-07-10,163.0,167.3,161.5,162.95,20194,EQ,,,
2017-07-11,163.55,165.5,159.1,159.6,155134,EQ,,,
2017-07-12,160.4,161.9,157.3,157.7,128617,EQ,,,
2017-07-13,158.95,160.45,156.75,157.85,110958,EQ,,,
2017-07-14,158.6,159.5,156.1,156.7,73543,EQ,,,
2017-07-17,159.15,160.6,157.0,157.9,139294,EQ,,,
2017-07-18,156.95,158.3,154.5,155.0,117205,EQ,,,
2017-07-19,156.1,157.15,153.35,154.25,135049,EQ,,,
2017-07-20,155.0,157.7,154.95,156.45,143722,EQ,,,
2017-07-21,157.0,158.15,155.0,155.85,121827,EQ,,,
2017-07-24,156.65,157.3,152.7,153.05,163392,EQ,,,
2017-07-25,153.75,157.3,152.2,154.2,234846,EQ,,,
2017-07-26,155.2,158.5,153.6,153.85,178681,EQ,,,
2017-07-27,154.85,155.7,151.0,151.6,276467,EQ,,,
2017-07-28,150.8,153.5,150.0,151.2,129694,EQ,,,
2017-07-31,152.1,153.45,151.1,151.95,87979,EQ,,,
2017-08-01,152.65,153.45,148.6,150.0,120172,EQ,,,
2017-08-02,150.85,152.5,149.05,149.65,91866,EQ,,,
2017-08-03,149.65,150.7,147.5,147.95,67747,EQ,,,
2017-08-04,148.4,148.45,146.0,146.45,66637,EQ,,,
2017-08-07,147.05,148.8,146.9,147.35,41133,EQ,,,
2017-08-08,147.85,152.75,145.75,148.25,126232,EQ,,,
2017-08-09,147.85,147.85,145.1,145.9,72486,EQ,,,
2017-08-10,144.25,145.0,135.45,136.8,120276,EQ,,,
2017-08-11,136.95,140.5,134.75,136.75,85100,EQ,,,
2017-08-14,138.8,139.6,136.9,137.8,57253,EQ,,,
2017-08-16,138.0,138.55,137.2,137.55,95790,EQ,,,
2017-08-17,138.4,138.4,135.6,136.05,113749,EQ,,,
2017-08-18,138.05,143.8,137.55,140.3,332463,EQ,,,
2017-08-21,140.3,142.2,137.8,138.0,95305,EQ,,,
2017-08-22,139.1,139.25,134.7,135.15,71745,EQ,,,
2017-08-23,136.25,137.5,135.5,136.95,84236,EQ,,,
2017-08-24,137.05,137.9,135.0,135.8,55899,EQ,,,
2017-08-28,136.8,140.4,136.4,136.95,84155,EQ,,,
2017-08-29,137.0,142.5,136.4,137.55,172640,EQ,,,
2017-08-30,138.5,142.4,138.5,141.05,102084,EQ,,,
2017-08-31,148.0,148.5,143.4,145.25,372436,EQ,,,
2017-09-01,145.5,147.65,144.4,146.15,89879,EQ,,,
2017-09-04,145.0,146.65,142.6,143.4,49756,EQ,,,
2017-09-05,144.7,151.25,142.75,150.05,260379,EQ,,,
2017-09-06,148.7,160.8,147.0,156.0,744517,EQ,,,
2017-09-07,156.9,162.0,155.5,156.45,295984,EQ,,,
2017-09-08,155.5,159.25,152.25,154.1,223852,EQ,,,
2017-09-11,155.5,157.9,153.8,154.45,200088,EQ,,,
2017-09-12,155.35,157.7,154.2,154.5,144437,EQ,,,
2017-09-13,153.2,155.7,147.65,149.2,190777,EQ,,,
2017-09-14,151.0,157.75,150.15,155.75,461103,EQ,,,
2017-09-15,154.45,169.4,153.2,162.85,1281260,EQ,,,
2017-09-18,164.0,177.55,162.15,173.25,1236367,EQ,,,
2017-09-19,174.7,207.9,170.35,203.15,4994683,EQ,,,
2017-09-20,209.7,240.5,205.0,231.5,9136057,EQ,,,
2017-09-21,233.9,238.5,212.35,221.9,2628698,EQ,,,
2017-09-22,220.0,220.0,199.75,200.7,1512403,EQ,,,
2017-09-25,199.0,204.0,182.25,189.8,1288119,EQ,,,
2017-09-26,190.3,202.9,190.3,197.5,1605266,EQ,,,
2017-09-27,199.45,209.25,188.75,191.6,1180757,EQ,,,
2017-09-28,192.95,198.5,190.5,193.9,447989,EQ,,,
2017-09-29,194.9,204.6,193.7,196.8,1121335,EQ,,,
2017-10-03,200.0,202.8,195.55,196.95,484937,EQ,,,
2017-10-04,198.15,201.0,194.0,195.8,381351,EQ,,,
2017-10-05,196.1,215.35,196.1,211.7,3379432,EQ,,,
2017-10-06,213.5,216.35,205.85,207.1,978255,EQ,,,
2017-10-09,208.8,235.7,208.25,220.45,3084546,EQ,,,
2017-10-10,221.95,232.9,221.95,224.45,1058229,EQ,,,
2017-10-11,225.5,232.4,210.1,215.25,1026861,EQ,,,
2017-10-12,217.3,226.9,213.0,224.6,917287,EQ,,,
2017-10-13,224.0,226.85,218.0,219.0,584450,EQ,,,
2017-10-16,220.9,222.0,212.7,216.15,495673,EQ,,,
2017-10-17,216.8,219.8,213.0,214.9,531475,EQ,,,
2017-10-18,214.95,218.0,211.0,212.05,570667,EQ,,,
2017-10-19,213.0,213.9,204.2,207.9,148173,EQ,,,
2017-10-23,213.5,216.55,210.55,211.95,463794,EQ,,,
2017-10-24,213.9,221.45,210.5,218.35,684977,EQ,,,
2017-10-25,220.1,230.6,216.5,223.05,1146384,EQ,,,
2017-10-26,223.7,235.9,220.2,231.05,1283272,EQ,,,
2017-10-27,231.05,244.4,231.0,234.45,1645661,EQ,,,
2017-10-30,238.0,240.0,233.15,237.65,631203,EQ,,,
2017-10-31,238.0,246.7,232.2,241.0,1088049,EQ,,,
2017-11-01,241.5,248.4,236.55,239.0,901621,EQ,,,
2017-11-02,239.75,241.7,230.8,233.95,686757,EQ,,,
2017-11-03,235.6,235.8,222.1,224.05,695449,EQ,,,
2017-11-06,224.0,228.7,220.0,223.45,336803,EQ,,,
2017-11-07,223.1,225.4,212.5,213.6,404721,EQ,,,
2017-11-08,214.9,219.75,210.7,212.55,340826,EQ,,,
2017-11-09,214.45,217.5,209.65,214.0,245548,EQ,,,
2017-11-10,214.0,217.55,209.0,212.9,293412,EQ,,,
2017-11-13,213.0,214.5,208.0,208.85,205991,EQ,,,
2017-11-14,209.9,209.9,202.6,204.05,299982,EQ,,,
2017-11-15,203.85,214.6,200.65,205.05,514035,EQ,,,
2017-11-16,206.9,212.0,206.2,209.45,258250,EQ,,,
2017-11-17,210.95,216.5,207.25,208.05,354027,EQ,,,
2017-11-20,208.15,240.15,208.0,237.55,2803377,EQ,,,
2017-11-21,237.0,237.0,218.8,225.1,1010649,EQ,,,
2017-11-22,225.95,239.6,218.7,235.8,2711595,EQ,,,
2017-11-23,234.4,240.8,230.2,232.6,1560072,EQ,,,
2017-11-24,234.65,259.95,232.9,254.5,5621017,EQ,,,
2017-11-27,251.7,266.75,248.3,258.85,3544350,EQ,,,
2017-11-28,257.8,272.7,250.9,253.2,3160494,EQ,,,
2017-11-29,250.8,253.5,240.5,242.7,1325859,EQ,,,
2017-11-30,241.0,249.65,235.0,243.75,1066610,EQ,,,
2017-12-01,245.45,250.7,235.1,237.0,556840,EQ,,,
2017-12-04,236.0,240.75,225.6,227.2,513516,EQ,,,
2017-12-05,227.0,231.45,220.0,226.05,747408,EQ,,,
2017-12-06,225.35,232.0,221.1,222.45,533249,EQ,,,
2017-12-07,224.25,231.75,224.1,226.95,464735,EQ,,,
2017-12-08,227.95,231.9,225.1,225.8,407772,EQ,,,
2017-12-11,227.85,230.9,224.55,225.55,318347,EQ,,,
2017-12-12,226.6,237.9,225.25,230.9,932559,EQ,,,
2017-12-13,231.95,234.65,223.55,225.3,371960,EQ,,,
2017-12-14,227.4,229.55,221.0,223.5,298606,EQ,,,
2017-12-15,226.0,228.1,223.2,224.1,180390,EQ,,,
2017-12-18,223.95,226.95,206.0,222.95,277180,EQ,,,
2017-12-19,224.85,232.9,224.85,229.6,526601,EQ,,,
2017-12-20,230.8,234.45,228.3,232.1,508427,EQ,,,
2017-12-21,231.5,234.5,230.25,231.75,264459,EQ,,,
2017-12-22,232.4,234.45,226.65,227.95,236349,EQ,,,
2017-12-26,228.45,238.8,228.0,234.15,636371,EQ,,,
2017-12-27,235.6,238.55,228.4,230.2,384029,EQ,,,
2017-12-28,231.4,231.7,226.6,227.8,234991,EQ,,,
2017-12-29,229.25,230.4,224.25,224.95,210198,EQ,,,
2018-01-01,227.85,258.4,226.9,249.95,3971457,EQ,,,
2018-01-02,252.0,256.3,241.35,247.7,2083621,EQ,,,
2018-01-03,247.8,255.0,243.25,252.3,927280,EQ,,,
2018-01-04,254.8,262.25,249.25,252.35,1409755,EQ,,,
2018-01-05,253.8,259.9,251.05,253.15,806125,EQ,,,
2018-01-08,252.4,259.5,250.0,254.75,684122,EQ,,,
2018-01-09,255.8,256.0,246.2,248.35,394234,EQ,,,
2018-01-10,249.7,253.4,245.55,247.85,325154,EQ,,,
2018-01-11,258.4,267.45,251.5,254.8,1359239,EQ,,,
2018-01-12,254.1,255.9,246.0,248.75,359077,EQ,,,
2018-01-15,250.0,254.3,245.45,248.15,367313,EQ,,,
2018-01-16,249.15,249.65,236.0,236.85,372431,EQ,,,
2018-01-17,235.0,236.7,227.5,231.65,266255,EQ,,,
2018-01-18,233.95,235.7,220.3,223.25,307018,EQ,,,
2018-01-19,224.35,224.35,217.6,219.85,395621,EQ,,,
2018-01-22,220.0,226.7,218.95,222.05,298721,EQ,,,
2018-01-23,223.55,224.45,219.05,220.05,241582,EQ,,,
2018-01-24,220.05,220.8,213.25,215.35,280444,EQ,,,
2018-01-25,216.0,223.8,213.55,220.25,288504,EQ,,,
2018-01-29,218.6,222.65,213.1,214.5,218654,EQ,,,
2018-01-30,214.0,214.8,207.35,208.2,203459,EQ,,,
2018-01-31,207.5,222.55,206.65,211.95,402905,EQ,,,
2018-02-01,213.4,216.0,205.0,209.15,289338,EQ,,,
2018-02-02,206.0,206.0,187.05,189.35,396847,EQ,,,
2018-02-05,183.65,186.65,176.0,184.25,362091,EQ,,,
2018-02-06,174.65,178.15,167.55,173.2,317813,EQ,,,
2018-02-07,176.4,183.2,174.5,180.0,337649,EQ,,,
2018-02-08,180.85,189.5,179.25,185.55,460036,EQ,,,
2018-02-09,180.0,189.25,178.15,186.9,331410,EQ,,,
2018-02-12,194.0,212.4,189.1,205.8,1314779,EQ,,,
2018-02-14,208.0,213.2,205.5,207.15,570997,EQ,,,
2018-02-15,209.5,211.55,195.2,197.7,368378,EQ,,,
2018-02-16,199.8,201.25,189.0,191.5,210227,EQ,,,
2018-02-19,193.2,193.6,186.0,188.45,229744,EQ,,,
2018-02-20,188.4,192.0,186.3,188.1,231366,EQ,,,
2018-02-21,189.4,190.95,185.35,186.45,154776,EQ,,,
2018-02-22,185.7,188.5,182.8,184.2,206391,EQ,,,
2018-02-23,186.0,190.95,185.0,188.4,260822,EQ,,,
2018-02-26,190.2,192.7,187.55,188.8,262835,EQ,,,
2018-02-27,189.7,190.7,185.05,185.7,164102,EQ,,,
2018-02-28,183.95,184.6,181.15,181.85,153293,EQ,,,
2018-03-01,181.0,185.5,180.5,181.25,148147,EQ,,,
2018-03-05,179.75,180.2,173.5,174.85,135130,EQ,,,
2018-03-06,176.4,179.15,171.8,174.15,246367,EQ,,,
2018-03-07,172.4,172.4,161.7,162.5,265226,EQ,,,
2018-03-08,163.7,165.45,154.25,160.65,214494,EQ,,,
2018-03-09,162.2,164.35,158.45,159.2,152013,EQ,,,
2018-03-12,161.0,162.75,156.2,159.5,134910,EQ,,,
2018-03-13,159.85,166.0,159.0,162.9,259621,EQ,,,
2018-03-14,160.85,174.9,160.3,170.85,416934,EQ,,,
2018-03-15,171.8,196.0,170.55,187.9,2444670,EQ,,,
2018-03-16,189.0,192.0,178.55,181.65,626366,EQ,,,
2018-03-19,182.0,188.0,175.9,177.45,492050,EQ,,,
2018-03-20,175.0,179.9,171.3,172.85,281190,EQ,,,
2018-03-21,173.85,178.2,171.6,172.5,199482,EQ,,,
2018-03-22,172.95,174.7,167.0,167.55,300022,EQ,,,
2018-03-23,161.25,163.4,157.65,158.45,180229,EQ,,,
2018-03-26,159.4,163.75,157.2,161.4,232912,EQ,,,
2018-03-27,162.5,167.25,162.1,163.45,182121,EQ,,,
2018-03-28,167.9,178.65,167.9,171.15,1512183,EQ,,,
2018-04-02,171.0,184.0,171.0,182.55,853418,EQ,,,
2018-04-03,178.85,184.3,178.3,180.95,595019,EQ,,,
2018-04-04,182.25,184.3,173.5,175.5,371667,EQ,,,
2018-04-05,178.45,182.45,176.5,180.95,266954,EQ,,,
2018-04-06,181.3,188.4,180.1,183.8,698309,EQ,,,
2018-04-09,186.45,189.0,184.05,186.2,442072,EQ,,,
2018-04-10,187.55,187.7,181.5,183.25,193161,EQ,,,
2018-04-11,183.9,184.45,179.3,181.2,236172,EQ,,,
2018-04-12,181.25,182.4,176.55,178.45,161841,EQ,,,
2018-04-13,179.0,183.0,176.45,179.95,232893,EQ,,,
2018-04-16,176.05,190.5,175.5,188.8,717807,EQ,,,
2018-04-17,189.0,189.2,181.1,185.1,447379,EQ,,,
2018-04-18,186.0,187.25,181.5,182.15,272876,EQ,,,
2018-04-19,183.0,186.25,181.4,183.7,168551,EQ,,,
2018-04-20,183.0,183.5,179.2,181.05,134522,EQ,,,
2018-04-23,180.0,184.3,180.0,181.0,176727,EQ,,,
2018-04-24,181.5,184.45,178.8,182.4,470593,EQ,,,
2018-04-25,181.1,181.8,175.1,175.8,302953,EQ,,,
2018-04-26,176.8,176.8,172.0,173.8,174848,EQ,,,
2018-04-27,174.6,175.8,171.35,172.65,132254,EQ,,,
2018-04-30,173.0,176.25,171.6,173.2,160133,EQ,,,
2018-05-02,173.35,176.5,167.05,169.2,218065,EQ,,,
2018-05-03,169.4,169.4,158.5,163.2,182726,EQ,,,
2018-05-04,162.05,163.35,156.25,160.6,173348,EQ,,,
2018-05-07,161.0,168.6,160.65,167.35,244729,EQ,,,
2018-05-08,167.65,169.0,163.2,164.2,156967,EQ,,,
2018-05-09,163.5,166.5,162.5,163.4,103430,EQ,,,
2018-05-10,164.05,164.5,158.75,160.4,114295,EQ,,,
2018-05-11,161.0,161.4,158.05,159.1,80936,EQ,,,
2018-05-14,159.25,159.5,152.6,153.15,109732,EQ,,,
2018-05-15,154.85,158.4,151.1,154.45,163772,EQ,,,
2018-05-16,153.0,157.0,151.0,153.05,140617,EQ,,,
2018-05-17,153.4,157.4,152.45,154.0,188092,EQ,,,
2018-05-18,154.55,154.55,149.15,149.95,102755,EQ,,,
2018-05-21,150.0,150.3,144.75,146.3,109105,EQ,,,
2018-05-22,146.5,148.0,144.0,145.4,74485,EQ,,,
2018-05-23,145.35,148.85,143.1,143.9,120396,EQ,,,
2018-05-24,144.2,145.65,140.25,141.2,84452,EQ,,,
2018-05-25,141.55,148.3,141.05,146.65,172845,EQ,,,
2018-05-28,147.5,154.95,147.5,151.95,190104,EQ,,,
2018-05-29,154.95,159.9,152.05,153.9,585603,EQ,,,
2018-05-30,151.0,154.9,151.0,152.25,159700,EQ,,,
2018-05-31,152.65,153.8,146.25,146.95,116009,EQ,,,
2018-06-01,147.05,147.5,141.35,142.6,108761,EQ,,,
2018-06-04,143.8,144.6,136.5,137.45,95621,EQ,,,
2018-06-05,135.1,136.95,130.25,132.5,114983,EQ,,,
2018-06-06,132.0,136.7,129.0,135.25,126159,EQ,,,
2018-06-07,136.9,139.4,136.1,137.75,121519,EQ,,,
2018-06-08,136.5,138.5,134.4,137.5,169224,EQ,,,
2018-06-11,138.95,162.8,136.45,158.2,2051496,EQ,,,
2018-06-12,156.0,160.4,152.0,154.35,969361,EQ,,,
2018-06-13,153.0,168.35,151.15,157.0,1655096,EQ,,,
2018-06-14,156.0,160.7,154.0,155.8,397530,EQ,,,
2018-06-15,155.0,158.9,151.65,153.95,252257,EQ,,,
2018-06-18,153.9,154.8,149.1,150.0,118633,EQ,,,
2018-06-19,149.5,153.9,147.7,149.15,239144,EQ,,,
2018-06-20,150.0,161.4,146.25,157.15,1548832,EQ,,,
2018-06-21,156.6,160.0,153.75,155.1,666339,EQ,,,
2018-06-22,154.7,157.7,150.6,154.15,342965,EQ,,,
2018-06-25,154.25,155.4,150.05,150.9,196171,EQ,,,
2018-06-26,150.1,151.0,145.25,145.95,189656,EQ,,,
2018-06-27,145.0,151.35,141.05,143.05,443139,EQ,,,
2018-06-28,143.0,144.55,138.5,140.4,187603,EQ,,,
2018-06-29,140.5,148.45,140.1,144.0,432553,EQ,,,
2018-07-02,144.05,145.0,139.0,141.25,168655,EQ,,,
2018-07-03,140.75,145.0,138.95,141.65,213967,EQ,,,
2018-07-04,142.1,144.8,141.05,143.05,210738,EQ,,,
2018-07-05,143.0,145.95,141.55,142.1,241587,EQ,,,
2018-07-06,142.1,145.25,141.1,141.95,245047,EQ,,,
2018-07-09,143.3,149.6,143.1,145.85,604804,EQ,,,
2018-07-10,146.8,148.4,144.35,145.55,230699,EQ,,,
2018-07-11,145.4,146.45,142.3,143.0,168458,EQ,,,
2018-07-12,143.6,146.8,141.4,142.8,336464,EQ,,,
2018-07-13,143.65,143.8,138.4,139.75,134642,EQ,,,
2018-07-16,140.65,140.65,133.5,134.65,118235,EQ,,,
2018-07-17,134.7,138.8,133.75,136.15,194241,EQ,,,
2018-07-18,137.3,137.9,130.4,132.7,213216,EQ,,,
2018-07-19,132.8,133.45,125.1,126.65,187237,EQ,,,
2018-07-20,126.7,128.4,123.4,124.15,232030,EQ,,,
2018-07-23,124.2,126.7,121.45,125.25,145583,EQ,,,
2018-07-24,126.25,134.0,125.5,130.65,322831,EQ,,,
2018-07-25,132.65,136.2,131.0,131.8,293923,EQ,,,
2018-07-26,132.6,133.5,130.8,132.7,162949,EQ,,,
2018-07-27,133.25,137.2,132.65,135.15,248077,EQ,,,
2018-07-30,135.05,139.8,134.35,138.05,234136,EQ,,,
2018-07-31,142.1,148.75,142.1,145.25,1087143,EQ,,,
2018-08-01,146.1,147.7,141.1,143.05,290752,EQ,,,
2018-08-02,142.1,143.8,138.25,140.5,191059,EQ,,,
2018-08-03,141.0,145.85,141.0,143.5,239968,EQ,,,
2018-08-06,144.7,145.9,141.6,143.25,169275,EQ,,,
2018-08-07,142.55,143.85,139.0,140.9,140886,EQ,,,
2018-08-08,141.9,142.5,139.05,140.4,142149,EQ,,,
2018-08-09,139.5,145.55,139.5,143.1,382013,EQ,,,
2018-08-10,143.0,144.75,140.25,141.15,170807,EQ,,,
2018-08-13,140.8,140.8,137.1,138.35,118456,EQ,,,
2018-08-14,139.25,140.35,136.75,137.4,124139,EQ,,,
2018-08-16,136.0,136.95,133.6,135.2,177390,EQ,,,
2018-08-17,137.95,137.95,135.05,136.2,145816,EQ,,,
2018-08-20,136.95,139.5,136.35,137.55,180686,EQ,,,
2018-08-21,137.5,138.7,135.35,136.15,125809,EQ,,,
2018-08-23,136.85,136.95,133.15,135.2,139244,EQ,,,
2018-08-24,134.55,136.35,132.1,134.1,117246,EQ,,,
2018-08-27,135.25,144.25,134.0,140.8,446831,EQ,,,
2018-08-28,141.0,144.4,138.7,140.45,414618,EQ,,,
2018-08-29,140.0,143.45,139.0,140.0,215004,EQ,,,
2018-08-30,141.05,144.45,138.9,141.0,365787,EQ,,,
2018-08-31,141.6,150.9,139.5,145.5,1290226,EQ,,,
2018-09-03,146.4,148.5,143.15,143.9,411032,EQ,,,
2018-09-04,144.45,144.6,136.4,138.05,190306,EQ,,,
2018-09-05,138.05,138.4,132.7,135.3,166011,EQ,,,
2018-09-06,136.4,138.9,135.6,137.65,185842,EQ,,,
2018-09-07,137.0,139.9,136.5,137.95,182875,EQ,,,
2018-09-10,137.1,138.45,134.5,135.15,156180,EQ,,,
2018-09-11,135.55,137.7,132.5,133.25,215491,EQ,,,
2018-09-12,134.7,134.7,128.7,131.6,166781,EQ,,,
2018-09-14,133.2,136.9,132.05,133.55,203365,EQ,,,
2018-09-17,132.9,136.5,131.2,133.35,133600,EQ,,,
2018-09-18,133.9,134.4,130.0,130.85,128446,EQ,,,
2018-09-19,131.85,133.5,126.65,128.7,149112,EQ,,,
2018-09-21,129.7,131.8,112.05,122.3,195956,EQ,,,
2018-09-24,123.8,124.85,114.35,115.1,161800,EQ,,,
2018-09-25,115.9,115.9,109.4,112.55,197990,EQ,,,
2018-09-26,114.0,114.5,109.4,110.45,198201,EQ,,,
2018-09-27,110.9,112.8,106.0,107.45,140303,EQ,,,
2018-09-28,108.75,109.55,96.75,99.7,186219,EQ,,,
2018-10-01,100.85,101.0,93.15,98.05,181381,EQ,,,
2018-10-03,98.25,114.05,93.0,102.2,217279,EQ,,,
2018-10-04,99.6,101.5,97.95,99.45,117659,EQ,,,
2018-10-05,99.9,101.6,95.7,96.15,144119,EQ,,,
2018-10-08,95.5,96.75,91.7,93.8,137965,EQ,,,
2018-10-09,94.9,94.9,91.3,92.55,162987,EQ,,,
2018-10-10,93.45,96.9,93.35,95.8,210690,EQ,,,
2018-10-11,93.35,94.7,91.6,93.3,164650,EQ,,,
2018-10-12,94.9,105.3,94.8,102.45,539183,EQ,,,
2018-10-15,102.1,106.7,102.0,104.7,201194,EQ,,,
2018-10-16,105.05,107.6,103.8,105.15,185443,EQ,,,
2018-10-17,106.35,106.7,97.95,99.15,157698,EQ,,,
2018-10-19,99.0,99.75,95.25,96.85,114022,EQ,,,
2018-10-22,98.0,98.9,94.0,94.5,279638,EQ,,,
2018-10-23,93.15,95.5,91.4,92.7,110884,EQ,,,
2018-10-24,93.6,95.0,92.05,93.75,108409,EQ,,,
2018-10-25,93.0,93.0,90.25,91.55,116832,EQ,,,
2018-10-26,92.6,92.6,90.2,90.85,138733,EQ,,,
2018-10-29,91.1,92.45,88.05,91.65,231575,EQ,,,
2018-10-30,92.0,96.4,91.5,94.9,255619,EQ,,,
2018-10-31,95.95,95.95,92.5,95.15,183657,EQ,,,
2018-11-01,95.95,99.3,95.3,97.8,219001,EQ,,,
2018-11-02,98.4,101.8,98.3,99.25,236806,EQ,,,
2018-11-05,99.0,100.45,97.25,99.2,124004,EQ,,,
2018-11-06,100.25,108.9,99.55,105.35,744300,EQ,,,
2018-11-07,106.05,106.8,105.05,105.8,62450,EQ,,,
2018-11-09,106.4,107.75,103.35,105.1,173481,EQ,,,
2018-11-12,105.9,107.65,104.55,105.85,163935,EQ,,,
2018-11-13,105.5,106.5,102.3,104.55,113553,EQ,,,
2018-11-14,107.7,109.0,104.2,105.2,247591,EQ,,,
2018-11-15,104.75,105.0,101.0,102.05,128288,EQ,,,
2018-11-16,102.05,105.8,100.2,103.95,197132,EQ,,,
2018-11-19,104.6,104.65,100.5,101.75,187376,EQ,,,
2018-11-20,101.45,102.0,99.15,100.15,88841,EQ,,,
2018-11-21,99.65,100.7,97.4,98.6,126965,EQ,,,
2018-11-22,98.0,100.7,97.35,97.8,154443,EQ,,,
2018-11-26,99.0,99.15,95.0,95.5,91182,EQ,,,
2018-11-27,96.0,96.85,92.95,94.4,127920,EQ,,,
2018-11-28,94.65,96.15,93.35,93.8,127812,EQ,,,
2018-11-29,95.0,95.1,91.2,93.9,179998,EQ,,,
2018-11-30,93.5,95.3,93.5,94.15,152583,EQ,,,
2018-12-03,95.0,96.4,93.65,94.25,134606,EQ,,,
2018-12-04,94.25,95.25,93.3,93.7,102273,EQ,,,
2018-12-05,93.0,93.0,90.1,90.45,187044,EQ,,,
2018-12-06,90.45,90.5,88.0,89.5,152983,EQ,,,
2018-12-07,90.0,91.2,87.35,88.6,130428,EQ,,,
2018-12-10,86.0,88.0,84.9,85.45,76126,EQ,,,
2018-12-11,84.7,88.6,83.5,87.95,188286,EQ,,,
2018-12-12,87.95,92.45,87.95,91.45,581866,EQ,,,
2018-12-13,91.8,108.0,90.6,98.75,1698404,EQ,,,
2018-12-14,98.0,100.3,96.05,97.35,324303,EQ,,,
2018-12-17,98.75,99.65,97.5,98.55,181106,EQ,,,
2018-12-18,98.5,100.9,97.5,98.95,295022,EQ,,,
2018-12-19,99.5,107.0,99.35,104.85,1152830,EQ,,,
2018-12-20,103.85,110.8,102.95,104.05,1433747,EQ,,,
2018-12-21,104.05,104.9,100.3,101.1,287923,EQ,,,
2018-12-24,100.95,101.4,98.5,98.95,159185,EQ,,,
2018-12-26,98.6,98.6,94.7,97.0,239684,EQ,,,
2018-12-27,97.6,100.4,97.6,98.65,308291,EQ,,,
2018-12-28,100.15,100.85,98.85,99.2,152432,EQ,,,
2018-12-31,99.7,99.9,97.7,98.35,145714,EQ,,,
2019-01-01,98.25,104.3,96.9,103.05,726227,EQ,,,
2019-01-02,102.4,103.95,99.75,100.5,232722,EQ,,,
2019-01-03,101.0,101.2,98.25,99.1,145189,EQ,,,
2019-01-04,99.4,100.4,97.6,99.2,162945,EQ,,,
2019-01-07,100.15,101.5,98.5,99.0,139102,EQ,,,
2019-01-08,99.0,99.75,98.1,98.6,100483,EQ,,,
2019-01-09,99.2,99.75,96.85,98.0,105936,EQ,,,
2019-01-10,98.7,98.9,97.2,97.75,119685,EQ,,,
2019-01-11,100.5,101.65,99.0,99.9,256678,EQ,,,
2019-01-14,100.0,100.4,97.5,98.0,79717,EQ,,,
2019-01-15,98.65,103.9,98.05,100.25,546892,EQ,,,
2019-01-16,100.5,102.0,99.55,100.05,165571,EQ,,,
2019-01-17,99.75,100.6,98.4,98.65,98691,EQ,,,
2019-01-18,99.0,99.25,97.3,97.85,122325,EQ,,,
2019-01-21,99.35,99.75,97.35,97.95,159892,EQ,,,
2019-01-22,98.0,98.0,94.15,95.35,88794,EQ,,,
2019-01-23,102.5,103.9,97.15,98.35,1246921,EQ,,,
2019-01-24,98.6,98.6,95.75,96.75,229178,EQ,,,
2019-01-25,96.75,97.3,93.25,93.95,138946,EQ,,,
2019-01-28,93.95,94.8,86.0,87.45,168317,EQ,,,
2019-01-29,87.45,88.45,85.6,86.9,114741,EQ,,,
2019-01-30,87.55,88.2,83.55,85.9,198479,EQ,,,
2019-01-31,86.55,87.6,84.8,86.8,135601,EQ,,,
2019-02-01,87.45,91.3,86.6,88.0,225795,EQ,,,
2019-02-04,87.8,87.8,82.4,84.5,160090,EQ,,,
2019-02-05,85.15,85.15,81.5,83.25,173110,EQ,,,
2019-02-06,83.25,84.1,79.0,80.65,155144,EQ,,,
2019-02-07,81.55,82.4,80.45,81.55,179208,EQ,,,
2019-02-08,81.15,82.1,78.7,79.65,128919,EQ,,,
2019-02-11,79.75,80.0,77.0,77.7,81318,EQ,,,
2019-02-12,77.8,78.2,76.25,77.7,77274,EQ,,,
2019-02-13,77.45,79.5,76.5,77.0,97762,EQ,,,
2019-02-14,76.1,78.2,75.6,77.55,93641,EQ,,,
2019-02-15,77.5,80.75,77.5,79.25,131467,EQ,,,
2019-02-18,81.0,82.4,78.9,79.65,189919,EQ,,,
2019-02-19,80.15,80.6,78.5,79.55,89284,EQ,,,
2019-02-20,80.85,81.05,78.75,79.95,101287,EQ,,,
2019-02-21,80.0,81.25,79.5,80.4,202239,EQ,,,
2019-02-22,80.7,82.2,80.3,80.9,229851,EQ,,,
2019-02-25,81.3,81.8,79.5,79.75,210027,EQ,,,
2019-02-26,77.0,79.15,76.4,78.35,119112,EQ,,,
2019-02-27,79.0,80.7,77.25,78.4,143099,EQ,,,
2019-02-28,79.0,80.2,77.8,78.35,94473,EQ,,,
2019-03-01,78.8,83.8,78.5,82.85,376741,EQ,,,
2019-03-05,83.25,88.25,82.15,84.95,596002,EQ,,,
2019-03-06,85.7,92.05,85.4,89.9,925765,EQ,,,
2019-03-07,90.0,90.5,87.0,87.25,209080,EQ,,,
2019-03-08,86.5,94.1,86.5,89.55,1030516,EQ,,,
2019-03-11,89.5,92.6,89.5,90.9,303041,EQ,,,
2019-03-12,91.6,93.7,91.05,91.65,390164,EQ,,,
2019-03-13,91.7,92.35,89.7,90.05,157950,EQ,,,
2019-03-14,90.35,91.7,89.6,90.8,242545,EQ,,,
2019-03-15,91.4,92.7,89.05,89.65,161648,EQ,,,
2019-03-18,90.0,90.45,87.5,88.6,117161,EQ,,,
2019-03-19,88.8,91.4,88.2,89.75,235469,EQ,,,
2019-03-20,89.95,90.75,88.75,89.3,143765,EQ,,,
2019-03-22,89.65,90.05,87.05,87.4,136573,EQ,,,
2019-03-25,86.5,86.6,85.55,86.25,81139,EQ,,,
2019-03-26,86.65,88.2,85.6,87.45,192705,EQ,,,
2019-03-27,87.95,90.5,86.6,87.55,284443,EQ,,,
2019-03-28,88.4,90.3,88.1,89.0,198793,EQ,,,
2019-03-29,89.55,91.25,88.9,89.25,207263,EQ,,,
2019-04-01,90.0,92.1,89.5,90.75,185004,EQ,,,
2019-04-02,91.0,91.75,88.65,89.45,145757,EQ,,,
2019-04-03,89.55,90.35,86.5,86.65,176706,EQ,,,
2019-04-04,86.85,87.5,84.3,84.8,142989,EQ,,,
2019-04-05,85.1,86.65,85.0,86.3,102334,EQ,,,
2019-04-08,86.8,91.7,86.5,90.5,905961,EQ,,,
2019-04-09,90.2,91.4,87.7,88.55,303245,EQ,,,
2019-04-10,88.5,90.9,87.8,88.65,314439,EQ,,,
2019-04-11,88.65,89.55,87.4,88.1,124785,EQ,,,
2019-04-12,88.1,91.9,87.6,90.75,471285,EQ,,,
2019-04-15,91.7,94.0,91.15,92.05,368591,EQ,,,
2019-04-16,92.65,103.0,90.75,99.25,1367137,EQ,,,
2019-04-18,101.1,108.65,95.25,104.5,2996564,EQ,,,
2019-04-22,101.9,103.75,98.55,98.9,539253,EQ,,,
2019-04-23,98.9,100.4,96.9,97.35,288965,EQ,,,
2019-04-24,97.75,98.65,95.25,96.65,241746,EQ,,,
2019-04-25,98.0,100.4,97.25,97.6,386778,EQ,,,
2019-04-26,97.85,98.4,95.3,95.8,174183,EQ,,,
2019-04-30,95.4,95.45,89.4,91.2,233515,EQ,,,
2019-05-02,89.4,92.25,88.15,89.3,185198,EQ,,,
2019-05-03,89.5,92.1,89.2,89.85,192203,EQ,,,
2019-05-06,88.3,89.8,87.1,87.45,97217,EQ,,,
2019-05-07,88.2,88.9,85.1,85.6,139429,EQ,,,
2019-05-08,84.75,86.2,83.45,84.0,94512,EQ,,,
2019-05-09,83.8,85.9,83.7,85.15,83812,EQ,,,
2019-05-10,86.0,86.35,84.15,84.75,140085,EQ,,,
2019-05-13,84.35,86.0,81.15,81.7,103928,EQ,,,
2019-05-14,81.7,82.75,79.5,81.55,111254,EQ,,,
2019-05-15,82.45,82.45,78.3,79.2,100535,EQ,,,
2019-05-16,80.25,80.8,78.35,79.95,88450,EQ,,,
2019-05-17,80.0,81.35,79.1,79.85,131821,EQ,,,
2019-05-20,83.0,86.2,81.5,85.35,290553,EQ,,,
2019-05-21,86.7,88.5,85.0,85.6,218379,EQ,,,
2019-05-22,87.15,87.5,86.0,86.55,138300,EQ,,,
2019-05-23,87.95,90.45,86.5,86.7,208217,EQ,,,
2019-05-24,86.5,90.7,85.3,88.95,322694,EQ,,,
2019-05-27,89.35,93.5,88.75,91.75,373120,EQ,,,
2019-05-28,92.45,102.9,90.85,100.6,2058958,EQ,,,
2019-05-29,100.95,102.65,96.9,97.45,522840,EQ,,,
2019-05-30,96.3,99.0,95.45,96.45,405257,EQ,,,
2019-05-31,96.2,100.3,95.0,95.4,667959,EQ,,,
2019-06-03,95.0,97.1,93.25,96.0,246619,EQ,,,
2019-06-04,96.7,98.0,95.35,95.8,198024,EQ,,,
2019-06-06,95.5,95.95,91.55,92.3,142624,EQ,,,
2019-06-07,92.1,93.3,89.0,89.75,213735,EQ,,,
2019-06-10,90.4,91.55,87.45,90.6,247564,EQ,,,
2019-06-11,92.2,94.5,92.2,92.65,416832,EQ,,,
2019-06-12,92.6,93.3,90.2,91.65,164396,EQ,,,
2019-06-13,91.0,91.85,88.8,89.55,131155,EQ,,,
2019-06-14,89.55,89.55,85.9,86.75,167096,EQ,,,
2019-06-17,86.55,87.9,83.75,84.95,327136,EQ,,,
2019-06-18,84.6,85.65,81.55,82.25,161840,EQ,,,
2019-06-19,82.55,83.4,78.2,78.75,155252,EQ,,,
2019-06-20,78.0,82.45,75.85,81.8,291183,EQ,,,
2019-06-21,81.05,84.6,80.4,81.8,308374,EQ,,,
2019-06-24,82.5,82.5,80.5,81.35,77507,EQ,,,
2019-06-25,80.45,83.6,80.45,82.95,114908,EQ,,,
2019-06-26,82.0,87.0,81.8,86.55,197544,EQ,,,
2019-06-27,89.1,89.6,87.2,88.0,351162,EQ,,,
2019-06-28,88.0,89.7,85.25,85.9,279166,EQ,,,
2019-07-01,86.5,88.4,85.95,87.85,223869,EQ,,,
2019-07-02,87.85,88.5,86.4,87.15,143228,EQ,,,
2019-07-03,86.6,88.45,86.25,87.2,242868,EQ,,,
2019-07-04,86.7,88.15,86.55,86.75,151139,EQ,,,
2019-07-05,87.6,88.3,84.25,84.7,208458,EQ,,,
2019-07-08,83.4,83.85,79.25,80.0,310031,EQ,,,
2019-07-09,79.8,80.45,78.55,79.25,157091,EQ,,,
2019-07-10,79.0,80.45,77.1,77.7,187030,EQ,,,
2019-07-11,78.3,79.5,77.9,79.1,130536,EQ,,,
2019-07-12,78.5,81.7,78.5,80.85,138645,EQ,,,
2019-07-15,81.0,81.5,79.5,80.05,82945,EQ,,,
2019-07-16,80.05,80.6,78.7,79.1,78415,EQ,,,
2019-07-17,79.0,80.3,78.75,79.15,70738,EQ,,,
2019-07-18,79.0,79.15,76.15,77.05,76489,EQ,,,
2019-07-19,78.55,79.6,77.2,77.65,134077,EQ,,,
2019-07-22,76.9,77.9,74.35,75.15,92401,EQ,,,
2019-07-23,75.15,76.3,74.2,74.7,108184,EQ,,,
2019-07-24,75.1,75.25,71.5,72.6,97885,EQ,,,
2019-07-25,72.0,73.4,71.5,72.0,107518,EQ,,,
2019-07-26,74.0,74.0,71.7,72.65,128740,EQ,,,
2019-07-29,72.55,72.65,70.1,70.95,95820,EQ,,,
2019-07-30,70.25,71.25,66.15,66.45,129089,EQ,,,
2019-07-31,66.0,66.85,64.3,65.85,94131,EQ,,,
2019-08-01,65.85,67.25,64.15,65.55,64665,EQ,,,
2019-08-02,64.8,66.95,63.55,66.6,82743,EQ,,,
2019-08-05,64.15,65.5,63.2,64.65,51313,EQ,,,
2019-08-06,63.5,75.7,63.5,69.6,183712,EQ,,,
2019-08-07,69.6,70.1,64.95,65.55,116423,EQ,,,
2019-08-08,65.05,65.8,63.2,64.8,124112,EQ,,,
2019-08-09,65.1,67.8,63.8,64.3,160444,EQ,,,
2019-08-13,64.4,71.15,63.95,64.7,630173,EQ,,,
2019-08-14,65.55,66.9,64.05,64.35,146177,EQ,,,
2019-08-16,64.1,65.25,63.0,64.35,143929,EQ,,,
2019-08-19,64.0,64.85,63.2,63.4,109923,EQ,,,
2019-08-20,64.2,64.2,60.35,61.4,131200,EQ,,,
2019-08-21,61.3,62.25,57.0,58.15,175510,EQ,,,
2019-08-22,58.0,58.0,53.05,53.45,101839,EQ,,,
2019-08-23,54.15,55.8,51.2,54.7,148637,EQ,,,
2019-08-26,56.05,56.6,53.25,55.35,120165,EQ,,,
2019-08-27,55.2,59.9,55.2,59.1,212991,EQ,,,
2019-08-28,58.5,59.7,56.7,57.05,130690,EQ,,,
2019-08-29,56.6,57.4,55.05,55.45,87781,EQ,,,
2019-08-30,55.7,56.85,54.3,55.25,90152,EQ,,,
2019-09-03,54.55,57.25,53.1,53.65,136538,EQ,,,
2019-09-04,54.0,54.35,52.7,53.7,66155,EQ,,,
2019-09-05,53.6,55.25,53.55,54.45,68212,EQ,,,
2019-09-06,54.95,58.6,54.6,56.35,319409,EQ,,,
2019-09-09,56.0,58.3,55.15,57.2,143422,EQ,,,
2019-09-11,57.9,61.6,57.35,60.4,300942,EQ,,,
2019-09-12,64.0,72.45,63.4,72.45,1990735,EQ,,,
2019-09-13,76.0,81.3,74.1,76.45,3250757,EQ,,,
2019-09-16,75.5,76.7,70.5,74.05,599448,EQ,,,
2019-09-17,74.35,75.2,70.25,70.75,194553,EQ,,,
2019-09-18,71.25,71.9,68.2,68.6,113101,EQ,,,
2019-09-19,68.7,68.7,64.1,64.85,107967,EQ,,,
2019-09-20,65.7,68.4,60.2,65.5,245151,EQ,,,
2019-09-23,67.7,72.05,66.4,71.8,445414,EQ,,,
2019-09-24,72.45,72.45,68.0,69.2,236647,EQ,,,
2019-09-25,68.8,69.05,66.1,66.65,99553,EQ,,,
2019-09-26,67.0,68.8,66.05,66.4,133052,EQ,,,
2019-09-27,67.0,68.5,65.8,67.5,134611,EQ,,,
2019-09-30,67.5,67.5,61.0,62.95,131926,EQ,4878.0,27.05,101496.0
2019-10-01,62.95,63.95,56.7,58.8,106298,EQ,1734.0,61.3,58987.0
2019-10-03,58.8,62.65,57.5,59.2,69146,EQ,1504.0,45.97,31456.0
2019-10-04,59.4,61.95,58.2,58.8,70710,EQ,1601.0,44.17,21174.0
2019-10-07,59.1,60.0,56.2,57.15,52360,EQ,1019.0,51.38,32688.0
2019-10-09,60.2,63.2,60.2,61.05,373125,EQ,5007.0,74.52,106725.0
2019-10-10,61.4,61.95,58.1,59.05,106157,EQ,2265.0,46.87,34924.0
2019-10-11,59.6,60.4,58.1,58.8,70624,EQ,1334.0,52.94,23671.0
2019-10-14,58.4,62.7,58.4,59.05,211836,EQ,3021.0,70.12,55680.0
2019-10-15,59.35,61.75,55.25,61.0,405434,EQ,4476.0,90.58,91921.0
2019-10-16,61.45,62.25,58.6,59.3,229068,EQ,2873.0,79.73,75089.0
2019-10-17,59.4,61.35,58.7,59.7,258375,EQ,2893.0,89.31,105194.0
2019-10-18,62.6,66.25,61.45,62.45,995367,EQ,9215.0,108.02,264357.0
2019-10-22,62.65,64.4,61.25,62.35,237511,EQ,3158.0,75.21,59916.0
2019-10-23,62.45,65.5,61.4,62.6,593846,EQ,5280.0,112.47,126610.0
2019-10-24,62.6,63.35,61.05,61.4,191425,EQ,1944.0,98.47,86423.0
2019-10-25,61.55,61.9,58.65,59.75,187098,EQ,2571.0,72.77,64767.0
2019-10-29,66.0,70.0,62.9,66.25,1551246,EQ,13223.0,117.31,332354.0
2019-10-30,65.7,68.85,63.6,67.1,741549,EQ,7069.0,104.9,148645.0
2019-10-31,67.15,67.9,65.1,66.1,192210,EQ,2332.0,82.42,78702.0
2019-11-01,66.5,69.15,64.5,67.4,525319,EQ,5131.0,102.38,122504.0
2019-11-04,67.85,69.35,66.8,68.55,486523,EQ,4277.0,113.75,104466.0
2019-11-05,68.35,68.35,65.3,65.9,245964,EQ,2597.0,94.71,103641.0
2019-11-06,66.7,71.45,66.7,68.95,1380614,EQ,11003.0,125.48,292019.0
2019-11-07,68.25,71.8,68.0,69.7,1485964,EQ,9793.0,151.74,282018.0
2019-11-08,68.5,70.8,67.6,67.9,459444,EQ,3976.0,115.55,163416.0
2019-11-11,67.3,69.15,66.75,67.3,193902,EQ,1942.0,99.85,75286.0
2019-11-13,67.5,68.75,64.2,64.8,408004,EQ,3519.0,115.94,136987.0
2019-11-14,65.6,65.6,63.35,64.05,181373,EQ,1680.0,107.96,64012.0
2019-11-15,64.4,65.0,62.05,63.45,432473,EQ,3884.0,111.35,111433.0
2019-11-18,68.35,69.6,66.5,67.8,1911412,EQ,12837.0,148.9,373657.0
2019-11-19,67.15,68.0,66.0,66.35,314375,EQ,2739.0,114.78,118257.0
2019-11-20,66.25,67.9,65.3,65.65,368264,EQ,3128.0,117.73,112251.0
2019-11-21,65.9,66.65,64.15,64.4,232992,EQ,1962.0,118.75,94451.0
2019-11-22,64.6,65.05,63.5,64.4,116934,EQ,1228.0,95.22,45826.0
2019-11-25,65.75,66.4,65.0,65.25,227152,EQ,2730.0,83.21,60640.0
2019-11-26,65.6,65.9,63.35,63.55,155312,EQ,1626.0,95.52,75390.0
2019-11-27,63.85,64.9,63.25,63.75,160255,EQ,1597.0,100.35,51513.0
2019-11-28,63.95,65.4,63.85,64.45,214152,EQ,1748.0,122.51,81861.0
2019-11-29,64.5,66.3,63.45,63.95,281883,EQ,2848.0,98.98,89891.0
2019-12-02,64.15,64.4,62.5,63.4,116173,EQ,1330.0,87.35,38342.0
2019-12-03,63.5,63.6,61.1,61.5,109302,EQ,1381.0,79.15,46552.0
2019-12-04,61.5,63.25,60.6,62.7,210307,EQ,2218.0,94.82,60239.0
2019-12-05,63.5,63.9,61.65,62.15,138088,EQ,1658.0,83.29,42814.0
2019-12-06,62.25,62.85,60.05,60.35,111258,EQ,1287.0,86.45,47448.0
2019-12-09,60.7,61.3,59.3,59.65,116815,EQ,1508.0,77.46,46666.0
2019-12-10,60.35,60.95,58.6,58.75,136254,EQ,1721.0,79.17,54917.0
2019-12-11,58.75,59.6,56.3,57.15,161872,EQ,2337.0,69.26,69280.0
2019-12-12,57.55,57.9,56.95,57.45,138279,EQ,1964.0,70.41,39943.0
2019-12-13,57.35,59.8,57.0,58.75,240649,EQ,2659.0,90.5,80218.0
2019-12-16,59.25,60.55,58.5,59.1,146306,EQ,1483.0,98.66,52656.0
2019-12-17,59.55,62.35,58.65,60.7,491882,EQ,4427.0,111.11,108339.0
2019-12-18,60.6,61.55,59.25,59.8,177893,EQ,1949.0,91.27,65004.0
2019-12-19,59.7,60.6,59.0,59.55,145654,EQ,1841.0,79.12,32728.0
2019-12-20,60.05,60.15,59.15,59.55,99136,EQ,1278.0,77.57,30788.0
2019-12-23,59.1,59.6,58.3,58.7,86467,EQ,806.0,107.28,41868.0
2019-12-24,58.45,59.1,57.7,58.0,69630,EQ,708.0,98.35,36337.0
2019-12-26,58.15,59.35,57.4,57.65,137845,EQ,1555.0,88.65,64365.0
2019-12-27,58.0,59.0,56.9,57.3,149077,EQ,1428.0,104.4,68329.0
2019-12-30,56.9,58.8,56.9,57.85,164309,EQ,2094.0,78.47,77713.0
2019-12-31,58.15,59.5,57.5,58.3,314295,EQ,2495.0,125.97,97761.0
2020-01-01,58.65,59.25,58.1,58.55,235457,EQ,2067.0,113.91,88573.0
2020-01-02,58.9,63.5,58.7,63.0,759444,EQ,5907.0,128.57,299091.0
2020-01-03,62.5,69.8,62.1,66.75,2714247,EQ,18416.0,147.39,441751.0
2020-01-06,64.65,68.4,62.5,64.35,1697789,EQ,13243.0,128.2,271746.0
2020-01-07,65.0,66.6,62.7,64.05,494452,EQ,3925.0,125.98,139337.0
2020-01-08,62.45,66.3,61.3,63.55,609824,EQ,5501.0,110.86,105176.0
2020-01-09,65.0,66.25,64.1,65.05,366768,EQ,3065.0,119.66,111069.0
2020-01-10,65.65,67.9,64.25,64.8,473969,EQ,3519.0,134.69,144218.0
2020-01-13,65.3,68.4,65.1,66.7,749611,EQ,4874.0,153.8,158215.0
2020-01-14,67.0,70.25,66.6,69.3,1161064,EQ,6318.0,183.77,355739.0
2020-01-15,70.4,70.6,68.1,69.0,876022,EQ,5652.0,154.99,228424.0
2020-01-16,69.35,69.8,67.1,68.45,507643,EQ,3254.0,156.01,169174.0
2020-01-17,68.45,73.35,68.1,70.85,1459697,EQ,9478.0,154.01,399951.0
2020-01-20,71.15,71.35,67.85,68.2,324551,EQ,2400.0,135.23,127276.0
2020-01-21,67.6,69.25,67.05,67.4,279127,EQ,2101.0,132.85,86022.0
2020-01-22,68.0,68.1,65.1,65.4,281523,EQ,2015.0,139.71,99421.0
2020-01-23,65.55,69.6,65.2,69.15,740671,EQ,5194.0,142.6,245657.0
2020-01-24,70.5,76.45,69.6,72.85,2639298,EQ,18070.0,146.06,529716.0
2020-01-27,72.65,74.9,70.9,71.6,511723,EQ,4308.0,118.78,134398.0
2020-01-28,72.0,72.4,68.1,69.45,223601,EQ,2268.0,98.59,76465.0
2020-01-29,69.8,71.1,68.6,70.0,259630,EQ,2592.0,100.17,74797.0
2020-01-30,70.25,70.35,67.5,68.05,159589,EQ,1433.0,111.37,65413.0
2020-01-31,68.65,70.0,67.0,67.5,268502,EQ,2930.0,91.64,70333.0
2020-02-03,64.1,64.2,58.8,59.55,332107,EQ,2562.0,129.63,234576.0
2020-02-04,60.05,61.75,59.85,61.2,155872,EQ,1581.0,98.59,65981.0
2020-02-05,63.95,66.5,63.5,64.65,522224,EQ,4649.0,112.33,110049.0
2020-02-06,65.65,67.55,64.9,65.35,199787,EQ,2008.0,99.5,74422.0
2020-02-07,64.9,65.3,63.5,63.8,101062,EQ,1290.0,78.34,49454.0
2020-02-10,62.8,63.15,61.25,61.55,164652,EQ,1745.0,94.36,72362.0
2020-02-11,62.6,63.15,61.2,61.45,87329,EQ,1337.0,65.32,29332.0
2020-02-12,61.8,61.85,60.4,60.9,83431,EQ,1229.0,67.89,41611.0
2020-02-13,60.95,61.7,60.1,60.3,64500,EQ,890.0,72.47,30824.0
2020-02-14,60.5,61.25,58.55,58.9,90817,EQ,1092.0,83.17,55654.0
2020-02-17,59.1,59.5,56.85,57.15,86582,EQ,1157.0,74.83,45290.0
2020-02-18,57.1,57.7,55.5,57.3,69312,EQ,1082.0,64.06,28281.0
2020-02-19,58.3,58.9,57.0,57.9,85572,EQ,1225.0,69.85,38731.0
2020-02-20,58.15,59.6,57.7,58.55,159232,EQ,1680.0,94.78,71305.0
2020-02-24,57.85,58.35,55.5,56.1,83135,EQ,1211.0,68.65,49029.0
2020-02-25,57.2,58.9,56.35,57.15,229397,EQ,2556.0,89.75,78417.0
2020-02-26,56.9,58.0,56.15,56.6,118889,EQ,1333.0,89.19,33287.0
2020-02-27,56.5,57.1,54.5,55.05,80110,EQ,980.0,81.74,34403.0
2020-02-28,53.8,53.8,49.6,49.9,131589,EQ,1891.0,69.59,76888.0
2020-03-02,50.85,52.7,46.6,48.35,113329,EQ,1729.0,65.55,52632.0
2020-03-03,47.55,50.2,47.55,49.0,98987,EQ,1823.0,54.3,41664.0
2020-03-04,49.05,49.05,46.2,47.25,66150,EQ,1234.0,53.61,28866.0
2020-03-05,48.8,48.8,47.0,47.7,53317,EQ,984.0,54.18,19092.0
2020-03-06,45.25,45.85,43.5,44.55,108060,EQ,1567.0,68.96,58033.0
2020-03-09,44.0,44.0,38.0,38.75,149033,EQ,2026.0,73.56,91137.0
2020-03-11,38.75,40.4,37.75,38.55,94968,EQ,1242.0,76.46,45361.0
2020-03-12,38.2,38.2,32.3,33.45,150855,EQ,1920.0,78.57,88734.0
2020-03-13,29.55,33.9,26.8,32.8,177076,EQ,2407.0,73.57,76163.0
2020-03-16,33.9,34.0,31.5,32.25,102894,EQ,1612.0,63.83,49471.0
2020-03-17,32.25,34.25,31.5,32.1,89083,EQ,1628.0,54.72,40827.0
2020-03-18,32.1,33.9,28.9,28.9,121302,EQ,1256.0,96.58,83266.0
2020-03-19,27.5,27.8,26.05,26.5,173100,EQ,1690.0,102.43,113119.0
2020-03-20,26.75,28.5,26.6,27.3,144514,EQ,2066.0,69.95,86135.0
2020-03-23,25.0,27.65,24.6,24.6,48153,EQ,543.0,88.68,36825.0
2020-03-24,26.2,26.9,22.5,24.5,50193,EQ,730.0,68.76,27297.0
2020-03-25,24.05,24.9,22.7,23.85,84191,EQ,728.0,115.65,46786.0
2020-03-26,24.7,25.25,23.75,24.45,90463,EQ,888.0,101.87,50343.0
2020-03-27,24.8,26.4,24.2,24.85,102845,EQ,897.0,114.65,58820.0
2020-03-30,23.9,24.85,22.5,24.25,57007,EQ,699.0,81.56,23465.0
2020-03-31,24.7,26.0,24.5,25.55,85352,EQ,801.0,106.56,36023.0
2020-04-01,24.7,25.65,24.55,25.45,45324,EQ,802.0,56.51,19359.0
2020-04-03,25.9,26.95,24.65,26.55,46336,EQ,932.0,49.72,20431.0
2020-04-07,27.45,29.2,26.1,28.8,138884,EQ,1466.0,94.74,64695.0
2020-04-08,29.0,31.65,28.25,30.0,159353,EQ,2267.0,70.29,63295.0
2020-04-09,32.25,33.25,31.15,32.6,193599,EQ,1962.0,98.67,95470.0
2020-04-13,32.9,33.8,31.1,32.4,81122,EQ,,,
2020-04-15,33.45,38.85,32.35,36.3,383595,EQ,4504.0,85.17,137215.0
2020-04-16,36.3,43.55,34.0,41.65,1457447,EQ,8620.0,169.08,312221.0
2020-04-17,45.9,49.0,43.0,47.0,1243284,EQ,10197.0,121.93,286436.0
2020-04-20,46.0,48.5,45.75,46.2,234411,EQ,2461.0,95.25,114368.0
2020-04-21,44.95,44.95,41.6,42.05,148312,EQ,1521.0,97.51,69091.0
2020-04-22,42.2,45.95,41.6,43.3,217571,EQ,2105.0,103.36,62027.0
2020-04-23,41.6,43.3,41.15,41.6,57947,BE,434.0,133.52,57947.0
2020-04-24,41.15,41.15,39.55,39.55,24927,BE,298.0,83.65,24927.0
2020-04-27,37.6,39.55,37.6,37.95,42176,BE,462.0,91.29,42176.0
2020-04-28,37.5,37.5,36.1,36.6,36745,BE,381.0,96.44,36745.0
2020-04-29,36.9,38.4,36.0,38.2,57417,BE,412.0,139.36,57417.0
2020-04-30,39.8,39.8,36.3,38.15,30986,BE,300.0,103.29,30986.0
2020-05-04,36.3,37.95,36.25,36.65,22332,BE,264.0,84.59,22332.0
2020-05-05,37.95,37.95,35.5,35.7,23093,BE,251.0,92.0,23093.0
2020-05-06,35.7,36.6,34.25,35.7,16849,BE,211.0,79.85,16849.0
2020-05-07,34.5,36.0,34.1,34.8,17045,BE,200.0,85.22,17045.0
2020-05-08,35.5,36.0,33.15,33.45,34717,BE,318.0,109.17,34717.0
2020-05-11,34.0,34.0,32.0,33.0,36187,BE,242.0,149.53,36187.0
2020-05-12,33.0,33.5,32.1,33.45,27720,BE,183.0,151.48,27720.0
2020-05-13,35.1,35.1,34.2,35.1,46162,BE,205.0,225.18,46162.0
2020-05-14,36.0,36.0,34.0,34.55,23432,BE,178.0,131.64,23432.0
2020-05-15,35.1,35.95,33.0,34.6,11419,BE,137.0,83.35,11419.0
2020-05-18,36.3,36.3,36.3,36.3,66947,BE,417.0,160.54,66947.0
2020-05-19,38.1,38.1,36.4,36.85,53419,BE,483.0,110.6,53419.0
2020-05-20,37.0,37.0,35.05,35.75,26900,BE,278.0,96.76,26900.0
2020-05-21,36.5,37.4,34.0,36.2,46535,BE,369.0,126.11,46535.0
2020-05-22,37.45,37.45,34.85,35.95,22735,BE,199.0,114.25,22735.0
2020-05-26,37.1,37.1,35.0,35.25,17789,BE,174.0,102.24,17789.0
2020-05-27,34.6,36.7,34.6,36.25,39610,EQ,497.0,79.7,16280.0
2020-05-28,35.3,37.5,35.3,36.35,53127,EQ,556.0,95.55,33639.0
2020-05-29,36.35,38.15,35.9,37.4,78487,EQ,815.0,96.3,49916.0
2020-06-01,37.4,39.0,37.4,38.45,66182,EQ,1052.0,62.91,45532.0
2020-06-02,40.0,40.35,38.95,40.35,58188,EQ,682.0,85.32,49695.0
2020-06-03,41.8,42.35,39.4,40.25,89040,EQ,1285.0,69.29,47505.0
2020-06-04,40.5,41.9,40.1,40.8,92139,EQ,1116.0,82.56,33912.0
2020-06-05,41.8,44.85,41.25,44.3,216851,EQ,3390.0,63.97,111845.0
2020-06-08,48.0,48.0,45.6,46.0,393522,EQ,3221.0,122.17,181669.0
2020-06-09,47.3,47.3,41.4,42.0,226685,EQ,2446.0,92.68,140563.0
2020-06-10,42.8,43.15,41.55,42.3,70669,EQ,631.0,112.0,41892.0
2020-06-11,42.75,44.5,42.3,42.8,119980,EQ,933.0,128.6,63318.0
2020-06-12,38.6,42.7,38.6,41.9,69669,EQ,1060.0,65.73,34599.0
2020-06-15,41.9,43.45,40.95,42.7,70353,EQ,776.0,90.66,31193.0
2020-06-16,43.05,46.95,40.1,46.5,578559,EQ,3120.0,185.44,269927.0
2020-06-17,46.9,48.5,45.2,46.0,598270,EQ,4173.0,143.37,304354.0
2020-06-18,45.05,47.95,45.05,46.25,197844,EQ,1563.0,126.58,91368.0
2020-06-19,46.95,49.9,45.3,48.85,627810,EQ,3847.0,163.19,221828.0
2020-06-22,49.3,50.4,47.15,47.6,198410,EQ,2112.0,93.94,111117.0
2020-06-23,48.2,48.7,47.0,47.7,111161,EQ,1158.0,95.99,56435.0
2020-06-24,47.05,49.75,43.3,47.3,358702,EQ,3264.0,109.9,135082.0
2020-06-25,47.4,52.0,46.0,51.8,610463,EQ,4009.0,152.27,407004.0
2020-06-26,54.0,54.5,50.5,50.95,666674,EQ,4309.0,154.72,363453.0
2020-06-29,49.0,49.95,46.25,48.15,177783,EQ,1478.0,120.29,70554.0
2020-06-30,49.1,52.95,48.4,50.9,652451,EQ,4805.0,135.79,199392.0
2020-07-01,49.6,51.0,48.85,49.2,137532,EQ,1666.0,82.55,62898.0
2020-07-02,49.3,54.1,49.3,54.1,919767,EQ,4330.0,212.42,392941.0
2020-07-03,57.3,59.5,56.75,59.5,588871,EQ,2523.0,233.4,439238.0
2020-07-06,64.4,65.45,60.0,65.45,1795928,EQ,9915.0,181.13,649765.0
2020-07-07,67.0,67.2,62.2,62.2,399864,EQ,2561.0,156.14,312143.0
2020-07-08,59.1,59.5,59.1,59.1,111484,EQ,622.0,179.23,82325.0
2020-07-09,56.15,56.15,56.15,56.15,48958,EQ,462.0,105.97,41225.0
2020-07-10,53.35,58.95,53.35,56.0,575849,EQ,5569.0,103.4,202810.0
2020-07-13,56.6,57.65,54.05,55.05,165496,EQ,2017.0,82.05,63344.0
2020-07-14,57.7,57.8,56.0,57.8,391977,EQ,2874.0,136.39,186827.0
2020-07-15,60.0,60.0,55.05,55.5,208124,EQ,2211.0,94.13,113504.0
2020-07-16,55.25,55.85,53.5,53.9,62342,EQ,936.0,66.6,42270.0
2020-07-17,53.6,56.5,53.5,54.5,167920,EQ,1706.0,98.43,75092.0
2020-07-20,54.9,55.8,53.0,54.7,164969,EQ,1752.0,94.16,56626.0
2020-07-21,55.05,55.35,53.0,53.75,73857,EQ,1002.0,73.71,46096.0
2020-07-22,53.5,54.25,51.4,53.1,67340,EQ,899.0,74.91,36715.0
2020-07-23,53.6,54.9,53.4,53.75,71003,EQ,893.0,79.51,28275.0
2020-07-24,53.6,54.4,52.55,52.8,86161,EQ,1009.0,85.39,43376.0
2020-07-27,52.0,52.75,51.0,51.1,56650,EQ,747.0,75.84,35533.0
2020-07-28,51.65,53.2,50.75,52.5,82509,EQ,852.0,96.84,44737.0
2020-07-29,54.4,55.1,53.5,53.7,244998,EQ,2240.0,109.37,98154.0
2020-07-30,54.45,54.45,51.5,52.05,42451,EQ,759.0,55.93,25015.0
2020-07-31,52.5,52.95,51.0,51.1,52996,EQ,693.0,76.47,37462.0
2020-08-03,51.05,52.6,51.05,51.9,53971,EQ,642.0,84.07,28164.0
2020-08-04,53.5,54.45,53.0,53.9,201012,EQ,1925.0,104.42,94268.0
2020-08-05,53.65,53.8,52.1,52.45,83585,EQ,952.0,87.8,48231.0
2020-08-06,53.85,53.85,51.75,52.05,71496,EQ,792.0,90.27,37304.0
2020-08-07,52.0,52.95,51.2,52.25,78293,EQ,805.0,97.26,46446.0
2020-08-10,54.85,54.85,54.85,54.85,54913,EQ,271.0,202.63,54913.0
2020-08-11,57.55,57.55,57.55,57.55,88230,EQ,327.0,269.82,88230.0
2020-08-12,60.4,60.4,58.2,60.4,674210,EQ,2371.0,284.36,401505.0
2020-08-13,61.8,61.8,57.45,59.5,394295,EQ,3855.0,102.28,183709.0
2020-08-14,59.0,61.8,58.0,58.45,179698,EQ,1969.0,91.26,95577.0
2020-08-17,60.3,60.3,57.15,57.65,66099,EQ,780.0,84.74,43444.0
2020-08-18,58.4,59.7,57.4,57.9,137957,EQ,2125.0,64.92,38828.0
2020-08-19,60.75,60.75,60.0,60.75,240656,EQ,1541.0,156.17,181793.0
2020-08-20,61.4,62.4,60.0,61.55,202837,EQ,2539.0,79.89,114644.0
2020-08-21,62.9,62.9,60.5,60.85,148024,EQ,1796.0,82.42,80205.0
2020-08-24,62.6,62.6,60.0,60.3,129796,EQ,1711.0,75.86,70608.0
2020-08-25,61.4,61.4,58.4,58.8,77235,EQ,1043.0,74.05,51446.0
2020-08-26,59.9,59.9,58.3,58.65,88096,EQ,1206.0,73.05,45851.0
2020-08-27,59.65,61.55,58.6,60.25,194151,EQ,1807.0,107.44,117897.0
2020-08-28,62.9,62.95,60.85,61.6,274423,EQ,2586.0,106.12,150584.0
2020-08-31,61.6,61.85,58.55,58.55,90274,EQ,979.0,92.21,72567.0
2020-09-01,57.05,57.85,55.65,55.65,61965,EQ,797.0,77.75,52093.0
2020-09-02,55.65,56.95,55.1,56.15,51167,EQ,831.0,61.57,27383.0
2020-09-03,57.9,57.9,56.0,56.3,57080,EQ,1039.0,54.94,28778.0
2020-09-04,53.8,56.3,53.55,54.65,58347,EQ,1023.0,57.04,30867.0
2020-09-07,55.2,55.9,54.1,54.6,36516,EQ,764.0,47.8,18999.0
2020-09-08,55.4,56.1,53.35,53.65,70089,EQ,1288.0,54.42,34632.0
2020-09-09,52.5,54.2,52.0,52.9,62530,EQ,1324.0,47.23,31445.0
2020-09-10,53.0,55.4,53.0,54.3,69192,EQ,1385.0,49.96,25708.0
2020-09-11,54.0,54.45,52.6,53.45,23067,EQ,613.0,37.63,10668.0
2020-09-14,53.15,55.0,53.15,53.95,39036,EQ,690.0,56.57,22802.0
2020-09-15,54.0,54.6,53.5,53.8,23913,EQ,378.0,63.26,14763.0
2020-09-16,54.0,54.5,53.3,53.55,32794,EQ,513.0,63.93,21976.0
2020-09-17,54.6,54.6,52.5,52.95,29621,EQ,616.0,48.09,17426.0
2020-09-18,53.9,54.9,53.0,53.45,63506,EQ,1134.0,56.0,36404.0
2020-09-21,52.9,54.0,50.8,50.8,47271,EQ,743.0,63.62,36255.0
2020-09-22,51.7,51.7,48.3,48.3,34577,EQ,446.0,77.53,31513.0
2020-09-23,47.05,47.55,45.9,45.95,82560,EQ,1213.0,68.06,56224.0
2020-09-24,45.8,45.8,43.75,45.2,51159,EQ,907.0,56.4,27783.0
2020-09-25,47.0,47.0,45.6,46.25,42633,EQ,588.0,72.51,30432.0
2020-09-28,46.55,48.55,46.55,48.55,27320,EQ,,,
2020-09-29,49.45,50.95,48.6,49.1,59982,EQ,930.0,64.5,30663.0
2020-09-30,49.35,50.05,48.85,49.35,26440,EQ,443.0,59.68,14160.0
2020-10-01,50.9,50.9,48.45,48.85,25788,EQ,482.0,53.5,15153.0
2020-10-05,49.1,50.4,48.85,49.65,45796,EQ,647.0,70.78,24581.0
2020-10-06,49.65,50.1,48.5,49.25,30356,EQ,538.0,56.42,13061.0
2020-10-07,49.7,50.7,48.2,49.05,39975,EQ,825.0,48.45,18722.0
2020-10-08,50.45,50.45,48.55,48.75,79834,EQ,908.0,87.92,19052.0
2020-10-09,50.45,50.5,48.5,49.1,44488,EQ,754.0,59.0,21554.0
2020-10-12,48.5,49.45,48.0,48.2,46178,EQ,723.0,63.87,22190.0
2020-10-13,48.0,48.6,47.0,47.2,21617,EQ,496.0,43.58,13291.0
2020-10-14,48.45,48.45,46.75,47.6,50755,EQ,781.0,64.99,25306.0
2020-10-15,48.25,48.25,45.4,45.85,26040,EQ,573.0,45.45,16439.0
2020-10-16,46.7,46.85,45.25,46.1,16454,EQ,454.0,36.24,11238.0
2020-10-19,46.1,47.75,45.55,46.15,39116,EQ,815.0,48.0,16197.0
2020-10-20,45.05,50.75,45.05,50.35,229115,EQ,1774.0,129.15,82619.0
2020-10-21,50.7,50.7,47.55,49.5,115571,EQ,2147.0,53.83,35594.0
2020-10-22,49.5,50.9,48.15,48.45,92112,EQ,1690.0,54.5,37060.0
2020-10-23,49.0,50.6,47.8,49.8,113342,EQ,1883.0,60.19,59303.0
2020-10-26,50.95,50.95,48.0,48.25,98318,EQ,1353.0,72.67,41040.0
2020-10-27,48.05,50.0,47.4,48.35,57448,EQ,855.0,67.19,19640.0
2020-10-28,47.7,48.95,47.0,47.2,34175,EQ,564.0,60.59,23322.0
2020-10-29,47.2,47.2,46.3,46.4,29719,EQ,420.0,70.76,22302.0
2020-10-30,46.0,47.4,46.0,46.45,17050,EQ,429.0,39.74,8834.0
2020-11-02,47.8,47.8,45.4,45.85,36776,EQ,824.0,44.63,13478.0
2020-11-03,46.9,46.9,45.5,46.0,16313,EQ,488.0,33.43,10155.0
2020-11-04,46.9,46.9,45.15,46.6,45903,EQ,941.0,48.78,15578.0
2020-11-05,46.6,51.25,46.35,50.8,366510,EQ,3371.0,108.72,130968.0
2020-11-06,50.75,51.45,49.15,50.55,103795,EQ,1272.0,81.6,62452.0
2020-11-09,51.0,51.0,49.0,49.1,46215,EQ,698.0,66.21,24545.0
2020-11-10,49.1,51.8,48.7,49.55,95251,EQ,1323.0,72.0,39088.0
2020-11-11,50.0,50.5,48.45,48.85,35818,EQ,566.0,63.28,18366.0
2020-11-12,48.4,53.7,48.0,52.7,452317,EQ,3585.0,126.17,136702.0
2020-11-13,51.9,51.95,50.5,51.25,84716,EQ,1116.0,75.91,49282.0
2020-11-17,55.75,55.75,52.4,53.35,123536,EQ,1551.0,79.65,67760.0
2020-11-18,54.0,55.0,52.9,53.55,144660,EQ,1749.0,82.71,60093.0
2020-11-19,53.05,55.4,52.6,52.9,185658,EQ,2494.0,74.44,60356.0
2020-11-20,53.9,53.9,52.5,52.8,40362,EQ,624.0,64.68,20229.0
2020-11-23,53.25,54.6,52.85,53.75,77754,EQ,918.0,84.7,40014.0
2020-11-24,54.0,59.1,53.3,58.65,1040861,EQ,7216.0,144.24,305331.0
2020-11-25,59.0,59.15,55.5,55.85,288080,EQ,3413.0,84.41,121892.0
2020-11-26,56.0,57.7,55.3,55.75,120228,EQ,1527.0,78.73,58204.0
2020-11-27,55.55,60.8,55.55,58.65,578407,EQ,4532.0,127.63,184142.0
2020-12-01,59.0,59.7,57.5,58.05,171979,EQ,1842.0,93.37,82927.0
2020-12-02,58.05,59.9,57.2,58.35,211907,EQ,2396.0,88.44,71037.0
2020-12-03,58.9,60.0,58.0,58.9,247777,EQ,2542.0,97.47,98034.0
2020-12-04,58.9,60.0,57.0,57.75,184472,EQ,1782.0,103.52,82764.0
2020-12-07,62.0,65.65,61.2,63.05,888246,EQ,8428.0,105.39,419518.0
2020-12-08,64.7,65.8,60.65,62.3,490934,EQ,5718.0,85.86,149674.0
2020-12-09,69.9,69.9,65.0,66.65,763556,EQ,7739.0,98.66,347893.0
2020-12-10,66.5,66.5,63.6,64.25,206713,EQ,3048.0,67.82,97385.0
2020-12-11,65.5,65.5,62.7,64.2,130215,EQ,1469.0,88.64,84896.0
2020-12-14,64.0,65.5,63.0,64.05,116323,EQ,1234.0,94.26,66535.0
2020-12-15,66.7,67.05,64.8,65.0,210461,EQ,2311.0,91.07,117786.0
2020-12-16,66.9,66.9,64.0,64.6,141149,EQ,1595.0,88.49,78467.0
2020-12-17,65.5,67.5,63.5,64.1,227262,EQ,2349.0,96.75,105856.0
2020-12-18,66.0,66.4,63.65,64.6,194318,EQ,2276.0,85.38,96549.0
2020-12-21,66.9,66.9,56.6,58.1,240805,EQ,3056.0,78.8,129981.0
2020-12-22,58.0,58.9,53.05,57.65,157563,EQ,2148.0,73.35,75791.0
2020-12-23,57.65,62.0,57.65,60.65,137329,EQ,1900.0,72.28,74212.0
2020-12-24,61.15,62.0,59.1,59.85,115549,EQ,1444.0,80.02,63168.0
2020-12-28,60.25,61.8,60.2,60.7,66827,EQ,899.0,74.33,39120.0
2020-12-29,61.2,61.45,59.05,59.6,97223,EQ,1384.0,70.25,51052.0
2020-12-30,59.85,63.6,58.4,62.2,270338,EQ,2532.0,106.77,94095.0
2020-12-31,63.0,73.9,63.0,70.95,4349055,EQ,29679.0,146.54,890438.0
2021-01-01,71.0,72.9,69.35,70.15,528388,EQ,5990.0,88.21,196089.0
2021-01-04,71.55,71.7,68.55,70.5,276218,EQ,3351.0,82.43,125627.0
2021-01-05,69.0,71.0,68.45,69.3,221419,EQ,2379.0,93.07,87061.0
2021-01-06,69.8,70.8,68.0,68.7,192478,EQ,2231.0,86.27,98496.0
2021-01-07,69.2,69.8,68.7,69.0,111102,EQ,1083.0,102.59,58693.0
2021-01-08,68.5,71.0,68.5,69.05,254932,EQ,2477.0,102.92,102993.0
2021-01-11,69.7,69.7,67.1,67.8,127843,EQ,1617.0,79.06,71747.0
2021-01-12,67.8,70.5,67.25,68.35,171897,EQ,2006.0,85.69,68219.0
2021-01-13,69.7,69.7,67.0,67.35,136926,EQ,1619.0,84.57,76275.0
2021-01-14,70.0,71.0,68.6,68.95,297562,EQ,3686.0,80.73,116789.0
2021-01-15,70.0,71.45,68.2,68.6,206290,EQ,2480.0,83.18,103071.0
2021-01-18,68.6,69.5,66.4,67.35,106624,EQ,1824.0,58.46,45602.0
2021-01-19,67.5,68.55,67.2,67.4,81676,EQ,1000.0,81.68,49288.0
2021-01-20,67.9,67.9,66.85,67.05,82474,EQ,853.0,96.69,58045.0
2021-01-21,68.0,68.0,66.0,66.55,106240,EQ,1213.0,87.58,44072.0
2021-01-22,66.1,66.9,64.6,64.9,53686,EQ,1032.0,52.02,32150.0
2021-01-25,65.15,66.6,61.9,62.4,89259,EQ,1268.0,70.39,48706.0
2021-01-27,62.5,62.95,60.65,61.15,53218,EQ,869.0,61.24,31237.0
2021-01-28,60.15,62.5,60.15,61.9,65351,EQ,830.0,78.74,39624.0
2021-01-29,62.6,63.0,61.0,61.3,56338,EQ,707.0,79.69,28814.0
2021-02-01,62.5,62.95,61.6,62.3,81883,EQ,1129.0,72.53,39931.0
2021-02-02,62.0,63.55,61.7,62.4,72104,EQ,908.0,79.41,42811.0
2021-02-03,62.95,64.9,62.2,63.2,95485,EQ,1302.0,73.34,41945.0
2021-02-04,63.5,65.45,62.9,64.3,110070,EQ,1330.0,82.76,54689.0
2021-02-05,65.3,65.45,62.1,62.4,68298,EQ,914.0,74.72,44470.0
2021-02-08,63.6,64.0,62.4,62.8,58170,EQ,699.0,83.22,29956.0
2021-02-09,63.85,64.3,62.5,62.7,63431,EQ,764.0,83.02,36897.0
2021-02-10,63.5,63.65,60.2,61.5,69505,EQ,873.0,79.62,41546.0
2021-02-11,61.7,62.8,60.8,61.6,53521,EQ,699.0,76.57,26471.0
2021-02-12,61.2,62.9,61.2,61.75,51138,EQ,823.0,62.14,31750.0
2021-02-15,62.5,63.8,60.1,60.5,172117,EQ,2285.0,75.32,57405.0
2021-02-16,61.95,61.95,60.25,60.8,87891,EQ,1270.0,69.21,46093.0
2021-02-17,60.5,66.0,59.2,65.0,686644,EQ,4852.0,141.52,201295.0
2021-02-18,65.95,67.2,63.25,63.6,282476,EQ,3390.0,83.33,94772.0
2021-02-19,63.1,65.8,63.1,63.8,131659,EQ,2085.0,63.15,54288.0
2021-02-22,63.8,66.3,61.6,62.5,227240,EQ,3637.0,62.48,68129.0
2021-02-23,62.7,64.85,62.05,62.9,155639,EQ,2582.0,60.28,43167.0
2021-02-24,63.5,64.3,62.35,63.35,62575,EQ,909.0,68.84,30720.0
2021-02-25,64.05,67.4,63.0,65.0,329288,EQ,3951.0,83.34,107657.0
2021-02-26,63.1,64.85,63.1,63.95,116907,EQ,1343.0,87.05,65887.0
2021-03-01,67.3,68.85,66.1,66.7,361910,EQ,5851.0,61.85,146428.0
2021-03-02,66.7,75.6,66.4,72.15,1981374,EQ,15772.0,125.63,607067.0
2021-03-03,72.4,72.95,68.85,69.95,587204,EQ,7627.0,76.99,200297.0
2021-03-04,68.75,70.9,67.7,68.25,321402,EQ,3699.0,86.89,116706.0
2021-03-05,68.75,69.55,64.5,65.15,304915,EQ,3502.0,87.07,158904.0
2021-03-08,65.5,73.3,65.5,70.8,885790,EQ,10413.0,85.07,238073.0
2021-03-09,71.4,72.3,68.05,69.95,497560,EQ,7251.0,68.62,158679.0
2021-03-10,69.2,71.5,68.45,69.45,474028,EQ,8199.0,57.82,124775.0
2021-03-12,70.0,72.2,67.4,68.35,546163,EQ,8527.0,64.05,127394.0
2021-03-15,69.7,70.55,67.6,69.05,701068,EQ,13739.0,51.03,102333.0
2021-03-16,69.1,72.05,68.6,70.6,662879,EQ,11756.0,56.39,163726.0
2021-03-17,70.9,72.35,66.05,66.9,858568,EQ,13014.0,65.97,162622.0
2021-03-18,67.75,69.95,63.75,64.5,618456,EQ,9233.0,66.98,120108.0
2021-03-19,63.9,64.5,61.25,63.2,761766,EQ,12269.0,62.09,79982.0
2021-03-22,63.1,65.8,63.1,64.5,643021,EQ,12438.0,51.7,78353.0
2021-03-23,64.5,68.6,63.05,64.35,1311251,EQ,18893.0,69.4,200538.0
2021-03-24,64.9,67.8,63.15,63.6,827081,EQ,13648.0,60.6,93175.0
2021-03-25,63.4,64.1,60.15,60.85,437951,EQ,7599.0,57.63,104830.0
2021-03-26,62.0,64.7,61.55,62.95,542174,EQ,10452.0,51.87,112438.0
2021-03-30,63.5,64.65,62.9,63.4,223999,EQ,4788.0,46.78,28079.0
2021-03-31,63.5,64.0,62.0,62.75,96870,EQ,1503.0,64.45,39854.0
2021-04-01,63.4,65.6,63.1,64.8,363680,EQ,5207.0,69.84,71749.0
2021-04-05,64.95,65.0,60.8,62.4,313653,EQ,5404.0,58.04,61648.0
2021-04-06,62.65,64.15,61.5,62.7,362324,EQ,6912.0,52.42,68699.0
2021-04-07,63.4,65.15,61.7,62.6,411754,EQ,7427.0,55.44,92179.0
2021-04-08,63.15,64.25,62.3,62.7,339807,EQ,6056.0,56.11,70610.0
2021-04-09,62.5,63.8,61.8,62.85,336200,EQ,5920.0,56.79,44654.0
2021-04-12,62.6,64.2,58.45,59.0,585839,EQ,9515.0,61.57,111036.0
2021-04-13,59.15,60.75,59.05,60.2,131401,EQ,2456.0,53.5,35743.0
2021-04-15,60.0,60.7,58.55,58.9,273638,EQ,6077.0,45.03,37430.0
2021-04-16,59.45,59.7,58.5,58.65,116915,EQ,1860.0,62.86,39372.0
2021-04-19,58.0,58.0,51.1,55.35,277067,EQ,5155.0,53.75,58402.0
2021-04-20,56.8,57.95,54.55,56.6,436191,EQ,8427.0,51.76,41436.0
2021-04-22,56.8,57.5,55.4,55.95,297285,EQ,3994.0,74.43,60646.0
2021-04-23,56.5,57.65,55.05,55.8,258786,EQ,3883.0,66.65,60376.0
2021-04-26,56.05,57.1,55.85,56.05,129694,EQ,2224.0,58.32,41832.0
2021-04-27,56.55,57.45,56.4,56.95,128014,EQ,2643.0,48.44,46071.0
2021-04-28,57.0,58.8,57.0,58.4,148295,EQ,2503.0,59.25,53070.0
2021-04-29,59.6,60.7,58.45,59.5,268422,EQ,4066.0,66.02,77122.0
2021-04-30,58.5,66.5,58.5,62.7,816586,EQ,8775.0,93.06,191821.0
2021-05-03,62.7,65.25,62.45,63.9,211400,EQ,3106.0,68.06,84468.0
2021-05-04,63.9,65.0,62.2,62.55,257634,EQ,3890.0,66.23,77485.0
2021-05-05,63.0,63.2,61.9,62.3,84233,EQ,1559.0,54.03,32945.0
2021-05-06,62.0,63.0,61.6,62.3,71685,EQ,1677.0,42.75,31066.0
2021-05-07,62.8,65.4,62.8,63.95,229415,EQ,3401.0,67.46,101820.0
2021-05-10,64.8,66.55,64.05,64.5,371292,EQ,5065.0,73.31,119810.0
2021-05-11,63.1,65.9,63.1,65.35,196725,EQ,2741.0,71.77,99469.0
2021-05-12,65.7,70.7,65.35,68.45,908490,EQ,8862.0,102.52,336426.0
2021-05-14,69.1,69.25,65.2,66.05,249737,EQ,3196.0,78.14,124241.0
2021-05-17,66.6,68.4,65.55,67.55,188954,EQ,3208.0,58.9,75038.0
2021-05-18,66.65,72.7,66.65,70.55,1105415,EQ,10354.0,106.76,357172.0
2021-05-19,71.25,74.45,70.1,71.2,684267,EQ,7531.0,90.86,233334.0
2021-05-20,71.8,82.45,71.0,80.7,3860661,EQ,32003.0,120.63,1024921.0
2021-05-21,80.4,81.7,74.75,75.4,1148136,EQ,10739.0,106.91,541422.0
2021-05-24,75.7,79.0,74.1,76.65,776429,EQ,7029.0,110.46,258519.0
2021-05-25,76.95,77.9,74.3,75.2,306059,EQ,3544.0,86.36,150248.0
2021-05-26,75.95,76.85,74.0,74.5,263267,EQ,2751.0,95.7,118170.0
2021-05-27,75.2,80.35,73.5,79.3,1504294,EQ,12590.0,119.48,384490.0
2021-05-28,79.8,80.1,76.0,76.3,588125,EQ,5477.0,107.38,203323.0
2021-05-31,76.1,78.4,74.5,75.0,433402,EQ,5420.0,79.96,153541.0
2021-06-01,75.6,80.45,75.6,79.05,1339698,EQ,11716.0,114.35,427477.0
2021-06-02,79.5,81.4,77.4,78.0,715326,EQ,7204.0,99.3,259081.0
2021-06-03,78.5,80.3,77.8,78.3,373968,EQ,4221.0,88.6,128959.0
2021-06-04,78.9,79.4,76.7,78.25,294930,EQ,3498.0,84.31,111284.0
2021-06-07,79.0,82.85,78.4,79.7,787000,EQ,7540.0,104.38,267553.0
2021-06-08,80.2,80.5,77.5,78.15,328140,EQ,3347.0,98.04,160538.0
2021-06-09,78.25,80.8,77.2,77.75,420943,EQ,3706.0,113.58,196605.0
2021-06-10,78.0,85.7,77.95,84.0,2154630,EQ,17247.0,124.93,590551.0
2021-06-11,84.0,84.7,80.5,81.15,654917,EQ,6479.0,101.08,260293.0
2021-06-14,81.0,83.35,74.9,80.5,1137537,EQ,10462.0,108.73,225796.0
2021-06-15,80.65,87.0,79.5,84.05,2053050,EQ,17242.0,119.07,496530.0
2021-06-16,83.3,92.0,82.45,86.7,4681113,EQ,37072.0,126.27,826808.0
2021-06-17,86.15,88.5,83.7,84.5,807685,EQ,8265.0,97.72,269782.0
2021-06-18,84.75,85.9,77.1,81.65,512592,EQ,6388.0,80.24,196192.0
2021-06-21,78.0,84.25,77.8,82.5,508144,EQ,6658.0,76.32,125324.0
2021-06-22,82.85,83.9,80.1,80.55,255562,EQ,3559.0,71.81,110502.0
2021-06-23,81.2,85.0,80.0,81.8,622580,EQ,6821.0,91.27,127776.0
2021-06-24,81.5,83.4,79.8,80.15,267318,EQ,3666.0,72.92,105829.0
2021-06-25,82.4,85.5,80.55,83.85,679933,EQ,6112.0,111.25,284031.0
2021-06-28,85.45,85.9,83.5,83.85,675077,EQ,6361.0,106.13,256220.0
2021-06-29,84.55,86.2,82.65,83.05,315028,EQ,5454.0,57.76,133832.0
2021-06-30,80.3,82.5,80.1,80.35,270632,EQ,3693.0,73.28,131244.0
2021-07-01,80.8,82.65,79.3,80.2,223665,EQ,3264.0,68.52,94665.0
2021-07-02,80.9,82.5,80.1,80.45,166460,EQ,2671.0,62.32,67137.0
2021-07-05,81.2,83.6,80.5,82.0,319311,EQ,4205.0,75.94,137272.0
2021-07-06,82.45,82.5,77.1,77.85,421259,EQ,5835.0,72.2,247008.0
2021-07-07,77.5,77.9,73.65,74.2,632922,EQ,7681.0,82.4,468206.0
2021-07-08,74.4,75.4,70.2,70.7,728752,EQ,8158.0,89.33,443600.0
2021-07-09,70.95,72.1,68.9,69.05,482711,EQ,5759.0,83.82,324439.0
2021-07-12,70.0,70.5,66.0,66.6,989243,EQ,12308.0,80.37,672363.0
2021-07-13,67.5,73.9,67.3,72.9,1294661,EQ,12985.0,99.7,480108.0
2021-07-14,73.45,73.45,71.15,71.45,327615,EQ,4025.0,81.4,159892.0
2021-07-15,71.7,72.7,71.0,71.45,189222,EQ,2999.0,63.1,99360.0
2021-07-16,72.0,72.0,70.0,70.55,185090,EQ,2882.0,64.22,113330.0
2021-07-19,70.0,73.05,68.75,70.95,444427,EQ,5771.0,77.01,198165.0
2021-07-20,71.6,71.9,68.55,69.4,241994,EQ,3837.0,63.07,118423.0
2021-07-22,69.75,71.5,69.75,70.1,132188,EQ,2220.0,59.54,71695.0
2021-07-23,70.65,70.7,69.1,69.45,101422,EQ,1726.0,58.76,55216.0
2021-07-26,69.1,69.9,68.25,68.55,108524,EQ,1627.0,66.7,58452.0
2021-07-27,69.25,69.9,67.6,68.3,125024,EQ,1956.0,63.92,62003.0
2021-07-28,68.8,70.8,67.1,69.35,155365,EQ,2322.0,66.91,70450.0
2021-07-29,70.25,70.8,68.2,68.95,132919,EQ,2211.0,60.12,62574.0
2021-07-30,69.0,69.95,68.2,68.7,133205,EQ,1885.0,70.67,74855.0
2021-08-02,70.0,70.5,68.85,69.2,92033,EQ,1642.0,56.05,45451.0
2021-08-03,69.9,72.65,69.3,70.55,288071,EQ,3474.0,82.92,139840.0
2021-08-04,71.3,71.7,68.5,68.7,128141,EQ,1932.0,66.33,70351.0
2021-08-05,69.05,69.3,66.0,67.5,169639,EQ,2624.0,64.65,75528.0
2021-08-06,68.0,68.9,67.6,67.75,69261,EQ,1369.0,50.59,32257.0
2021-08-09,68.3,68.95,67.0,67.2,69255,EQ,1282.0,54.02,41169.0
2021-08-10,67.1,67.8,65.0,65.65,108642,EQ,1783.0,60.93,64137.0
2021-08-11,65.05,66.05,60.8,62.7,240786,EQ,3545.0,67.92,107440.0
2021-08-12,63.15,67.35,63.15,66.55,189708,EQ,3433.0,55.26,63892.0
2021-08-13,67.0,67.0,65.1,65.5,84815,EQ,1752.0,48.41,49933.0
2021-08-16,65.4,66.35,63.6,63.9,125913,EQ,2318.0,54.32,50497.0
2021-08-17,64.7,65.0,62.7,63.25,73098,EQ,1704.0,42.9,39306.0
2021-08-18,62.5,63.8,61.05,61.4,79660,EQ,1766.0,45.11,48131.0
2021-08-20,61.25,62.0,58.85,59.6,104302,EQ,2037.0,51.2,61135.0
2021-08-23,59.9,61.5,57.0,57.45,88342,EQ,1933.0,45.7,45727.0
2021-08-24,57.95,59.1,57.0,58.4,69715,EQ,1476.0,47.23,42486.0
2021-08-25,59.0,60.95,59.0,59.75,57618,EQ,1326.0,43.45,29685.0
2021-08-26,60.7,62.75,60.0,62.5,149838,EQ,2570.0,58.3,65411.0
2021-08-27,63.0,71.0,62.65,68.15,624485,EQ,8157.0,76.56,340472.0
2021-08-30,68.95,69.9,67.8,68.45,182257,EQ,3278.0,55.6,78848.0
2021-08-31,68.75,68.75,67.25,67.45,76478,EQ,1305.0,58.6,56421.0
2021-09-01,68.3,69.8,67.5,67.8,173076,EQ,2729.0,63.42,71716.0
2021-09-02,68.15,69.5,67.65,67.95,138357,EQ,3336.0,41.47,39263.0
2021-09-03,67.95,70.7,67.7,68.2,293662,EQ,5989.0,49.03,58152.0
2021-09-06,68.2,73.7,68.2,70.8,849629,EQ,10647.0,79.8,284919.0
2021-09-07,70.95,72.2,69.5,70.0,247878,EQ,4285.0,57.85,112554.0
2021-09-08,70.5,70.85,68.15,68.5,187615,EQ,3080.0,60.91,86949.0
2021-09-09,68.9,68.9,64.7,64.85,474488,EQ,6414.0,73.98,272798.0
2021-09-13,64.85,65.2,60.85,61.2,557478,EQ,7529.0,74.04,370595.0
2021-09-14,61.55,62.85,59.95,60.5,514727,EQ,5157.0,99.81,355620.0
2021-09-15,60.5,60.85,57.85,58.1,788233,EQ,9437.0,83.53,552094.0
2021-09-16,59.0,59.35,56.4,56.95,787334,EQ,7317.0,107.6,515246.0
2021-09-17,57.2,57.8,54.2,54.45,609432,EQ,6623.0,92.02,395979.0
2021-09-20,53.75,56.45,53.3,54.75,272959,EQ,4118.0,66.28,122782.0
2021-09-21,55.1,56.6,54.55,55.95,261982,EQ,3687.0,71.06,103941.0
2021-09-22,56.4,59.7,56.0,58.45,586624,EQ,7201.0,81.46,251971.0
2021-09-23,58.8,60.25,58.25,58.65,435858,EQ,5173.0,84.26,154049.0
2021-09-24,58.95,59.2,56.8,57.05,275647,EQ,4032.0,68.36,106675.0
2021-09-27,57.4,57.7,56.25,57.1,121734,EQ,2102.0,57.91,59383.0
2021-09-28,57.75,58.15,56.55,57.15,147680,EQ,2234.0,66.11,60890.0
2021-09-29,56.8,58.9,56.6,58.45,218672,EQ,3298.0,66.3,85709.0
2021-09-30,58.7,59.7,58.15,58.4,195134,EQ,2444.0,79.84,89163.0
2021-10-01,58.05,61.45,57.75,59.9,629399,EQ,7459.0,84.38,238659.0
2021-10-04,60.8,61.6,59.45,60.4,415372,EQ,5823.0,71.33,146327.0
2021-10-05,60.3,60.8,57.8,58.15,590461,EQ,5798.0,101.84,340076.0
2021-10-06,58.3,58.55,55.35,55.75,503596,EQ,5667.0,88.86,352263.0
2021-10-07,57.0,57.75,54.4,54.75,814507,EQ,7560.0,107.74,475939.0
2021-10-08,55.7,55.75,53.8,54.1,506399,EQ,4468.0,113.34,319490.0
2021-10-11,54.45,55.3,53.05,53.25,612273,EQ,6380.0,95.97,381569.0
2021-10-12,53.8,58.75,53.2,57.85,1657236,EQ,16255.0,101.95,660491.0
2021-10-13,58.5,58.5,54.8,55.2,1102541,EQ,10495.0,105.05,684290.0
2021-10-14,55.9,56.15,53.7,54.05,1008481,EQ,10340.0,97.53,640064.0
2021-10-18,54.7,55.8,54.35,54.85,512662,EQ,4013.0,127.75,258966.0
2021-10-19,55.5,56.9,54.0,54.2,684500,EQ,5307.0,128.98,263539.0
2021-10-20,54.3,54.8,53.35,53.85,250418,EQ,2730.0,91.73,125500.0
2021-10-21,54.5,54.9,53.3,53.65,224394,EQ,2262.0,99.2,109893.0
2021-10-22,53.8,54.35,52.55,52.95,229623,EQ,2426.0,94.65,132933.0
2021-10-25,53.05,53.35,52.15,52.65,153334,EQ,1742.0,88.02,80244.0
2021-10-26,52.75,54.5,52.55,53.8,232419,EQ,2347.0,99.03,120787.0
2021-10-27,53.5,54.45,52.6,53.05,200329,EQ,2278.0,87.94,74818.0
2021-10-28,53.4,53.75,52.0,52.2,144260,EQ,1585.0,91.02,69099.0
2021-10-29,52.3,54.0,51.15,52.35,199551,EQ,2573.0,77.56,74121.0
2021-11-01,52.5,53.9,51.5,53.3,155149,EQ,1954.0,79.4,73578.0
2021-11-02,53.3,55.8,53.3,54.65,448466,EQ,4212.0,106.47,209920.0
2021-11-03,55.0,55.4,53.95,54.3,211987,EQ,2548.0,83.2,85837.0
2021-11-04,54.7,54.9,54.3,54.6,51139,EQ,2548.0,20.07,85837.0
2021-11-08,55.0,55.4,54.1,54.3,108057,EQ,1418.0,76.2,38784.0
2021-11-09,54.45,55.6,54.15,54.8,202686,EQ,2074.0,97.73,100944.0
2021-11-10,54.8,55.6,54.55,54.7,137736,EQ,1769.0,77.86,60844.0
2021-11-11,54.9,55.8,52.1,52.8,317593,EQ,3355.0,94.66,193972.0
2021-11-12,53.5,53.8,50.4,50.75,691050,EQ,6204.0,111.39,532334.0
2021-11-15,51.5,51.7,48.8,49.0,488873,EQ,5195.0,94.1,357521.0
2021-11-16,49.0,49.2,46.3,46.5,730421,EQ,8241.0,88.63,448998.0
2021-11-17,47.5,52.2,46.5,49.75,906753,EQ,9770.0,92.81,334766.0
2021-11-18,50.0,51.6,47.3,47.6,440524,EQ,4871.0,90.44,214404.0
2021-11-22,48.1,48.15,45.2,45.9,247178,EQ,3072.0,80.46,135148.0
2021-11-23,45.75,47.6,45.65,47.25,163409,EQ,2103.0,77.7,70078.0
2021-11-24,47.25,48.75,47.25,47.7,237775,EQ,2617.0,90.86,96772.0
2021-11-25,47.6,51.8,47.25,50.4,1428646,EQ,12711.0,112.39,314679.0
2021-11-26,49.5,51.2,47.7,48.05,854234,EQ,8380.0,101.94,259488.0
2021-11-29,48.4,48.85,45.4,45.6,404297,EQ,6038.0,66.96,187722.0
2021-11-30,45.85,46.6,43.1,43.5,599588,EQ,5254.0,114.12,335533.0
2021-12-01,43.6,45.0,40.85,41.2,1212956,EQ,9175.0,132.2,582315.0
2021-12-02,41.8,42.25,39.45,40.05,848248,EQ,9599.0,88.37,498106.0
2021-12-03,40.5,48.05,40.5,47.4,4501972,EQ,20329.0,221.46,1009906.0
2021-12-06,48.0,51.35,46.0,49.2,3298113,EQ,19536.0,168.82,879320.0
2021-12-07,49.75,51.3,48.7,49.6,1075148,EQ,8543.0,125.85,276429.0
2021-12-08,50.3,54.15,50.3,51.85,3715282,EQ,17941.0,207.08,592292.0
2021-12-09,51.15,53.2,50.65,51.75,960677,EQ,6782.0,141.65,334778.0
2021-12-10,52.1,53.4,51.35,52.55,784035,EQ,5223.0,150.11,239756.0
2021-12-13,53.2,54.0,50.7,51.15,620669,EQ,3407.0,182.17,337954.0
2021-12-14,51.0,51.7,50.4,50.7,323519,EQ,2154.0,150.19,181019.0
2021-12-15,51.0,51.45,49.2,50.05,272458,EQ,1807.0,150.78,147706.0
2021-12-16,50.5,51.2,48.15,48.35,268413,EQ,2606.0,103.0,163523.0
2021-12-17,48.35,48.7,46.0,46.5,238015,EQ,2364.0,100.68,148311.0
2021-12-20,45.25,47.9,45.25,47.25,450275,EQ,2769.0,162.61,323459.0
2021-12-21,48.0,50.25,48.0,49.45,546180,EQ,4491.0,121.62,282749.0
2021-12-22,50.0,51.1,50.0,50.25,379353,EQ,2834.0,133.86,186337.0
2021-12-23,50.35,51.35,49.85,50.25,309704,EQ,2630.0,117.76,163186.0
2021-12-24,50.6,51.5,49.65,49.85,344172,EQ,2718.0,126.63,120632.0
2021-12-27,50.3,50.9,49.65,50.65,263470,EQ,1726.0,152.65,137480.0
2021-12-28,51.25,54.25,51.25,53.05,1245212,EQ,8074.0,154.22,568738.0
2021-12-29,53.45,53.45,51.4,52.15,544374,EQ,4267.0,127.58,207349.0
2021-12-30,52.15,54.2,52.15,53.0,588269,EQ,4571.0,128.7,210294.0
2021-12-31,53.45,55.4,53.3,53.5,1064303,EQ,7386.0,144.1,433400.0
2022-01-03,53.6,54.3,53.5,53.7,330095,EQ,2079.0,158.78,167269.0
2022-01-04,54.1,54.25,51.9,52.2,599244,EQ,5282.0,113.45,237264.0
2022-01-05,52.1,53.5,51.9,52.1,309672,EQ,2157.0,143.57,119161.0
2022-01-06,51.85,54.0,51.35,52.95,398061,EQ,2781.0,143.14,182158.0
2022-01-07,53.1,54.1,52.0,53.05,588128,EQ,3970.0,148.14,255867.0
2022-01-10,53.45,57.4,53.15,56.1,1947930,EQ,10559.0,184.48,925251.0
2022-01-11,56.75,58.4,55.0,55.65,1436927,EQ,10936.0,131.39,424386.0
2022-01-12,55.9,57.25,53.8,54.15,512417,EQ,4314.0,118.78,281372.0
2022-01-13,54.9,55.2,53.7,54.2,268698,EQ,2544.0,105.62,122926.0
2022-01-14,54.0,57.6,53.6,57.25,993881,EQ,8038.0,123.65,483245.0
2022-01-17,57.5,59.0,56.75,57.45,918164,EQ,5999.0,153.05,491839.0
2022-01-18,57.8,60.75,56.3,57.9,1658639,EQ,9882.0,167.84,768700.0
2022-01-19,58.25,59.5,56.6,58.0,851614,EQ,6689.0,127.32,262065.0
2022-01-20,58.1,64.3,58.0,61.9,2869146,EQ,17243.0,166.39,1229151.0
2022-01-21,61.75,63.9,59.1,59.95,1067040,EQ,9994.0,106.77,506032.0
2022-01-24,59.7,60.4,55.2,55.75,511455,EQ,4620.0,110.7,281847.0
2022-01-25,55.65,56.8,53.75,56.1,293997,EQ,2892.0,101.66,140407.0
2022-01-27,55.8,57.8,55.55,57.2,273610,EQ,2394.0,114.29,141624.0
2022-01-28,58.95,60.7,57.3,57.6,319540,EQ,2975.0,107.41,177512.0
2022-01-31,58.5,59.5,57.15,57.4,163729,EQ,1767.0,92.66,84627.0
2022-02-01,57.35,58.6,57.0,57.8,375064,EQ,3422.0,109.6,176873.0
2022-02-02,58.3,60.0,57.45,58.8,486997,EQ,3566.0,136.57,249918.0
2022-02-03,59.3,60.0,58.7,59.05,199501,EQ,1699.0,117.42,121241.0
2022-02-04,59.15,59.3,56.65,58.1,214810,EQ,1972.0,108.93,133531.0
2022-02-07,58.1,58.6,56.3,56.65,215663,EQ,2016.0,106.98,129330.0
2022-02-08,57.0,58.15,54.15,55.15,222488,EQ,2261.0,98.4,112337.0
2022-02-09,55.65,56.8,55.0,55.55,166376,EQ,1583.0,105.1,76518.0
2022-02-10,55.95,60.3,55.85,59.3,741046,EQ,6418.0,115.46,441962.0
2022-02-11,58.8,58.9,56.1,56.9,311914,EQ,3432.0,90.88,182388.0
2022-02-14,56.1,56.15,51.7,52.4,292209,EQ,2655.0,110.06,177099.0
2022-02-15,52.7,55.05,50.4,53.5,331625,EQ,3421.0,96.94,152906.0
2022-02-16,54.9,57.05,53.95,55.45,299593,EQ,4063.0,73.74,138815.0
2022-02-17,57.0,58.6,55.25,57.55,525063,EQ,3054.0,171.93,390230.0
2022-02-18,57.25,58.3,56.05,56.15,112467,EQ,1367.0,82.27,62275.0
2022-02-21,56.2,57.35,53.75,54.2,286570,EQ,2704.0,105.98,172128.0
2022-02-22,52.5,53.15,51.3,52.1,194198,EQ,1978.0,98.18,101041.0
2022-02-23,52.65,56.8,52.55,52.85,218323,EQ,2368.0,92.2,96166.0
2022-02-24,51.5,52.0,44.0,45.55,578073,EQ,5116.0,112.99,302149.0
2022-02-25,48.4,49.5,47.45,48.35,191384,EQ,2045.0,93.59,95733.0
2022-02-28,48.35,51.55,47.35,50.5,212851,EQ,2516.0,84.6,119658.0
2022-03-02,49.9,53.35,48.0,51.6,444268,EQ,3725.0,119.27,186982.0
2022-03-03,52.45,52.85,51.25,51.45,155800,EQ,1764.0,88.32,75955.0
2022-03-04,51.25,52.5,49.0,51.65,212091,EQ,2177.0,97.42,108356.0
2022-03-07,51.2,52.5,50.05,51.8,296821,EQ,,,
2022-03-08,51.8,52.6,49.15,50.1,233325,EQ,2632.0,88.65,124026.0
2022-03-09,50.5,53.75,50.5,52.65,264550,EQ,2558.0,103.42,162438.0
2022-03-10,53.5,54.5,53.1,53.9,249692,EQ,2284.0,109.32,181219.0
2022-03-11,53.9,57.5,53.9,55.45,355607,EQ,3805.0,93.46,167016.0
2022-03-14,55.45,55.9,54.0,54.05,117201,EQ,1373.0,85.36,65820.0
2022-03-15,54.25,54.65,52.55,53.15,199121,EQ,1902.0,104.69,115152.0
2022-03-16,53.95,55.45,53.6,54.55,195847,EQ,2165.0,90.46,108275.0
2022-03-17,55.35,55.35,54.0,54.7,156379,EQ,1637.0,95.53,96132.0
2022-03-21,54.8,55.35,53.1,53.45,125900,EQ,1554.0,81.02,73729.0
2022-03-22,53.45,53.9,52.25,52.85,142724,EQ,1683.0,84.8,66907.0
2022-03-23,53.45,55.0,52.55,53.25,281915,EQ,2488.0,113.31,167309.0
2022-03-24,53.25,55.0,53.25,54.35,202058,EQ,2334.0,86.57,140257.0
2022-03-25,54.75,54.75,52.5,53.25,189423,EQ,2001.0,94.66,127734.0
2022-03-28,53.5,57.95,53.5,55.5,385094,EQ,3728.0,103.3,236615.0
2022-03-29,55.7,57.0,52.55,53.25,443909,EQ,3800.0,116.82,345132.0
2022-03-30,53.6,55.85,49.1,50.3,839726,EQ,6181.0,135.86,638921.0
2022-03-31,50.2,51.55,50.0,50.3,281620,EQ,2579.0,109.2,167191.0
2022-04-01,50.25,52.5,50.0,52.3,304574,EQ,3051.0,99.83,179549.0
2022-04-04,52.6,54.4,52.2,53.75,259357,EQ,2738.0,94.72,178591.0
2022-04-05,54.2,56.5,53.55,55.7,687398,EQ,5461.0,125.87,368769.0
2022-04-06,54.35,59.25,54.35,57.95,861631,EQ,5728.0,150.42,618270.0
2022-04-07,58.1,62.25,58.1,60.1,1172497,EQ,10469.0,112.0,574934.0
2022-04-08,61.05,67.2,60.1,64.15,2063392,EQ,12775.0,161.52,873379.0
2022-04-11,64.5,68.0,64.25,67.5,1066089,EQ,8530.0,124.98,626716.0
2022-04-12,67.75,67.8,64.2,66.15,663871,EQ,6864.0,96.72,355325.0
2022-04-13,69.7,75.45,68.0,73.75,3911177,EQ,32887.0,118.93,1783552.0
2022-04-18,73.0,75.7,70.6,72.1,2292877,EQ,20612.0,111.24,680368.0
2022-04-19,71.5,73.4,65.0,68.4,1161801,EQ,9424.0,123.28,650651.0
2022-04-20,69.0,72.1,68.85,70.1,771276,EQ,8176.0,94.33,325776.0
2022-04-21,70.35,70.35,66.6,67.15,280745,BE,1825.0,153.83,280745.0
2022-04-22,66.25,68.8,63.8,64.55,414241,BE,1932.0,214.41,414241.0
2022-04-25,64.0,65.0,61.35,61.5,237453,BE,1032.0,230.09,237453.0
2022-04-26,61.5,64.4,61.5,63.05,150658,BE,626.0,240.67,150658.0
2022-04-27,61.1,66.0,61.1,65.75,205182,BE,1040.0,197.29,205182.0
2022-04-28,65.1,67.0,62.9,63.05,91161,BE,670.0,136.06,91161.0
2022-04-29,64.0,64.0,61.0,61.4,88686,BE,573.0,154.77,88686.0
2022-05-02,60.5,60.5,58.35,60.1,153270,BE,815.0,188.06,153270.0
2022-05-04,60.9,61.4,58.1,58.45,131271,BE,696.0,188.61,131271.0
2022-05-05,59.0,60.25,56.5,56.95,62454,BE,637.0,98.04,62454.0
2022-05-06,55.0,57.95,54.3,55.5,118509,BE,833.0,142.27,118509.0
2022-05-09,55.0,55.7,53.25,53.8,66829,BE,509.0,131.29,66829.0
2022-05-10,54.9,54.9,52.0,52.2,86481,BE,516.0,167.6,86481.0
2022-05-12,48.5,49.0,47.45,47.45,51159,BE,467.0,109.55,51159.0
2022-05-13,47.45,49.8,46.25,48.65,96168,BE,651.0,147.72,96168.0
2022-05-16,50.95,50.95,49.3,50.55,32352,BE,293.0,110.42,32352.0
2022-05-17,51.95,52.9,51.0,52.3,30814,BE,348.0,88.55,30814.0
2022-05-18,53.5,54.4,51.55,52.45,46740,BE,471.0,99.24,46740.0
2022-05-19,51.6,51.6,49.85,49.85,91044,BE,577.0,157.79,91044.0
2022-05-20,50.2,50.8,50.0,50.3,57799,BE,357.0,161.9,57799.0
2022-05-23,50.5,51.3,49.6,50.6,46716,BE,365.0,127.99,46716.0
2022-05-24,51.2,51.4,49.05,49.6,25577,BE,248.0,103.13,25577.0
2022-05-25,49.3,50.8,48.55,48.9,39001,BE,260.0,150.0,39001.0
2022-05-26,49.0,50.0,46.5,49.35,70239,BE,476.0,147.56,70239.0
2022-05-27,49.9,50.9,48.6,49.7,80758,BE,251.0,321.75,80758.0
2022-05-30,50.8,51.0,49.3,50.0,168710,BE,322.0,523.94,168710.0
2022-05-31,50.5,51.95,48.2,50.9,102192,BE,526.0,194.28,102192.0
2022-06-01,51.0,51.8,50.95,51.65,28113,BE,219.0,128.37,28113.0
2022-06-02,52.0,53.5,51.1,52.55,55531,BE,369.0,150.49,55531.0
2022-06-03,52.5,53.1,50.45,51.1,32611,BE,266.0,122.6,32611.0
2022-06-06,51.15,52.8,49.0,51.9,71124,BE,426.0,166.96,71124.0
2022-06-07,52.2,54.45,51.85,54.45,68712,BE,438.0,156.88,68712.0
2022-06-08,56.9,57.15,56.05,57.15,121316,BE,424.0,286.12,121316.0
2022-06-09,58.3,60.0,57.15,59.6,270531,BE,1211.0,223.39,270531.0
2022-06-10,59.6,59.6,57.9,58.5,68917,BE,392.0,175.81,68917.0
2022-06-13,57.05,58.0,55.6,55.85,59062,BE,465.0,127.02,59062.0
2022-06-14,55.8,57.15,54.8,55.6,40147,BE,314.0,127.86,40147.0
2022-06-15,56.4,56.5,53.5,53.85,31402,BE,307.0,102.29,31402.0
2022-06-16,54.2,55.25,51.6,52.15,48448,BE,333.0,145.49,48448.0
2022-06-17,51.0,52.0,50.0,51.65,20271,BE,202.0,100.35,20271.0
2022-06-20,52.95,52.95,49.1,49.15,37654,BE,303.0,124.27,37654.0
2022-06-21,51.0,51.6,49.1,51.45,54077,EQ,464.0,116.55,37875.0
2022-06-22,51.45,51.6,49.7,50.05,19533,EQ,324.0,60.29,13503.0
2022-06-23,50.05,51.65,50.05,50.45,35966,EQ,356.0,101.03,25533.0
2022-06-24,52.5,52.85,49.1,51.45,60400,EQ,598.0,101.0,23322.0
2022-06-27,51.85,52.55,51.3,51.6,27929,EQ,395.0,70.71,17451.0
2022-06-28,51.8,52.3,51.05,51.35,23630,EQ,369.0,64.04,12397.0
2022-06-29,51.25,53.85,50.2,52.4,108879,EQ,1518.0,71.73,34884.0
2022-06-30,53.0,53.55,51.9,52.05,31267,EQ,423.0,73.92,14734.0
2022-07-01,52.1,52.1,49.45,50.35,73397,EQ,974.0,75.36,46931.0
2022-07-04,51.4,51.5,50.6,51.1,26425,EQ,320.0,82.58,13841.0
2022-07-05,51.45,51.8,50.2,50.45,57308,EQ,872.0,65.72,31899.0
2022-07-06,51.25,51.25,49.1,49.9,69744,EQ,651.0,107.13,42410.0
2022-07-07,50.5,51.35,50.2,51.2,29310,EQ,378.0,77.54,19096.0
2022-07-08,51.75,51.75,50.55,51.15,23388,EQ,363.0,64.43,16356.0
2022-07-11,51.15,53.2,51.05,52.35,56133,EQ,689.0,81.47,34422.0
2022-07-12,52.3,53.25,51.6,51.65,107676,EQ,679.0,158.58,79163.0
2022-07-13,52.15,52.15,50.5,51.25,38510,EQ,492.0,78.27,24658.0
2022-07-14,51.05,53.4,50.1,52.15,101112,EQ,1044.0,96.85,62086.0
2022-07-15,52.0,53.0,52.0,52.1,79037,EQ,711.0,111.16,57408.0
2022-07-18,53.45,54.0,52.0,52.55,118273,EQ,1262.0,93.72,79333.0
2022-07-19,53.25,53.8,52.45,53.1,47453,EQ,614.0,77.29,26874.0
2022-07-20,53.7,55.75,53.5,55.65,211062,EQ,1514.0,139.41,135826.0
2022-07-21,56.5,57.3,54.8,55.2,112076,EQ,1625.0,68.97,78708.0
2022-07-22,55.85,55.85,54.2,54.3,45008,EQ,511.0,88.08,23782.0
2022-07-25,54.6,54.6,52.7,52.95,33741,EQ,564.0,59.82,26924.0
2022-07-26,53.35,54.5,52.8,53.05,57896,EQ,603.0,96.01,36780.0
2022-07-27,53.3,54.0,53.0,53.55,56172,EQ,618.0,90.89,33728.0
2022-07-28,53.85,54.4,52.85,53.45,99004,EQ,780.0,126.93,64609.0
2022-07-29,54.2,54.75,53.25,53.6,43985,EQ,492.0,89.4,27894.0
2022-08-01,54.4,54.65,53.5,54.15,49509,EQ,761.0,65.06,25372.0
2022-08-02,53.45,56.85,53.45,56.85,294376,EQ,1866.0,157.76,173515.0
2022-08-03,56.35,56.35,54.05,54.05,72982,EQ,538.0,135.65,63358.0
2022-08-04,52.4,53.95,52.2,52.9,111470,EQ,1029.0,108.33,80765.0
2022-08-05,54.0,54.0,53.0,53.25,32945,EQ,479.0,68.78,19069.0
2022-08-08,52.55,53.85,51.7,52.1,88252,EQ,,,
2022-08-10,52.1,53.05,51.8,52.25,51642,EQ,624.0,82.76,32260.0
2022-08-11,52.65,53.0,51.75,51.9,64767,EQ,743.0,87.17,43070.0
2022-08-12,52.7,52.7,51.5,51.85,45314,EQ,619.0,73.21,27100.0
2022-08-16,52.0,53.8,50.8,52.5,218069,EQ,2253.0,96.79,101656.0
2022-08-17,52.5,54.0,50.0,50.5,305660,EQ,2160.0,141.51,243918.0
2022-08-18,51.0,52.5,49.85,50.2,431516,EQ,3008.0,143.46,194720.0
2022-08-19,50.7,51.3,50.0,50.65,125611,EQ,1184.0,106.09,83508.0
2022-08-22,50.1,50.55,49.1,49.45,93692,EQ,1011.0,92.67,59846.0
2022-08-23,49.5,50.85,49.5,50.25,83209,EQ,932.0,89.28,46880.0
2022-08-24,50.1,51.7,49.9,50.7,103782,EQ,830.0,125.04,65074.0
2022-08-25,55.75,55.75,55.75,55.75,264347,EQ,637.0,414.99,241562.0
2022-08-26,59.95,61.3,56.0,60.65,2004393,EQ,11710.0,171.17,1000243.0
2022-08-29,59.9,66.7,59.8,66.7,925090,EQ,3248.0,284.82,664094.0
2022-08-30,70.0,70.0,63.4,68.3,4369068,EQ,12950.0,337.38,1386766.0
2022-09-01,67.0,69.15,64.9,64.9,980697,EQ,3985.0,246.1,587004.0
2022-09-02,65.05,68.1,63.6,68.1,1218202,EQ,2704.0,450.52,483623.0
2022-09-05,70.8,70.8,65.25,65.75,1047418,EQ,5501.0,190.41,520856.0
2022-09-06,66.3,67.05,63.55,64.8,293120,EQ,1932.0,151.72,178334.0
2022-09-07,63.6,67.4,63.6,65.1,223508,EQ,1847.0,121.01,130332.0
2022-09-08,65.25,66.4,63.25,63.8,164814,EQ,1348.0,122.27,122886.0
2022-09-09,65.0,65.0,60.75,61.05,375316,EQ,2496.0,150.37,241078.0
2022-09-12,61.05,64.1,61.05,64.1,200456,EQ,1184.0,169.3,156673.0
2022-09-13,63.75,65.8,63.0,63.75,214759,BE,894.0,240.22,214759.0
2022-09-14,63.75,64.4,62.0,63.4,158825,BE,592.0,268.29,158825.0
2022-09-15,64.0,64.3,61.05,62.3,114678,BE,562.0,204.05,114678.0
2022-09-16,63.05,65.0,60.8,61.9,229117,BE,865.0,264.88,229117.0
2022-09-19,62.0,64.5,61.0,61.95,208939,BE,542.0,385.5,208939.0
2022-09-20,63.0,64.95,61.3,62.55,143238,BE,602.0,237.94,143238.0
2022-09-21,62.0,63.0,60.9,61.6,79047,BE,330.0,239.54,79047.0
2022-09-22,60.9,62.7,60.5,62.15,58187,BE,373.0,156.0,58187.0
2022-09-23,61.15,62.8,59.4,59.95,140379,BE,415.0,338.26,140379.0
2022-09-26,59.25,59.9,57.0,57.0,124432,BE,363.0,342.79,124432.0
2022-09-27,56.0,57.9,54.35,56.95,50633,BE,367.0,137.96,50633.0
2022-09-28,56.75,56.75,55.4,55.8,30135,BE,207.0,145.58,30135.0
2022-09-29,56.5,57.55,53.2,55.4,131079,BE,423.0,309.88,131079.0
2022-09-30,55.7,57.0,55.05,56.65,41196,BE,241.0,170.94,41196.0
2022-10-03,57.5,58.5,56.05,56.25,56988,BE,230.0,247.77,56988.0
2022-10-04,57.4,58.0,56.0,57.75,42298,BE,199.0,212.55,42298.0
2022-10-06,58.45,60.05,56.8,58.55,111403,BE,535.0,208.23,111403.0
2022-10-07,58.95,61.45,58.0,60.95,97520,BE,454.0,214.8,97520.0
2022-10-10,61.05,62.95,59.0,59.6,88398,BE,405.0,218.27,88398.0
2022-10-11,59.6,60.4,57.1,57.65,34681,BE,230.0,150.79,34681.0
2022-10-12,58.4,58.8,56.95,57.95,34564,BE,267.0,129.45,34564.0
2022-10-13,56.65,58.9,55.8,56.3,69441,BE,312.0,222.57,69441.0
2022-10-14,56.55,58.25,56.55,57.15,60951,BE,287.0,212.37,60951.0
2022-10-17,56.5,56.7,55.3,56.15,35770,BE,262.0,136.53,35770.0
2022-10-18,56.5,56.85,55.25,55.95,24049,BE,184.0,130.7,24049.0
2022-10-19,55.65,56.95,55.65,56.4,24031,BE,168.0,143.04,24031.0
2022-10-20,56.85,56.85,55.7,55.95,30001,BE,150.0,200.01,30001.0
2022-10-21,55.95,57.6,54.2,54.7,127870,BE,592.0,216.0,127870.0
2022-10-24,56.0,56.2,55.0,55.85,13867,BE,172.0,80.62,13867.0
2022-10-25,56.05,57.75,55.4,56.9,213778,BE,199.0,1074.26,213778.0
2022-10-27,56.5,56.85,55.55,56.2,31183,BE,225.0,138.59,31183.0
2022-10-28,56.95,57.0,55.55,55.75,46486,BE,212.0,219.27,46486.0
2022-10-31,56.0,58.5,56.0,58.5,70980,BE,300.0,236.6,70980.0
2022-11-01,61.4,61.4,61.15,61.4,83961,BE,307.0,273.49,83961.0
2022-11-02,64.45,64.45,62.0,62.95,258965,BE,1312.0,197.38,258965.0
2022-11-03,63.5,66.05,61.7,65.15,267707,BE,979.0,273.45,267707.0
2022-11-04,67.5,68.4,67.5,68.4,315272,BE,809.0,389.71,315272.0
2022-11-07,71.8,71.8,66.0,67.45,512727,BE,1703.0,301.07,512727.0
2022-11-09,65.0,70.0,65.0,67.9,213474,BE,994.0,214.76,213474.0
2022-11-10,64.55,64.55,64.55,64.55,50531,BE,213.0,237.23,50531.0
2022-11-11,63.0,64.55,61.35,61.35,110878,BE,591.0,187.61,110878.0
2022-11-14,59.75,63.75,58.3,60.05,206519,BE,975.0,211.81,206519.0
2022-11-15,59.95,62.2,59.15,61.45,90955,BE,975.0,93.29,90955.0
2022-11-16,61.35,62.0,59.9,60.2,56254,BE,351.0,160.27,56254.0
2022-11-17,60.0,63.2,58.25,62.6,136930,BE,750.0,182.57,136930.0
2022-11-18,63.2,65.7,63.2,65.7,186567,BE,852.0,218.98,186567.0
2022-11-21,68.95,68.95,65.65,67.9,371674,BE,1281.0,290.14,371674.0
2022-11-22,67.9,68.0,64.9,65.75,75270,BE,553.0,136.11,75270.0
2022-11-23,65.5,66.9,65.0,66.2,56864,BE,369.0,154.1,56864.0
2022-11-24,65.75,66.05,63.2,65.1,127859,BE,715.0,178.82,127859.0
2022-11-25,64.95,67.0,64.35,65.55,75045,BE,441.0,170.17,75045.0
2022-11-28,67.4,68.3,65.4,67.15,96449,BE,683.0,141.21,96449.0
2022-11-29,68.1,68.35,65.0,65.65,80816,BE,526.0,153.64,80816.0
2022-11-30,65.3,66.7,63.75,64.65,107479,BE,443.0,242.62,107479.0
2022-12-01,65.65,66.35,63.8,65.3,132835,BE,393.0,338.0,132835.0
2022-12-02,65.85,67.1,64.5,66.35,82780,BE,297.0,278.72,82780.0
2022-12-05,67.0,69.65,66.5,69.65,238304,BE,998.0,238.78,238304.0
2022-12-06,72.3,73.1,66.55,73.1,941290,EQ,3065.0,307.11,433782.0
2022-12-07,74.0,75.75,69.5,71.8,457222,EQ,3455.0,132.34,282073.0
2022-12-08,71.25,73.4,71.05,72.4,360408,EQ,1769.0,203.74,269464.0
2022-12-09,73.3,73.3,68.85,69.6,184378,EQ,1858.0,99.23,112882.0
2022-12-12,70.0,73.05,69.25,73.05,329541,EQ,1894.0,173.99,203358.0
2022-12-13,74.95,76.7,74.05,76.7,349956,EQ,1469.0,238.23,309680.0
2022-12-14,80.5,80.5,77.1,78.4,1420375,EQ,5206.0,272.83,531528.0
2022-12-15,79.65,79.65,75.5,76.0,186489,EQ,2129.0,87.59,113238.0
2022-12-16,73.65,75.85,72.65,73.65,168773,EQ,1652.0,102.16,106815.0
2022-12-19,72.75,73.4,70.35,72.35,138649,EQ,1395.0,99.39,95562.0
2022-12-20,72.5,74.55,72.0,72.55,119889,EQ,1084.0,110.6,81977.0
2022-12-21,72.15,73.7,68.95,68.95,277305,EQ,1311.0,211.52,243008.0
2022-12-22,70.0,70.6,65.55,67.55,298695,EQ,1889.0,158.12,208365.0
2022-12-23,66.6,67.0,64.2,64.2,177075,EQ,1063.0,166.58,145370.0
2022-12-26,64.2,67.4,62.05,67.4,181960,EQ,1319.0,137.95,134895.0
2022-12-27,68.0,68.5,66.5,67.05,160653,EQ,1073.0,149.72,109932.0
2022-12-28,67.15,68.75,67.15,68.3,78484,EQ,777.0,101.01,46991.0
2022-12-29,67.05,69.05,66.65,67.5,99501,EQ,813.0,122.39,63224.0
2022-12-30,67.25,70.1,67.25,67.85,88154,EQ,651.0,135.41,52400.0
2023-01-02,69.7,69.7,67.45,68.3,27886,EQ,377.0,73.97,18077.0
2023-01-03,67.35,71.7,67.3,71.7,168133,EQ,946.0,177.73,126501.0
2023-01-04,75.25,75.25,75.25,75.25,194384,EQ,514.0,378.18,165556.0
2023-01-05,75.8,79.0,72.85,78.85,867265,EQ,5905.0,146.87,521807.0
2023-01-06,78.6,80.4,76.0,76.5,279107,EQ,2783.0,100.29,175110.0
2023-01-09,77.7,78.3,73.85,74.15,231294,EQ,1759.0,131.49,175332.0
2023-01-10,71.15,75.75,71.1,75.1,139467,EQ,1292.0,107.95,71923.0
2023-01-11,77.0,77.6,74.6,75.4,111027,EQ,1120.0,99.13,76913.0
2023-01-12,75.55,76.3,73.0,73.7,122555,EQ,1111.0,110.31,89537.0
2023-01-13,74.65,77.35,73.15,77.35,205230,EQ,1272.0,161.34,117362.0
2023-01-16,78.45,78.9,73.65,74.2,262647,EQ,4127.0,63.64,174526.0
2023-01-17,73.25,75.35,72.6,74.15,109555,EQ,1613.0,67.92,58308.0
2023-01-18,74.85,75.55,74.35,74.9,120293,EQ,1112.0,108.18,92946.0
2023-01-19,74.05,75.5,73.6,74.15,52493,EQ,546.0,96.14,39589.0
2023-01-20,74.8,75.05,73.1,73.7,59425,EQ,698.0,85.14,39002.0
2023-01-23,74.2,75.55,73.0,74.65,68537,EQ,750.0,91.38,44343.0
2023-01-24,75.9,75.9,72.65,73.1,111385,EQ,756.0,147.33,97719.0
2023-01-25,74.0,74.0,70.65,71.3,49852,EQ,829.0,60.14,32603.0
2023-01-27,71.65,71.95,67.75,67.8,132540,EQ,939.0,141.15,99815.0
2023-01-30,67.75,68.95,65.55,66.45,102876,EQ,1193.0,86.23,57587.0
2023-01-31,67.0,69.75,66.65,68.95,149178,EQ,1098.0,135.86,111076.0
2023-02-01,69.8,70.7,65.5,66.45,78000,EQ,1014.0,76.92,49136.0
2023-02-02,66.65,69.15,66.0,67.05,153952,EQ,789.0,195.12,123651.0
2023-02-03,67.0,69.0,66.0,68.2,135939,EQ,1192.0,114.04,89857.0
2023-02-06,68.75,68.75,66.1,67.35,39023,EQ,442.0,88.29,20544.0
2023-02-07,67.95,67.95,66.0,66.2,44976,EQ,482.0,93.31,32718.0
2023-02-08,67.0,68.7,66.4,68.05,68050,EQ,769.0,88.49,52598.0
2023-02-09,68.05,68.65,66.95,67.05,95305,EQ,554.0,172.03,80521.0
2023-02-10,66.1,67.25,64.5,64.8,60217,EQ,814.0,73.98,44031.0
2023-02-13,66.3,66.3,63.05,63.35,37992,EQ,692.0,54.9,23130.0
2023-02-14,62.0,62.0,60.2,61.1,193274,EQ,1908.0,101.3,164475.0
2023-02-15,61.6,62.2,60.55,61.7,55156,EQ,578.0,95.43,33979.0
2023-02-16,62.5,63.6,60.35,61.55,102515,EQ,1857.0,55.2,59755.0
2023-02-17,61.45,62.75,61.4,61.75,35565,EQ,722.0,49.26,18336.0
2023-02-20,62.9,63.55,61.1,61.8,65824,EQ,781.0,84.28,42751.0
2023-02-21,62.15,63.2,61.6,62.75,52672,EQ,594.0,88.67,39274.0
2023-02-22,63.2,63.25,59.65,59.65,67729,EQ,993.0,68.21,57484.0
2023-02-23,59.65,60.35,57.9,59.1,115841,EQ,1028.0,112.69,84931.0
2023-02-24,59.35,59.85,57.2,58.2,61883,EQ,1067.0,58.0,42542.0
2023-02-27,58.15,58.65,56.55,57.0,83027,EQ,736.0,112.81,61595.0
2023-02-28,57.0,58.05,57.0,57.7,22144,EQ,397.0,55.78,14508.0
2023-03-01,58.15,60.55,56.6,60.55,89514,EQ,1201.0,74.53,67805.0
2023-03-02,61.2,62.25,58.7,61.95,109923,EQ,1052.0,104.49,81379.0
2023-03-03,62.3,62.3,59.55,59.7,80996,EQ,818.0,99.02,60731.0
2023-03-06,61.0,61.0,59.1,59.5,53227,EQ,615.0,86.55,36760.0
2023-03-08,59.95,60.2,59.0,59.25,134917,EQ,683.0,197.54,67411.0
2023-03-09,59.3,60.0,58.0,58.3,81472,EQ,592.0,137.62,57439.0
2023-03-10,58.3,59.05,57.5,58.4,30309,EQ,393.0,77.12,21049.0
2023-03-13,58.9,58.9,55.5,55.7,172012,EQ,1418.0,121.31,128167.0
2023-03-14,55.6,55.6,53.05,54.5,141148,EQ,1016.0,138.93,92822.0
2023-03-15,55.0,55.35,53.05,53.65,147812,EQ,830.0,178.09,124906.0
2023-03-16,54.0,56.3,53.2,56.2,137521,EQ,1116.0,123.23,91214.0
2023-03-17,56.0,57.1,54.55,55.6,90806,EQ,1126.0,80.64,53271.0
2023-03-20,55.0,55.5,54.0,54.5,55975,EQ,541.0,103.47,42116.0
2023-03-21,53.95,55.5,53.95,54.8,51839,EQ,672.0,77.14,36850.0
2023-03-22,55.1,57.0,54.8,56.35,127475,EQ,778.0,163.85,98955.0
2023-03-23,55.75,59.15,55.75,56.9,196638,EQ,1074.0,183.09,144226.0
2023-03-24,57.5,57.5,55.2,55.7,74854,EQ,606.0,123.52,52922.0
2023-03-27,56.85,56.85,53.25,53.55,68606,EQ,1234.0,55.6,48242.0
2023-03-28,53.95,53.95,51.1,51.4,99562,EQ,1333.0,74.69,78768.0
2023-03-29,51.4,53.2,49.75,50.35,237136,EQ,1379.0,171.96,169272.0
2023-03-31,51.95,52.85,50.6,52.7,306906,EQ,1013.0,302.97,224383.0
2023-04-03,53.95,55.3,53.55,54.7,162467,EQ,880.0,184.62,117766.0
2023-04-05,56.2,56.4,54.3,55.8,112544,EQ,849.0,132.56,66451.0
2023-04-06,55.2,58.55,55.2,57.75,187331,EQ,954.0,196.36,133113.0
2023-04-10,59.75,60.6,58.05,60.45,449871,EQ,1207.0,372.72,317524.0
2023-04-11,61.0,63.8,58.55,61.8,410535,EQ,3019.0,135.98,214282.0
2023-04-12,60.7,62.0,58.0,58.9,209959,EQ,1273.0,164.93,114800.0
2023-04-13,60.75,64.75,60.45,64.75,1047642,EQ,2489.0,420.91,602212.0
2023-04-17,64.7,68.95,63.45,64.35,680074,EQ,4442.0,153.1,269538.0
2023-04-18,63.6,66.35,63.45,63.6,143219,EQ,804.0,178.13,89264.0
2023-04-19,64.0,64.9,63.4,63.75,108164,EQ,674.0,160.48,70539.0
2023-04-20,63.75,66.0,63.75,64.2,87180,EQ,665.0,131.1,33142.0
2023-04-21,64.75,64.75,62.4,62.65,101527,EQ,805.0,126.12,49354.0
2023-04-24,62.7,63.05,60.45,61.15,185815,EQ,1189.0,156.28,114372.0
2023-04-25,61.75,63.3,61.3,61.7,102379,EQ,840.0,121.88,48295.0
2023-04-26,62.3,67.85,61.4,67.85,581302,EQ,2428.0,239.42,347866.0
2023-04-27,69.25,72.2,67.05,68.2,769717,EQ,5629.0,136.74,303309.0
2023-04-28,68.55,69.0,66.0,66.35,338061,EQ,2035.0,166.12,185276.0
2023-05-02,67.8,67.8,64.5,65.3,153735,EQ,1497.0,102.7,87116.0
2023-05-03,65.35,66.5,63.15,64.05,171291,EQ,1820.0,94.12,99366.0
2023-05-04,64.5,69.7,64.5,67.35,737365,EQ,3692.0,199.72,282873.0
2023-05-05,66.85,67.8,65.5,65.7,107506,EQ,808.0,133.05,67379.0
2023-05-08,65.25,68.35,65.25,66.95,167681,EQ,1249.0,134.25,61183.0
2023-05-09,66.85,67.5,64.15,65.3,86966,EQ,680.0,127.89,58929.0
2023-05-10,65.7,66.85,63.6,65.45,237049,EQ,1645.0,144.1,86538.0
2023-05-11,68.95,69.8,65.3,65.95,520043,EQ,3287.0,158.21,249273.0
2023-05-12,66.0,66.8,64.4,65.0,156836,EQ,1029.0,152.42,94657.0
2023-05-15,65.7,70.5,64.85,67.6,1188503,EQ,4924.0,241.37,689379.0
2023-05-16,69.0,71.1,68.05,70.0,654049,EQ,3664.0,178.51,443731.0
2023-05-17,69.3,72.4,68.5,70.0,355621,EQ,2339.0,152.04,172875.0
2023-05-18,70.55,77.0,69.15,76.85,2289860,EQ,9412.0,243.29,1192011.0
2023-05-19,77.0,80.65,75.15,77.15,1896545,EQ,9570.0,198.18,723890.0
2023-05-22,77.2,78.3,72.05,72.85,1046602,EQ,4528.0,231.14,748433.0
2023-05-23,73.1,75.9,71.9,72.95,658149,EQ,4100.0,160.52,360652.0
2023-05-24,72.7,76.5,72.25,75.5,558545,EQ,3725.0,149.94,391417.0
2023-05-25,75.9,76.95,71.6,73.15,468707,EQ,2943.0,159.26,344141.0
2023-05-26,75.0,77.0,71.3,72.15,494365,EQ,2786.0,177.45,334214.0
2023-05-29,74.75,74.75,70.9,72.75,421152,EQ,3269.0,128.83,200693.0
2023-05-30,72.9,75.0,72.05,73.15,343462,EQ,2421.0,141.87,222277.0
2023-05-31,73.0,74.1,71.75,72.25,166260,EQ,1325.0,125.48,93689.0
2023-06-01,73.0,79.45,72.75,79.45,1806919,EQ,12428.0,145.39,949109.0
2023-06-02,81.7,87.35,79.75,87.2,4198268,EQ,20788.0,201.96,1661896.0
2023-06-05,88.1,95.9,88.1,95.9,2443806,EQ,15872.0,153.97,1225583.0
2023-06-06,98.0,98.0,91.1,91.1,1252957,EQ,8702.0,143.98,753258.0
2023-06-07,90.0,92.7,87.6,90.5,1251680,EQ,8668.0,144.4,687805.0
2023-06-08,90.5,91.6,86.0,86.65,581875,BE,2647.0,219.82,581875.0
2023-06-09,84.35,87.5,84.0,85.0,202857,BE,862.0,235.33,202857.0
2023-06-12,85.6,86.3,83.5,84.85,110206,BE,701.0,157.21,110206.0
2023-06-13,84.5,87.0,84.5,85.2,181381,BE,670.0,270.72,181381.0
2023-06-14,84.6,86.9,83.2,84.8,244564,BE,785.0,311.55,244564.0
2023-06-15,86.25,89.0,85.0,88.95,527612,BE,1667.0,316.5,527612.0
2023-06-16,88.0,92.65,86.0,87.5,579910,BE,1357.0,427.35,579910.0
2023-06-19,89.0,89.0,84.3,85.2,152077,BE,711.0,213.89,152077.0
2023-06-20,86.0,87.45,83.9,85.45,150178,BE,640.0,234.65,150178.0
2023-06-21,85.0,86.0,83.75,84.45,149776,BE,792.0,189.11,149776.0
2023-06-22,84.5,84.5,80.9,82.05,166684,BE,754.0,221.07,166684.0
2023-06-23,81.05,82.0,79.0,80.0,153344,BE,668.0,229.56,153344.0
2023-06-26,80.0,80.1,77.0,78.45,138887,BE,760.0,182.75,138887.0
2023-06-27,78.6,82.15,78.05,79.55,293565,BE,1065.0,275.65,293565.0
2023-06-28,80.0,80.7,78.3,79.7,205866,BE,634.0,324.71,205866.0
2023-06-30,79.5,83.65,79.0,83.65,420017,BE,727.0,577.74,420017.0
2023-07-03,87.8,87.8,87.8,87.8,69370,BE,249.0,278.59,69370.0
2023-07-04,92.15,92.15,92.15,92.15,99805,BE,379.0,263.34,99805.0
2023-07-05,96.75,96.75,90.35,95.05,805205,BE,2476.0,325.2,805205.0
2023-07-10,93.15,93.15,93.15,93.15,13589,BE,,,
2023-07-17,91.3,92.9,91.3,91.4,475693,BE,,,
2023-07-24,93.2,93.2,93.2,93.2,456321,BE,,,
2023-07-25,95.05,95.05,95.05,95.05,74463,BE,,,
2023-07-26,96.95,96.95,96.95,96.95,53490,BE,,,
2023-07-27,98.85,98.85,98.85,98.85,64622,BE,,,
2023-07-28,100.8,100.8,100.8,100.8,55370,BE,,,
2023-07-31,102.8,102.8,102.8,102.8,51005,BE,,,
2023-08-01,104.85,104.85,102.8,104.85,592066,BE,,,
2023-08-02,106.9,106.9,106.9,106.9,65472,BE,,,
2023-08-03,109.0,109.0,109.0,109.0,35296,BE,,,
2023-08-04,111.15,111.15,111.15,111.15,54330,BE,,,
2023-08-07,113.35,113.35,113.35,113.35,727640,BE,,,
2023-08-08,115.6,115.6,115.6,115.6,101685,BE,,,
2023-08-09,117.9,117.9,117.9,117.9,217832,BE,,,
2023-08-10,115.55,115.55,115.55,115.55,115343,BE,,,
2023-08-11,113.25,113.25,113.25,113.25,8533,BE,,,
2023-08-14,111.0,111.0,111.0,111.0,9809,BE,,,
2023-08-16,108.8,110.1,108.8,109.0,400414,BE,,,
2023-08-17,106.85,106.85,106.85,106.85,99719,BE,,,
2023-08-18,104.75,104.75,104.75,104.75,18400,BE,,,
2023-08-21,102.65,102.65,102.65,102.65,61046,BE,,,
2023-08-22,100.6,100.6,100.6,100.6,62590,BE,,,
2023-08-23,102.6,102.6,101.95,101.95,451532,BE,,,
2023-08-24,101.9,101.9,99.95,99.95,335528,BE,,,
2023-08-25,97.95,97.95,97.95,97.95,112030,BE,332.0,337.44,112030.0
2023-08-28,97.9,102.8,93.05,102.8,1019263,BE,1828.0,557.58,1019263.0
2023-08-29,107.0,107.9,105.0,107.9,320739,BE,564.0,568.69,320739.0
2023-08-30,113.25,113.25,113.25,113.25,109299,BE,259.0,422.0,109299.0
2023-08-31,118.9,118.9,118.9,118.9,118498,BE,308.0,384.73,118498.0
2023-09-01,124.8,124.8,115.0,124.8,1029350,BE,3816.0,269.75,1029350.0
2023-09-04,131.0,131.0,125.95,131.0,709622,BE,2739.0,259.08,709622.0
2023-09-05,135.0,137.55,133.6,137.45,693812,BE,2716.0,255.45,693812.0
2023-09-06,134.7,134.7,134.7,134.7,91975,BE,370.0,248.58,91975.0
2023-09-07,132.0,132.0,132.0,132.0,52179,BE,203.0,257.04,52179.0
2023-09-08,129.4,129.4,129.4,129.4,18442,BE,175.0,105.38,18442.0
2023-09-11,126.85,126.85,126.85,126.85,20081,BE,173.0,116.08,20081.0
2023-09-12,124.35,124.35,124.35,124.35,15384,BE,105.0,146.51,15384.0
2023-09-13,121.9,121.9,121.9,121.9,22756,BE,116.0,196.17,22756.0
2023-09-14,124.3,124.3,124.3,124.3,239798,BE,521.0,460.26,239798.0
2023-09-15,124.0,124.0,121.85,121.85,311013,BE,278.0,1118.75,311013.0
2023-09-18,119.45,119.45,119.45,119.45,70471,BE,166.0,424.52,70471.0
2023-09-20,117.1,117.1,117.1,117.1,41536,BE,142.0,292.51,41536.0
2023-09-21,114.75,114.75,114.75,114.75,74206,BE,179.0,414.56,74206.0
2023-09-22,112.45,114.9,112.45,112.7,455889,BE,493.0,924.72,455889.0
2023-09-25,114.4,114.4,111.6,113.1,154485,BE,281.0,549.77,154485.0
2023-09-26,110.85,112.25,110.85,112.25,240126,BE,291.0,825.18,240126.0
2023-09-27,111.1,112.0,111.1,111.75,105304,BE,225.0,468.02,105304.0
2023-09-28,113.95,113.95,113.95,113.95,32754,BE,181.0,180.96,32754.0
2023-09-29,116.2,116.2,116.2,116.2,12639,BE,114.0,110.87,12639.0
2023-10-03,118.5,118.5,118.5,118.5,16413,BE,114.0,143.97,16413.0
2023-10-04,120.85,120.85,120.85,120.85,87546,BE,128.0,683.95,87546.0
2023-10-05,123.25,123.25,123.25,123.25,38870,BE,146.0,266.23,38870.0
2023-10-06,125.7,125.7,125.7,125.7,17841,BE,147.0,121.37,17841.0
2023-10-09,131.95,131.95,131.95,131.95,71825,BE,463.0,155.13,71825.0
2023-10-10,138.5,138.5,138.5,138.5,55869,BE,412.0,135.6,55869.0
2023-10-11,145.4,145.4,145.4,145.4,70625,BE,429.0,164.63,70625.0
2023-10-12,152.65,152.65,152.65,152.65,72225,BE,439.0,164.52,72225.0
2023-10-13,160.25,160.25,160.25,160.25,112039,BE,617.0,181.59,112039.0
2023-10-16,168.25,168.25,161.5,168.25,2029069,BE,3622.0,560.21,2029069.0
2023-10-17,170.0,176.65,162.25,176.65,720569,BE,2910.0,247.62,720569.0
2023-10-18,180.15,180.15,173.15,173.15,339322,BE,791.0,428.98,339322.0
2023-10-19,169.7,171.7,169.7,171.7,149454,BE,544.0,274.73,149454.0
2023-10-20,175.1,175.1,168.3,168.3,248222,BE,462.0,537.28,248222.0
2023-10-23,164.95,164.95,164.95,164.95,95270,BE,222.0,429.14,95270.0
2023-10-25,162.5,163.6,161.65,161.65,93306,BE,348.0,268.12,93306.0
2023-10-26,158.45,158.45,158.45,158.45,29822,BE,118.0,252.73,29822.0
2023-10-27,161.6,161.6,161.0,161.6,99311,BE,419.0,237.02,99311.0
2023-10-30,159.0,164.8,159.0,164.8,94654,BE,271.0,349.28,94654.0
2023-10-31,168.05,168.05,165.4,165.4,86318,BE,252.0,342.53,86318.0
2023-11-01,163.0,163.5,162.1,162.1,60143,BE,184.0,326.86,60143.0
2023-11-02,159.0,159.1,158.85,158.85,65454,BE,244.0,268.25,65454.0
2023-11-03,162.0,162.0,162.0,162.0,26372,BE,107.0,246.47,26372.0
2023-11-06,165.2,165.2,165.2,165.2,11879,BE,89.0,133.47,11879.0
2023-11-07,168.5,168.5,168.5,168.5,13764,BE,104.0,132.35,13764.0
2023-11-08,171.85,171.85,171.85,171.85,165098,BE,155.0,1065.15,165098.0
2023-11-09,175.25,175.25,171.0,173.0,184311,BE,254.0,725.63,184311.0
2023-11-10,174.85,174.85,169.6,169.6,29672,BE,151.0,196.5,29672.0
2023-11-12,170.0,170.0,170.0,170.0,5226,BE,57.0,91.68,5226.0
2023-11-13,170.0,173.4,170.0,173.4,47943,BE,266.0,180.24,47943.0
2023-11-15,176.85,176.85,176.85,176.85,29698,BE,165.0,179.99,29698.0
2023-11-16,180.35,180.35,180.35,180.35,76737,BE,319.0,240.55,76737.0
2023-11-17,183.95,183.95,183.95,183.95,24581,BE,126.0,195.09,24581.0
2023-11-20,187.6,187.6,187.6,187.6,29896,BE,159.0,188.03,29896.0
2023-11-21,191.35,191.35,189.75,191.35,170099,BE,443.0,383.97,170099.0
2023-11-22,195.0,195.15,195.0,195.15,136443,BE,260.0,524.78,136443.0
2023-11-23,198.95,198.95,191.25,191.25,102295,BE,316.0,323.72,102295.0
2023-11-24,188.0,190.0,187.45,190.0,94351,BE,258.0,365.7,94351.0
2023-11-28,192.5,193.8,186.2,186.2,105840,BE,292.0,362.47,105840.0
2023-11-29,182.5,184.3,182.5,183.3,93938,BE,274.0,342.84,93938.0
2023-11-30,181.0,181.5,179.65,179.65,65193,BE,257.0,253.67,65193.0
2023-12-01,179.0,180.0,178.9,178.9,79415,BE,273.0,290.9,79415.0
2023-12-04,181.05,182.45,181.05,182.45,32461,BE,180.0,180.34,32461.0
2023-12-05,186.05,186.05,180.0,180.0,53172,BE,214.0,248.47,53172.0
2023-12-06,179.0,180.8,177.0,177.0,32321,BE,200.0,161.6,32321.0
2023-12-07,173.5,175.0,173.5,173.5,83204,BE,284.0,292.97,83204.0
2023-12-08,170.05,173.0,170.05,172.0,95073,BE,253.0,375.78,95073.0
2023-12-11,178.7,180.6,175.0,180.6,107487,BE,491.0,218.91,107487.0
2023-12-12,189.6,189.6,189.6,189.6,174734,BE,327.0,534.35,174734.0
2023-12-13,188.8,199.05,181.1,199.05,409481,BE,1666.0,245.79,409481.0
2023-12-14,201.0,206.9,195.6,201.25,249862,BE,1501.0,166.46,249862.0
2023-12-15,204.85,204.85,191.3,193.55,101673,BE,1067.0,95.29,101673.0
2023-12-18,195.0,197.9,185.0,190.4,149843,BE,914.0,163.94,149843.0
2023-12-19,187.7,192.9,182.6,186.25,141714,BE,986.0,143.73,141714.0
2023-12-20,190.0,192.0,176.95,177.3,152604,BE,1034.0,147.59,152604.0
2023-12-21,172.5,181.8,168.45,178.7,107926,BE,812.0,132.91,107926.0
2023-12-22,179.9,187.6,179.9,187.6,138658,BE,714.0,194.2,138658.0
2023-12-26,196.95,196.95,196.95,196.95,67244,EQ,306.0,219.75,67244.0
2023-12-27,206.75,206.75,191.05,195.45,584373,EQ,2334.0,250.37,310161.0
2023-12-28,196.4,197.5,186.15,187.8,293790,EQ,2751.0,106.79,228248.0
2023-12-29,188.55,197.15,181.5,188.55,247964,EQ,3537.0,70.11,123406.0
2024-01-01,188.0,195.45,185.95,193.25,151342,EQ,2252.0,67.2,101424.0
2024-01-02,194.0,194.75,186.6,189.85,134034,EQ,2222.0,60.32,82644.0
2024-01-03,189.95,199.3,185.0,194.8,414066,EQ,3790.0,109.25,240640.0
2024-01-04,199.9,199.9,188.1,190.5,292229,EQ,3809.0,76.72,196502.0
2024-01-05,194.5,194.5,186.25,189.5,212806,EQ,2256.0,94.33,148908.0
2024-01-08,195.5,198.95,192.1,197.75,502971,EQ,3717.0,135.32,274453.0
2024-01-09,206.0,206.0,195.0,196.0,261563,EQ,3123.0,83.75,182068.0
2024-01-10,191.0,198.5,188.0,190.85,202599,EQ,3221.0,62.9,130732.0
2024-01-11,192.0,200.35,190.35,198.15,251451,EQ,3181.0,79.05,151586.0
2024-01-12,198.65,198.65,192.0,192.45,134655,EQ,1988.0,67.73,83779.0
2024-01-15,194.6,196.5,188.8,189.8,179200,EQ,2357.0,76.03,129655.0
2024-01-16,191.95,193.8,182.2,183.35,232831,EQ,3529.0,65.98,153972.0
2024-01-17,183.35,188.2,180.35,183.4,188298,EQ,2955.0,63.72,121211.0
2024-01-18,181.6,188.1,179.85,183.7,137967,EQ,1923.0,71.75,86046.0
2024-01-19,185.2,189.0,184.7,187.1,190184,EQ,1802.0,105.54,134551.0
2024-01-20,190.0,190.0,183.9,186.25,82359,EQ,1234.0,66.74,53590.0
2024-01-23,188.75,189.55,176.95,177.0,134752,EQ,2232.0,60.37,101680.0
2024-01-24,177.0,181.9,171.15,175.4,119284,EQ,1693.0,70.46,72466.0
2024-01-25,175.5,181.0,173.0,174.25,133477,EQ,2074.0,64.36,89746.0
2024-01-29,178.65,182.95,178.55,182.95,34932,EQ,393.0,88.89,33840.0
2024-01-30,192.05,192.05,186.95,192.05,541756,EQ,2151.0,251.86,303436.0
2024-01-31,198.5,200.0,185.4,197.55,530725,EQ,4637.0,114.45,375479.0
2024-02-01,200.0,200.0,188.1,190.75,446321,EQ,2361.0,189.04,268121.0
2024-02-02,182.25,198.0,182.25,193.65,526078,EQ,4569.0,115.14,349778.0
2024-02-05,198.75,203.3,194.3,203.3,472456,EQ,2374.0,199.01,315275.0
2024-02-06,213.45,213.45,206.75,213.45,958821,EQ,3717.0,257.96,712447.0
2024-02-07,222.0,224.1,222.0,224.1,234292,EQ,1083.0,216.34,188119.0
2024-02-08,235.3,235.3,218.8,228.45,1061429,EQ,7475.0,142.0,492780.0
2024-02-09,229.0,231.0,217.05,217.05,268899,EQ,1618.0,166.19,202733.0
2024-02-12,209.0,216.7,206.2,206.2,121767,EQ,1371.0,88.82,96914.0
2024-02-13,195.9,205.85,195.9,200.05,182435,BE,973.0,187.5,182435.0
2024-02-14,191.5,204.95,190.55,197.8,159183,BE,933.0,170.61,159183.0
2024-02-15,202.5,205.0,188.5,193.7,127424,BE,933.0,136.57,127424.0
2024-02-16,193.7,197.8,190.0,192.15,82191,BE,680.0,120.87,82191.0
2024-02-19,197.0,201.75,195.0,201.75,180909,BE,704.0,256.97,180909.0
2024-02-20,203.0,211.8,195.0,211.4,284550,BE,1201.0,236.93,284550.0
2024-02-21,218.0,221.95,205.0,221.6,414007,BE,1978.0,209.31,414007.0
2024-02-22,226.0,232.65,220.0,232.65,378641,BE,2384.0,158.83,378641.0
2024-02-23,236.0,244.25,235.0,243.2,555656,BE,3517.0,157.99,555656.0
2024-02-26,250.0,255.35,248.0,255.35,142309,BE,830.0,171.46,142309.0
2024-02-27,268.1,268.1,255.0,262.15,542949,BE,4089.0,132.78,542949.0
2024-02-28,257.0,257.0,249.05,249.05,70081,BE,626.0,111.95,70081.0
2024-02-29,236.6,249.0,236.6,246.45,275819,BE,1402.0,196.73,275819.0
2024-03-01,245.95,249.05,239.15,242.45,142537,BE,1217.0,117.12,142537.0
2024-03-02,248.0,254.55,230.5,253.05,63624,BE,548.0,116.1,63624.0
2024-03-04,256.7,256.7,241.0,244.4,98993,BE,946.0,104.64,98993.0
2024-03-05,241.5,243.0,232.2,233.8,230881,BE,1552.0,148.76,230881.0
2024-03-06,225.15,232.45,222.15,228.9,217612,BE,1443.0,150.81,217612.0
2024-03-07,230.0,230.0,221.0,223.0,68697,BE,786.0,87.4,68697.0
2024-03-11,223.0,223.0,211.85,211.85,121440,BE,972.0,124.94,121440.0
2024-03-12,204.0,207.0,201.25,201.25,157863,BE,1326.0,119.05,157863.0
2024-03-13,200.8,204.9,191.2,191.2,128723,BE,730.0,176.33,128723.0
2024-03-14,181.65,200.75,181.65,200.45,187094,BE,1095.0,170.86,187094.0
2024-03-15,197.3,201.0,190.45,198.5,133241,BE,1044.0,127.63,133241.0
2024-03-18,199.9,200.9,192.0,198.6,73345,BE,649.0,113.01,73345.0
2024-03-19,198.35,207.0,192.2,196.35,130647,BE,907.0,144.04,130647.0
2024-03-20,198.0,198.0,189.0,190.6,92632,BE,753.0,123.02,92632.0
2024-03-21,190.7,200.1,190.7,200.1,58532,BE,446.0,131.24,58532.0
2024-03-22,209.75,210.1,204.0,210.1,106228,BE,859.0,123.66,106228.0
2024-03-26,209.9,216.0,199.6,203.2,100044,BE,686.0,145.84,100044.0
2024-03-27,197.15,210.5,197.15,206.2,121606,BE,669.0,181.77,121606.0
2024-03-28,212.5,212.7,198.0,202.3,176437,BE,1000.0,176.44,176437.0
2024-04-01,209.9,212.4,207.5,212.4,38896,BE,188.0,206.89,38896.0
2024-04-02,219.85,223.0,215.25,222.4,165504,BE,919.0,180.09,165504.0
2024-04-03,226.4,226.4,215.1,219.4,98425,BE,911.0,108.04,98425.0
2024-04-04,219.95,225.95,216.05,223.95,84798,BE,730.0,116.16,84798.0
2024-04-05,227.95,229.35,220.15,226.85,99143,BE,667.0,148.64,99143.0
2024-04-08,226.5,229.5,218.0,223.85,86570,BE,708.0,122.27,86570.0
2024-04-09,227.85,235.0,219.7,229.55,291000,BE,1490.0,195.3,291000.0
2024-04-10,227.0,229.8,219.05,220.4,111853,BE,923.0,121.18,111853.0
2024-04-12,223.0,226.4,211.2,213.55,175044,BE,855.0,204.73,175044.0
2024-04-15,204.1,216.6,202.9,210.3,130266,BE,907.0,143.62,130266.0
2024-04-16,208.0,217.0,205.2,213.15,107727,BE,643.0,167.54,107727.0
2024-04-18,213.15,223.8,213.0,221.75,132705,BE,820.0,161.84,132705.0
2024-04-19,215.05,224.5,211.2,219.45,98880,BE,679.0,145.63,98880.0
2024-04-22,221.0,230.4,219.0,230.4,206445,BE,1017.0,202.99,206445.0
2024-04-23,234.9,241.9,231.2,241.9,170012,BE,909.0,187.03,170012.0
2024-04-24,248.0,252.7,232.0,241.45,258378,BE,1643.0,157.26,258378.0
2024-04-25,242.7,243.25,235.0,237.9,97693,BE,825.0,118.42,97693.0
2024-04-26,239.95,240.0,231.5,234.0,93045,BE,788.0,118.08,93045.0
2024-04-29,237.95,239.5,227.0,231.4,86839,BE,803.0,108.14,86839.0
2024-04-30,231.5,234.8,226.9,229.75,52105,BE,569.0,91.57,52105.0
2024-05-02,232.95,232.95,223.0,223.75,83240,BE,889.0,93.63,83240.0
2024-05-03,224.0,229.65,212.6,218.15,142202,BE,1257.0,113.13,142202.0
2024-05-06,218.0,223.5,207.25,207.3,148723,BE,1382.0,107.61,148723.0
2024-05-07,206.95,208.0,196.95,197.15,306660,BE,1520.0,201.75,306660.0
2024-05-08,196.6,196.6,187.3,193.85,365498,BE,2053.0,178.03,365498.0
2024-05-09,192.3,193.5,184.15,185.35,302243,BE,2057.0,146.93,302243.0
2024-05-10,185.0,192.45,182.05,185.2,152881,BE,1076.0,142.08,152881.0
2024-05-13,190.0,194.45,182.65,194.45,142134,EQ,1478.0,96.17,95822.0
2024-05-14,200.0,204.15,199.7,204.15,55672,EQ,250.0,222.69,52331.0
2024-05-15,214.35,214.35,209.3,211.95,404554,EQ,3217.0,125.76,243663.0
2024-05-16,213.55,213.65,202.0,208.65,163128,EQ,2304.0,70.8,108527.0
2024-05-17,210.0,219.05,208.9,219.05,220407,EQ,1873.0,117.68,161887.0
2024-05-18,221.0,224.4,214.7,218.35,80638,EQ,1174.0,68.69,50090.0
2024-05-21,216.9,216.9,207.45,210.1,186095,EQ,2660.0,69.96,135176.0
2024-05-22,213.9,220.6,207.05,220.6,343619,EQ,2399.0,143.23,236274.0
2024-05-23,226.4,230.45,218.55,220.65,250161,EQ,3451.0,72.49,147043.0
2024-05-24,218.2,230.85,215.95,222.1,243235,EQ,3287.0,74.0,147329.0
2024-05-27,227.4,233.2,223.55,233.2,375019,EQ,3375.0,111.12,256104.0
2024-05-28,233.0,237.9,221.55,223.05,359933,EQ,4528.0,79.49,249019.0
2024-05-29,211.9,222.8,211.9,212.5,321387,EQ,3779.0,85.05,210630.0
2024-05-30,213.0,219.9,203.55,207.0,244288,EQ,4469.0,54.66,146111.0
2024-05-31,210.45,213.8,203.5,208.55,172010,EQ,3312.0,51.94,104370.0
2024-06-03,216.5,218.75,206.15,210.6,243246,EQ,3761.0,64.68,174062.0
2024-06-04,210.6,210.6,200.1,200.1,301858,EQ,1004.0,300.66,224137.0
2024-06-05,190.1,196.2,190.1,190.1,370406,EQ,2390.0,154.98,244371.0
2024-06-06,195.0,199.6,188.05,199.25,401416,EQ,4715.0,85.14,259954.0
2024-06-07,194.15,208.8,194.15,206.25,268634,EQ,3529.0,76.12,173153.0
2024-06-10,207.0,214.99,199.17,212.06,349908,EQ,4740.0,73.82,207633.0
2024-06-11,217.8,222.66,213.52,222.66,233517,EQ,2139.0,109.17,188328.0
2024-06-12,228.19,228.19,216.99,217.63,331562,EQ,4152.0,79.86,231591.0
2024-06-13,219.3,222.0,215.24,219.08,167520,EQ,3033.0,55.23,98203.0
2024-06-14,220.0,230.03,214.01,230.02,521511,EQ,6588.0,79.16,253869.0
2024-06-18,241.52,241.52,232.0,241.52,550553,EQ,6257.0,87.99,390713.0
2024-06-19,249.3,249.4,236.0,243.07,573972,EQ,7757.0,73.99,347336.0
2024-06-20,246.89,250.0,242.22,244.25,278173,EQ,4199.0,66.25,191398.0
2024-06-21,246.0,247.3,235.18,241.27,387794,EQ,4770.0,81.3,255486.0
2024-06-24,238.0,244.93,235.1,236.26,173468,EQ,3308.0,52.44,107412.0
2024-06-25,235.11,241.5,229.25,230.81,177232,EQ,3364.0,52.68,118752.0
2024-06-26,234.9,234.9,226.0,227.83,137945,EQ,2655.0,51.96,84629.0
2024-06-27,229.95,230.0,220.51,224.12,120662,EQ,2704.0,44.62,86526.0
2024-06-28,224.13,235.32,224.13,235.32,478314,EQ,3741.0,127.86,250259.0
2024-07-01,240.01,247.08,239.35,247.08,486339,EQ,5176.0,93.96,311691.0
2024-07-02,253.4,259.43,248.28,259.43,743943,EQ,6675.0,111.45,432409.0
2024-07-03,265.5,272.4,263.36,272.4,306034,EQ,1742.0,175.68,225726.0
2024-07-04,286.02,286.02,286.02,286.02,121637,EQ,614.0,198.11,121637.0
2024-07-05,300.32,300.32,287.0,300.32,1836114,EQ,12577.0,145.99,1009280.0
2024-07-08,304.85,315.33,296.6,315.33,956232,EQ,13751.0,69.54,511673.0
2024-07-09,321.7,331.09,320.0,331.09,544951,EQ,3904.0,139.59,381217.0
2024-07-10,344.0,347.64,314.53,346.52,3183121,EQ,25200.0,126.31,1176451.0
2024-07-11,355.0,363.84,353.5,363.84,975914,EQ,6434.0,151.68,451410.0
2024-07-12,376.0,382.03,345.64,347.09,2340071,EQ,25800.0,90.7,1066512.0
2024-07-15,343.0,364.44,332.5,334.92,1473316,EQ,17763.0,82.94,598574.0
2024-07-16,339.0,340.18,320.1,323.58,509130,EQ,10146.0,50.18,327936.0
2024-07-18,325.0,333.3,307.81,322.68,752632,EQ,13124.0,57.35,312345.0
2024-07-19,323.0,326.0,312.1,315.74,409775,EQ,8157.0,50.24,229345.0
2024-07-22,315.5,331.52,309.6,331.52,279786,EQ,5206.0,53.74,189883.0
2024-07-23,337.7,339.8,314.94,326.47,1237053,EQ,18693.0,66.18,400606.0
2024-07-24,331.85,342.79,328.72,342.79,158136,EQ,1336.0,118.37,128504.0
2024-07-25,348.4,359.92,346.55,359.92,291814,EQ,2205.0,132.34,218967.0
2024-07-26,377.91,377.91,353.06,361.87,1314643,EQ,18702.0,70.29,665632.0
2024-07-29,374.56,379.96,366.65,379.96,385633,EQ,4063.0,94.91,281783.0
2024-07-30,389.8,398.95,386.99,398.95,934313,EQ,5824.0,160.42,382991.0
2024-07-31,414.8,418.89,405.95,418.89,1337888,EQ,8711.0,153.59,582441.0
2024-08-01,428.0,438.7,397.95,397.95,1931330,EQ,29718.0,64.99,832918.0
2024-08-02,385.0,417.8,383.05,417.8,1145561,EQ,14758.0,77.62,605646.0
2024-08-05,400.2,414.4,396.95,396.95,696413,EQ,10059.0,69.23,397747.0
2024-08-06,396.95,412.0,377.1,377.1,1554818,EQ,14155.0,109.84,547201.0
2024-08-07,377.4,395.95,364.0,395.95,1019989,EQ,17691.0,57.66,374505.0
2024-08-08,390.0,394.45,376.15,376.9,779527,EQ,14120.0,55.21,383919.0
2024-08-09,377.7,382.7,362.45,376.2,799104,EQ,15076.0,53.01,312399.0
2024-08-12,366.65,388.8,362.3,374.45,797242,EQ,14497.0,54.99,286914.0
2024-08-13,367.7,373.95,355.75,355.75,436746,EQ,8427.0,51.83,273926.0
2024-08-14,348.5,353.95,338.0,338.35,674073,EQ,9255.0,72.83,256261.0
2024-08-16,344.0,355.25,333.0,355.25,633160,EQ,10051.0,62.99,252549.0
2024-08-19,359.0,373.0,353.35,373.0,380543,EQ,5923.0,64.25,195793.0
2024-08-20,380.0,382.3,362.2,369.9,659698,EQ,15391.0,42.86,297257.0
2024-08-21,369.9,388.35,366.95,388.35,747800,EQ,7863.0,95.1,362332.0
2024-08-22,384.0,393.7,372.15,374.7,563320,EQ,13894.0,40.54,258895.0
2024-08-23,379.6,393.25,372.0,373.35,522965,EQ,10310.0,50.72,201561.0
2024-08-26,373.35,380.0,356.05,358.2,429538,EQ,9979.0,43.04,241753.0
2024-08-27,360.6,368.1,354.35,358.3,232260,EQ,5725.0,40.57,104057.0
2024-08-28,358.95,361.5,340.4,344.7,289496,EQ,5199.0,55.68,153662.0
2024-08-29,349.9,356.0,338.8,345.1,344188,EQ,7620.0,45.17,140153.0
2024-08-30,346.8,351.0,337.0,339.6,189838,EQ,4195.0,45.25,95805.0
2024-09-02,341.8,343.0,323.0,326.15,616817,EQ,11406.0,54.08,362923.0
2024-09-03,328.95,335.25,320.25,321.85,329055,EQ,7300.0,45.08,183879.0
2024-09-04,320.0,332.8,319.95,321.8,466174,EQ,7888.0,59.1,253294.0
2024-09-05,323.6,326.45,317.85,319.65,243370,EQ,5123.0,47.51,131643.0
2024-09-06,322.75,322.75,309.0,313.75,276900,EQ,6078.0,45.56,164568.0
2024-09-09,316.85,316.85,304.8,311.65,267642,EQ,5626.0,47.57,125114.0
2024-09-10,310.0,325.4,310.0,321.4,296132,EQ,7052.0,41.99,153532.0
2024-09-11,326.9,326.9,310.5,313.0,216385,EQ,5587.0,38.73,114319.0
2024-09-12,316.5,316.5,306.3,309.1,222544,EQ,4257.0,52.28,127283.0
2024-09-13,311.5,324.55,310.3,324.55,138433,EQ,1904.0,72.71,102779.0
2024-09-16,340.75,340.75,310.55,325.15,638194,EQ,9338.0,68.34,256257.0
2024-09-17,328.0,329.3,311.25,315.5,302389,EQ,6481.0,46.66,167412.0
2024-09-18,316.75,318.9,303.05,307.0,265934,EQ,7486.0,35.52,159260.0
2024-09-19,314.9,316.7,292.0,300.55,413322,EQ,8639.0,47.84,219518.0
2024-09-20,304.7,315.55,299.75,315.25,641667,EQ,5371.0,119.47,284316.0
2024-09-23,315.25,325.5,306.45,320.0,558182,EQ,10164.0,54.92,171517.0
2024-09-24,320.8,320.8,307.0,308.9,226404,EQ,4505.0,50.26,140664.0
2024-09-25,311.6,313.05,302.1,304.8,195082,EQ,4008.0,48.67,118973.0
2024-09-26,305.0,315.0,304.0,306.85,206409,EQ,4693.0,43.98,97641.0
2024-09-27,306.85,312.0,301.0,302.15,117660,EQ,2389.0,49.25,78080.0
2024-09-30,300.35,308.4,296.6,306.8,207238,EQ,3864.0,53.63,115985.0
2024-10-01,306.8,313.65,300.1,301.4,104011,EQ,2371.0,43.87,64059.0
2024-10-03,292.35,302.7,286.35,288.7,374461,EQ,6450.0,58.06,226107.0
2024-10-04,288.7,303.1,285.0,294.85,412753,EQ,6268.0,65.85,167511.0
2024-10-07,299.7,302.9,280.1,280.1,248042,EQ,4079.0,60.81,153110.0
2024-10-08,272.15,308.1,272.0,308.1,734207,EQ,10069.0,72.92,246909.0
2024-10-09,308.4,324.0,305.05,316.2,539025,EQ,13207.0,40.81,229096.0
2024-10-10,324.0,328.4,316.4,319.6,323139,EQ,5844.0,55.29,149683.0
2024-10-11,322.6,332.2,317.0,328.8,324972,EQ,6907.0,47.05,145557.0
2024-10-14,335.0,339.15,328.8,333.0,424214,EQ,8148.0,52.06,240933.0
2024-10-15,332.85,332.85,320.2,322.3,184679,EQ,4715.0,39.17,88762.0
2024-10-16,320.0,328.7,316.0,320.25,182513,EQ,3756.0,48.59,72367.0
2024-10-17,323.4,334.35,315.15,318.35,271754,EQ,6087.0,44.64,100534.0
2024-10-18,315.25,318.85,301.35,305.55,261603,EQ,5621.0,46.54,140709.0
2024-10-21,308.2,310.95,294.4,295.35,203121,EQ,4293.0,47.31,103827.0
2024-10-22,295.0,298.35,283.75,286.25,374003,EQ,8263.0,45.26,221864.0
2024-10-23,286.0,296.3,278.05,280.1,418846,EQ,7975.0,52.52,196019.0
2024-10-24,280.15,284.4,274.05,276.15,172928,EQ,4078.0,42.41,82637.0
2024-10-25,276.4,279.65,256.2,267.2,414933,EQ,8988.0,46.17,210684.0
2024-10-28,276.9,289.7,270.1,278.75,426671,EQ,8172.0,52.21,203177.0
2024-10-29,255.0,275.0,254.1,272.15,842516,EQ,12570.0,67.03,227648.0
2024-10-30,274.0,289.1,269.95,285.6,329161,EQ,7352.0,44.77,179964.0
2024-10-31,285.0,288.0,277.85,279.5,229583,EQ,4136.0,55.51,105956.0
2024-11-01,280.0,288.0,275.05,285.8,530439,EQ,2319.0,228.74,484610.0
2024-11-04,290.0,305.6,287.0,293.9,996552,EQ,16467.0,60.52,526086.0
2024-11-05,294.45,323.25,293.2,320.45,2016067,EQ,17469.0,115.41,502638.0
2024-11-06,319.7,322.35,311.5,315.45,576879,EQ,11921.0,48.39,239329.0
2024-11-07,316.0,335.0,315.5,317.1,930820,EQ,14362.0,64.81,328198.0
2024-11-08,318.8,321.25,309.0,311.8,350804,EQ,6199.0,56.59,118152.0
2024-11-11,308.05,314.9,302.55,306.25,407312,EQ,8161.0,49.91,161088.0
2024-11-12,308.5,315.0,290.0,292.6,311767,EQ,5672.0,54.97,144825.0
2024-11-13,292.55,296.0,275.65,279.3,327006,EQ,6972.0,46.9,127711.0
2024-11-14,279.3,289.8,270.1,274.25,398975,EQ,6473.0,61.64,170227.0
2024-11-18,263.0,267.95,246.85,247.8,800501,EQ,13548.0,59.09,349063.0
2024-11-19,246.0,260.0,242.7,244.65,622163,EQ,11274.0,55.19,234852.0
2024-11-21,244.55,247.65,228.1,232.1,758653,EQ,10890.0,69.67,349647.0
2024-11-22,233.9,240.75,232.1,235.85,301369,EQ,6659.0,45.26,118114.0
2024-11-25,242.25,247.6,237.1,239.65,442059,EQ,3294.0,134.2,199402.0
2024-11-26,242.4,244.7,235.0,240.2,240009,EQ,5497.0,43.66,116116.0
2024-11-27,241.8,252.2,238.2,247.2,537802,EQ,6920.0,77.72,227242.0
2024-11-28,251.85,259.55,248.05,250.7,414580,EQ,5615.0,73.83,204037.0
2024-11-29,251.0,255.0,249.6,251.15,198555,EQ,3500.0,56.73,109147.0
2024-12-02,252.5,263.7,250.45,263.45,373551,EQ,5369.0,69.58,216158.0
2024-12-03,267.4,269.25,251.0,256.75,378707,EQ,6650.0,56.95,198830.0
2024-12-04,257.4,268.5,257.4,262.5,320648,EQ,5574.0,57.53,166531.0
2024-12-05,263.65,264.45,253.25,254.25,265732,EQ,4560.0,58.27,158624.0
2024-12-06,255.75,266.0,253.5,259.6,389341,EQ,6799.0,57.26,189480.0
2024-12-09,259.95,264.25,256.7,257.9,227396,EQ,4669.0,48.7,114613.0
2024-12-10,259.0,259.5,248.55,252.65,242903,EQ,5639.0,43.08,133412.0
2024-12-11,252.65,257.95,250.0,251.65,242441,EQ,3465.0,69.97,154980.0
2024-12-12,257.0,257.0,241.05,243.45,432683,EQ,7373.0,58.68,240065.0
2024-12-13,242.95,245.05,235.85,238.95,310448,EQ,5137.0,60.43,172019.0
2024-12-16,240.8,262.8,240.8,262.8,524645,EQ,5209.0,100.72,294104.0
2024-12-17,265.8,289.05,265.0,278.45,3237377,EQ,21249.0,152.35,1324831.0
2024-12-18,277.0,294.0,269.25,284.45,1234782,EQ,17981.0,68.67,534972.0
2024-12-19,279.0,285.5,271.35,278.3,581733,EQ,10469.0,55.57,221623.0
2024-12-20,277.55,280.25,256.8,262.05,489745,EQ,7077.0,69.2,230823.0
2024-12-23,266.0,270.4,256.5,257.7,303808,EQ,4718.0,64.39,131929.0
2024-12-24,258.95,266.8,257.8,259.65,227279,EQ,3585.0,63.4,101967.0
2024-12-26,270.9,271.85,257.45,258.3,430163,EQ,4515.0,95.27,251686.0
2024-12-27,259.3,283.85,257.5,279.7,1133814,EQ,13198.0,85.91,475792.0
2024-12-30,278.0,304.0,274.35,290.35,941441,EQ,14620.0,64.39,347739.0
2024-12-31,294.0,297.5,283.1,288.5,327780,EQ,6944.0,47.2,129222.0
2025-01-01,289.75,303.0,288.95,291.95,597991,EQ,8248.0,72.5,188072.0
2025-01-02,292.8,293.65,284.4,286.75,351140,EQ,5194.0,67.6,158445.0
2025-01-03,286.0,290.0,280.25,282.9,205659,EQ,4188.0,49.11,103494.0
2025-01-06,284.0,284.0,262.3,265.75,545355,EQ,9532.0,57.21,212112.0
2025-01-07,269.0,281.0,267.75,274.7,342571,EQ,7065.0,48.49,107545.0
2025-01-08,275.25,276.8,266.5,270.35,219555,EQ,4479.0,49.02,101869.0
2025-01-09,269.85,275.0,243.35,258.1,761432,EQ,9200.0,82.76,270713.0
2025-01-10,256.05,257.9,246.3,248.6,314898,EQ,6593.0,47.76,124859.0
2025-01-13,244.6,252.0,228.3,231.5,506303,EQ,9461.0,53.51,176792.0
2025-01-14,233.05,244.75,232.05,243.25,468855,EQ,6333.0,74.03,257519.0
2025-01-15,246.4,251.8,241.0,245.9,366727,EQ,5822.0,62.99,204769.0
2025-01-16,247.15,259.85,247.15,252.95,292101,EQ,5789.0,50.46,122124.0
2025-01-17,256.0,256.0,248.95,252.25,137910,EQ,3182.0,43.34,63276.0
2025-01-20,252.6,271.0,250.3,265.2,452179,EQ,7249.0,62.38,145239.0
2025-01-21,265.2,265.9,250.1,253.0,275384,EQ,5602.0,49.16,135801.0
2025-01-22,252.25,254.9,244.6,249.8,220689,EQ,3267.0,67.55,113449.0
2025-01-23,247.05,256.0,247.05,250.85,180945,EQ,3613.0,50.08,97754.0
2025-01-24,250.85,252.35,234.2,237.15,224398,EQ,4589.0,48.9,128242.0
2025-01-27,237.0,237.0,215.2,217.2,422509,EQ,6929.0,60.98,216133.0
2025-01-28,228.0,228.0,205.0,215.65,424986,EQ,6619.0,64.21,146313.0
2025-01-29,211.95,225.5,209.95,223.25,288261,EQ,4742.0,60.79,153447.0
2025-01-30,228.9,228.9,218.65,222.5,253942,EQ,3898.0,65.15,114347.0
2025-01-31,226.9,244.75,224.0,241.85,504406,EQ,7116.0,70.88,231243.0
2025-02-01,238.0,266.03,236.19,260.82,1504065,EQ,17847.0,84.28,470789.0
2025-02-03,260.0,285.0,249.81,279.57,1184796,EQ,18559.0,63.84,471231.0
2025-02-04,282.0,291.0,265.59,265.77,702402,EQ,11297.0,62.18,265945.0
2025-02-05,265.79,267.79,254.0,255.44,349255,EQ,5758.0,60.66,212127.0
2025-02-06,257.0,260.0,245.0,249.74,254209,EQ,4721.0,53.85,128025.0
2025-02-07,237.25,245.0,237.25,237.25,270373,EQ,1759.0,153.71,181521.0
2025-02-10,229.5,232.8,225.38,225.38,291085,EQ,2695.0,108.01,164054.0
2025-02-11,217.25,222.79,214.11,214.11,241334,EQ,2263.0,106.64,120343.0
2025-02-12,206.0,219.99,203.4,214.44,578207,EQ,6191.0,93.39,205419.0
2025-02-13,218.45,218.59,205.05,207.59,305276,EQ,5731.0,53.27,134631.0
2025-02-14,209.7,211.94,197.21,197.56,296289,EQ,4043.0,73.28,181650.0
2025-02-17,195.0,196.46,187.68,187.68,462559,EQ,4236.0,109.2,211576.0
2025-02-18,187.68,187.68,178.29,178.29,283755,EQ,3131.0,90.63,162820.0
2025-02-19,171.01,187.0,170.25,181.09,559468,EQ,6724.0,83.2,234224.0
2025-02-20,181.0,187.9,177.92,185.38,314863,EQ,5534.0,56.9,118413.0
2025-02-21,185.31,191.0,177.0,177.95,388480,EQ,6479.0,59.96,202998.0
2025-02-24,176.0,177.75,170.6,172.87,421968,EQ,7000.0,60.28,204862.0
2025-02-25,173.65,177.4,167.01,168.54,270845,EQ,4577.0,59.18,133872.0
2025-02-27,170.2,171.28,160.11,160.11,279066,EQ,3757.0,74.28,146740.0
2025-02-28,155.15,157.84,152.1,152.1,389991,EQ,2487.0,156.81,173588.0
2025-03-03,151.9,152.66,144.49,146.93,628713,EQ,6101.0,103.05,302112.0
2025-03-04,144.88,154.27,142.79,154.27,228136,EQ,2164.0,105.42,147330.0
2025-03-05,155.51,161.98,154.74,161.98,422337,EQ,3554.0,118.83,239544.0
2025-03-06,170.07,170.07,160.0,161.31,1538204,EQ,8145.0,188.85,637699.0
2025-03-07,161.31,169.37,160.68,168.61,953287,EQ,6198.0,153.81,425582.0
2025-03-10,168.99,171.75,160.17,160.17,430597,EQ,4409.0,97.66,251436.0
2025-03-11,154.0,155.89,152.16,152.17,650268,EQ,2981.0,218.14,274068.0
2025-03-12,151.25,154.45,145.55,148.47,540206,EQ,5875.0,91.95,325261.0
2025-03-13,151.14,155.37,147.13,148.75,465951,EQ,4615.0,100.96,280082.0
2025-03-17,151.9,153.7,144.1,146.2,696915,EQ,6444.0,108.15,498111.0
2025-03-18,149.89,153.51,146.1,153.51,277743,EQ,2485.0,111.77,184725.0
2025-03-19,155.99,161.18,155.46,161.18,176503,EQ,771.0,228.93,133621.0
2025-03-20,169.23,169.23,162.07,164.16,1494118,EQ,6204.0,240.83,833009.0
2025-03-21,164.1,172.36,163.3,167.24,885586,EQ,5360.0,165.22,317316.0
2025-03-24,167.76,173.01,165.5,166.42,632230,EQ,6990.0,90.45,340291.0
2025-03-25,167.4,171.9,158.09,159.12,610643,EQ,6327.0,96.51,334407.0
2025-03-26,159.5,160.85,151.5,152.23,511637,EQ,6278.0,81.5,315713.0
2025-03-27,152.9,159.84,152.15,159.84,331850,EQ,1898.0,174.84,238833.0
2025-03-28,161.1,165.49,154.0,154.94,648063,EQ,7533.0,86.03,356860.0
2025-04-01,155.0,162.68,154.0,162.68,105888,EQ,709.0,149.35,88035.0
2025-04-02,170.81,170.81,165.65,170.81,1047655,EQ,1284.0,815.93,394717.0
2025-04-03,170.4,179.35,170.0,179.35,565301,EQ,2237.0,252.7,335865.0
2025-04-04,188.31,188.31,170.38,170.38,1677451,EQ,9917.0,169.15,581215.0
2025-04-07,153.34,161.39,153.34,157.45,790474,EQ,8274.0,95.54,343490.0
2025-04-08,164.8,173.19,163.0,170.85,1090603,EQ,7585.0,143.78,433395.0
2025-04-09,168.0,171.81,160.67,164.99,382306,EQ,6602.0,57.91,147522.0
2025-04-11,175.96,177.8,169.51,172.44,391688,EQ,5942.0,65.92,202291.0
2025-04-15,179.71,181.0,174.2,177.31,341001,EQ,5965.0,57.17,163413.0
2025-04-16,177.5,195.04,177.5,195.04,1578550,EQ,8746.0,180.49,490135.0
2025-04-17,196.4,209.0,195.06,200.66,1074556,EQ,14322.0,75.03,364025.0
2025-04-21,201.95,207.07,195.06,199.26,492606,EQ,7544.0,65.3,232457.0
2025-04-22,202.99,203.0,196.01,197.76,484493,EQ,4333.0,111.81,281568.0
2025-04-23,199.95,201.77,192.5,194.57,474761,EQ,4799.0,98.93,264766.0
2025-04-24,195.0,202.11,193.25,194.46,330232,EQ,4297.0,76.85,142992.0
2025-04-25,194.51,205.0,178.99,198.1,1349145,EQ,16659.0,80.99,380361.0
2025-04-28,202.95,202.95,192.12,192.91,472942,EQ,6301.0,75.06,240296.0
2025-04-29,197.85,200.0,191.7,195.79,636731,EQ,7948.0,80.11,213949.0
2025-04-30,195.0,196.71,178.65,180.82,602648,EQ,6942.0,86.81,268772.0
2025-05-02,182.39,185.58,177.11,178.99,354114,EQ,5455.0,64.92,141175.0
2025-05-05,179.41,191.9,178.38,188.91,413218,EQ,6511.0,63.46,160838.0
2025-05-06,188.6,189.17,178.65,179.46,231907,EQ,4026.0,57.6,114042.0
2025-05-07,178.0,185.5,177.0,181.14,332228,EQ,4461.0,74.47,131217.0
2025-05-08,182.96,187.01,171.66,174.99,444814,EQ,5393.0,82.48,177808.0
2025-05-09,170.2,185.0,170.0,178.76,577943,EQ,8792.0,65.74,207275.0
2025-05-12,183.1,189.4,183.0,187.33,492585,EQ,4846.0,101.65,229699.0
2025-05-13,187.11,196.0,186.99,193.38,671294,EQ,8258.0,81.29,253371.0
2025-05-14,194.83,212.71,193.28,212.71,2578568,EQ,14165.0,182.04,901214.0
2025-05-15,216.0,217.3,207.0,209.09,1239108,EQ,15157.0,81.75,535377.0
2025-05-16,211.0,229.99,208.77,227.47,2301330,EQ,24553.0,93.73,705073.0
2025-05-19,229.24,231.49,220.1,221.31,899673,EQ,12766.0,70.47,417113.0
2025-05-20,223.75,229.0,214.0,215.39,871129,EQ,13737.0,63.41,373137.0
2025-05-21,216.8,218.5,209.55,211.88,476670,EQ,9665.0,49.32,223754.0
2025-05-22,211.0,215.0,206.29,209.92,469863,EQ,8285.0,56.71,187411.0
2025-05-23,199.0,214.09,196.35,202.48,1310954,EQ,16009.0,81.89,564548.0
2025-05-26,203.35,213.7,201.97,208.94,634607,EQ,11160.0,56.86,254426.0
2025-05-27,209.65,217.7,207.2,213.47,598384,EQ,9827.0,60.89,212142.0
2025-05-28,214.4,220.01,211.83,214.85,693025,EQ,9462.0,73.24,251815.0
2025-05-29,216.2,221.0,215.13,217.28,442534,EQ,6433.0,68.79,160433.0
2025-05-30,218.35,239.0,217.4,235.32,3233563,EQ,30517.0,105.96,975612.0
2025-06-02,236.89,239.23,228.5,230.72,733297,EQ,10661.0,68.78,279432.0
2025-06-03,232.45,232.75,221.5,223.22,635331,EQ,9101.0,69.81,261702.0
2025-06-04,223.0,239.4,223.0,237.07,1228483,EQ,16322.0,75.27,450926.0
2025-06-05,238.55,245.01,236.15,237.68,1021256,EQ,14442.0,70.71,368513.0
2025-06-06,239.14,263.23,239.14,251.07,2863890,EQ,46370.0,61.76,802209.0
2025-06-09,253.7,266.0,253.7,262.47,1182258,EQ,22523.0,52.49,343944.0
2025-06-10,264.3,277.75,262.61,265.8,1487615,EQ,24161.0,61.57,532571.0
2025-06-11,266.3,272.39,259.4,263.6,1507346,EQ,23464.0,64.24,348438.0
2025-06-12,263.65,269.45,256.65,258.4,1119481,EQ,19384.0,57.75,242907.0
2025-06-13,250.0,255.5,235.1,241.77,1696680,EQ,28326.0,59.9,674940.0
2025-06-16,241.6,246.84,230.3,242.66,1123521,EQ,22272.0,50.45,218087.0
2025-06-17,233.0,242.1,230.52,230.59,199676,BE,1872.0,106.66,199676.0
2025-06-18,233.95,236.9,225.65,229.42,185596,BE,1400.0,132.57,185596.0
2025-06-19,228.9,232.95,217.94,222.68,186244,BE,1519.0,122.61,186244.0
2025-06-20,218.6,230.5,215.65,225.49,115666,BE,1070.0,108.1,115666.0
2025-06-23,221.51,235.17,216.32,232.5,230805,BE,1628.0,141.77,230805.0
2025-06-24,234.3,235.0,227.9,230.11,185493,BE,1386.0,133.83,185493.0
2025-06-25,230.99,234.95,228.9,230.07,111632,BE,946.0,118.0,111632.0
2025-06-26,230.5,233.98,225.1,229.77,125874,BE,977.0,128.84,125874.0
2025-06-27,230.02,232.9,226.0,229.35,85340,BE,671.0,127.18,85340.0
2025-06-30,229.95,232.0,220.05,225.62,125527,BE,1141.0,110.01,125527.0
2025-07-01,227.88,228.5,221.0,227.06,90071,BE,767.0,117.43,90071.0
2025-07-02,227.06,228.5,221.15,225.44,77383,BE,680.0,113.8,77383.0
2025-07-03,226.0,229.0,222.5,224.81,84421,BE,632.0,133.58,84421.0
2025-07-04,228.95,229.0,222.1,223.61,50943,BE,587.0,86.79,50943.0
2025-07-07,226.7,227.0,214.0,215.77,145018,BE,1264.0,114.73,145018.0
2025-07-08,217.8,218.75,209.55,211.63,128141,BE,1358.0,94.36,128141.0
2025-07-09,211.63,218.0,211.0,215.77,39669,BE,533.0,74.43,39669.0
2025-07-10,218.9,218.9,210.8,211.55,92353,BE,1201.0,76.9,92353.0
2025-07-11,212.4,214.44,210.11,212.13,62982,BE,822.0,76.62,62982.0
2025-07-14,210.1,213.5,203.0,204.82,171046,BE,1674.0,102.18,171046.0
2025-07-15,204.01,215.06,204.01,215.06,184181,BE,1130.0,162.99,184181.0
2025-07-16,216.95,225.81,216.95,225.4,273016,BE,1553.0,175.8,273016.0
2025-07-17,224.3,224.3,216.0,216.66,103256,BE,1279.0,80.73,103256.0
2025-07-18,215.1,218.0,212.05,214.6,72540,BE,677.0,107.15,72540.0
2025-07-21,212.15,218.0,208.55,211.73,101644,BE,950.0,106.99,101644.0
2025-07-22,213.0,215.67,209.0,209.99,60031,BE,637.0,94.24,60031.0
2025-07-23,209.99,212.9,205.0,207.18,89518,BE,886.0,101.04,89518.0
2025-07-24,208.18,209.37,205.0,207.88,93449,BE,620.0,150.72,93449.0
2025-07-25,208.0,210.3,200.0,205.4,177350,BE,1135.0,156.26,177350.0
2025-07-28,206.9,208.0,196.1,198.08,79254,BE,1056.0,75.05,79254.0
2025-07-29,195.05,202.87,193.0,199.84,119802,BE,930.0,128.82,119802.0
2025-07-30,201.0,204.65,196.1,202.02,54444,BE,697.0,78.11,54444.0
2025-07-31,199.9,203.4,195.0,198.99,77021,BE,756.0,101.88,77021.0
2025-08-01,197.25,201.5,193.0,194.02,58692,BE,749.0,78.36,58692.0
2025-08-04,195.0,197.0,190.0,192.02,47607,BE,850.0,56.01,47607.0
2025-08-05,193.9,194.99,186.15,187.77,64355,BE,995.0,64.68,64355.0
2025-08-06,190.9,192.96,182.0,183.9,52266,BE,871.0,60.01,52266.0
2025-08-07,185.0,190.0,182.0,183.59,63681,BE,712.0,89.44,63681.0
2025-08-08,186.5,187.4,182.0,182.51,56215,BE,518.0,108.52,56215.0
2025-08-11,184.0,185.0,177.0,183.58,140187,BE,1033.0,135.71,140187.0
2025-08-12,183.7,189.9,182.2,184.47,62517,BE,684.0,91.4,62517.0
2025-08-13,185.25,189.5,184.35,185.68,39109,BE,354.0,110.48,39109.0
2025-08-14,187.5,187.5,180.2,181.83,33649,BE,335.0,100.44,33649.0
2025-08-18,180.0,184.0,172.73,178.24,132156,BE,1173.0,112.66,132156.0
2025-08-19,178.99,185.8,176.0,183.75,68134,BE,629.0,108.32,68134.0
2025-08-20,184.7,187.8,182.5,185.77,55838,BE,580.0,96.27,55838.0
2025-08-21,185.77,188.95,184.5,186.77,43560,BE,519.0,83.93,43560.0
2025-08-22,186.0,188.65,182.1,185.19,47015,BE,485.0,96.94,47015.0
2025-08-25,184.3,189.5,182.7,183.58,44310,BE,459.0,96.54,44310.0
2025-08-26,183.85,183.85,175.0,176.2,104381,BE,957.0,109.07,104381.0
2025-08-28,176.1,179.99,173.35,175.16,49869,BE,644.0,77.44,49869.0
2025-08-29,175.2,181.4,173.25,174.27,64647,BE,631.0,102.45,64647.0
2025-09-01,175.8,181.0,174.36,177.81,84662,BE,663.0,127.7,84662.0
2025-09-02,175.2,186.7,175.2,186.7,238477,BE,1019.0,234.03,238477.0
2025-09-03,183.5,186.45,179.89,183.26,146510,BE,1242.0,117.96,146510.0
2025-09-04,184.0,185.64,177.0,178.49,71173,BE,711.0,100.1,71173.0
2025-09-05,183.0,183.0,178.0,180.29,74899,BE,552.0,135.69,74899.0
2025-09-08,182.6,189.3,180.5,189.3,185211,BE,1100.0,168.37,185211.0
2025-09-09,190.0,198.76,190.0,198.76,242397,EQ,2449.0,98.98,170337.0
2025-09-10,202.0,208.69,195.5,208.69,258367,EQ,2292.0,112.73,206448.0
2025-09-11,208.69,212.9,201.25,205.83,417429,EQ,5979.0,69.82,257945.0
2025-09-12,209.35,215.45,206.0,213.79,266831,EQ,3514.0,75.93,161101.0
2025-09-15,214.0,215.0,205.92,208.4,174621,EQ,2750.0,63.5,95231.0
2025-09-16,208.75,214.4,205.81,213.46,192340,EQ,2812.0,68.4,114277.0
2025-09-17,214.9,221.0,212.0,218.12,258225,EQ,3720.0,69.42,153916.0
2025-09-18,219.0,220.0,211.5,212.93,163205,EQ,2359.0,69.18,92390.0
2025-09-19,212.55,212.88,206.0,208.66,175692,EQ,2585.0,67.97,99544.0
2025-09-22,208.4,212.0,206.61,209.08,117616,EQ,1637,71.85,80674
2025-09-23,209.5,213.79,208.25,209.13,135119,EQ,1957,69.04,79757
2025-09-24,210.0,210.54,199.34,200.56,148478,EQ,2672,55.57,95003
2025-09-25,198.0,204.78,195.8,196.14,151686,EQ,2464,61.56,98858
2025-09-26,194.5,197.01,187.14,188.91,128508,EQ,3039,42.29,72878
2025-09-29,193.7,195.0,184.0,186.25,157004,EQ,3298,47.61,80413
2025-09-30,190.99,190.99,185.0,188.08,81823,EQ,2005,40.81,42567
2025-10-01,188.0,197.48,188.0,195.12,124847,EQ,2539,49.17,72347
2025-10-03,199.9,199.9,191.91,194.88,100875,EQ,2575,39.17,56213
2025-10-06,195.05,202.9,192.22,193.52,137244,EQ,2870,47.82,63648
2025-10-07,193.52,203.19,191.61,195.61,273880,EQ,3229,84.82,89694
2025-10-08,197.45,209.5,194.68,198.5,501867,EQ,7731,64.92,132402
2025-10-09,198.0,203.05,195.55,196.32,101615,EQ,2063,49.26,59518
2025-10-10,198.9,199.92,193.5,194.69,148059,EQ,2949,50.21,87616
2025-10-13,190.0,191.99,183.1,183.93,315254,EQ,4626,68.15,232013
2025-10-14,183.93,187.77,175.0,176.73,277771,EQ,4363,63.67,175241
2025-10-15,176.9,178.69,170.1,171.68,434015,EQ,4965,87.41,284745
2025-10-16,172.9,176.0,170.71,172.06,210399,EQ,3206,65.63,140561
2025-10-17,172.4,174.71,163.1,164.17,336003,EQ,5526,60.8,207156
2025-10-20,168.9,177.9,163.94,170.8,456166,EQ,6478,70.42,243483
2025-10-21,171.35,176.82,170.81,172.03,157731,EQ,2029,77.74,95975
2025-10-23,173.37,175.69,170.1,170.29,140552,EQ,2437,57.67,96000
2025-10-24,171.9,173.0,169.2,171.47,147358,EQ,2718,54.22,73757
2025-10-27,172.0,173.22,168.15,169.05,107920,EQ,2752,39.22,59988
2025-10-28,169.06,171.2,166.49,167.51,121883,EQ,2548,47.83,71260
2025-10-29,168.18,184.26,168.18,177.57,1684710,EQ,14503,116.16,475053
2025-10-30,177.93,180.79,172.8,173.37,357154,EQ,5922,60.31,177577
2025-10-31,173.4,179.0,173.4,177.43,187538,EQ,3628,51.69,103074
2025-11-03,177.5,180.01,173.3,175.58,190573,EQ,2793,68.23,119159
2025-11-04,176.0,178.49,171.55,173.01,120780,EQ,2166,55.76,71593
2025-11-06,173.85,173.85,165.51,167.38,177921,EQ,3420,52.02,95451
2025-11-07,165.3,172.0,164.31,170.89,157107,EQ,2715,57.87,81252
2025-11-10,171.45,173.4,165.85,166.59,100438,EQ,1809,55.52,56903
2025-11-11,171.0,171.0,163.63,164.68,133048,EQ,2046,65.03,92922
2025-11-12,165.0,168.4,163.25,164.25,181940,EQ,2260,80.5,120046
2025-11-13,165.0,169.5,164.0,168.7,223076,EQ,2259,98.75,157026
2025-11-14,164.0,170.8,160.3,162.01,245989,EQ,4522,54.4,135171
2025-11-17,162.4,168.47,159.71,167.33,279983,EQ,4519,61.96,163632
2025-11-18,167.44,167.53,158.5,159.77,224359,EQ,3918,57.26,139263
2025-11-19,160.0,162.98,157.51,158.43,115495,EQ,2283,50.59,66579
2025-11-20,159.12,162.0,154.51,155.14,162468,EQ,2986,54.41,95763
2025-11-21,156.9,156.9,150.99,151.57,148588,EQ,2742,54.19,86265
2025-11-24,152.0,154.06,145.66,147.6,135510,EQ,2419,56.02,71146
2025-11-25,147.1,158.96,147.1,155.91,380932,EQ,6281,60.65,102540
2025-11-26,157.0,162.8,156.5,161.68,228730,EQ,3933,58.16,116487
2025-11-27,162.33,172.9,160.18,165.96,498560,EQ,6388,78.05,145110
2025-11-28,170.8,181.0,168.71,173.52,1373282,EQ,15094,90.98,364871
2025-12-01,174.13,178.0,167.0,168.04,304762,EQ,4808,63.39,108020
2025-12-02,168.0,169.98,163.05,165.57,336176,EQ,5773,58.23,128408
2025-12-03,167.4,170.89,164.14,166.68,222681,EQ,3740,59.54,93362
2025-12-04,166.22,169.7,161.51,164.38,212142,EQ,2841,74.67,124639
2025-12-05,163.5,165.75,157.65,158.5,254570,EQ,5406,47.09,127201
2025-12-08,158.9,158.9,149.13,151.69,244773,EQ,5320,46.01,132928
2025-12-09,151.89,161.0,148.45,159.99,301446,EQ,6824,44.17,125704
2025-12-10,159.99,159.99,151.68,152.42,192372,EQ,3648,52.73,121909
2025-12-11,152.65,156.9,151.12,153.51,215768,EQ,3746,57.6,97450
2025-12-12,153.0,179.14,151.6,175.53,7221933,EQ,71977,100.34,755464
2025-12-15,173.8,179.95,168.99,172.64,1704540,EQ,27465,62.06,268976
2025-12-16,172.99,173.0,163.85,166.79,579537,EQ,8149,71.12,234095
2025-12-17,166.8,187.8,165.35,174.46,5766348,EQ,76039,75.83,759521
2025-12-18,175.6,203.34,174.4,197.53,39483014,EQ,304018,129.87,2407109
2025-12-19,204.0,211.65,188.0,196.04,22828706,EQ,161048,141.75,2276254
2025-12-22,192.71,204.39,188.2,198.39,5032936,EQ,45516,110.58,692099
2025-12-23,199.0,204.7,194.05,197.28,3618262,EQ,28076,128.87,1064952
2025-12-24,197.8,201.55,192.1,195.49,1030167,EQ,12276,83.92,275115
2025-12-26,196.0,198.0,188.2,189.36,883721,EQ,10511,84.08,297570
2025-12-29,189.49,192.8,182.18,186.71,998169,EQ,10879,91.75,282668
2025-12-30,186.7,187.93,184.71,185.24,378499,EQ,4609,82.12,150760
2025-12-31,186.6,195.0,186.6,189.01,2115405,EQ,25954,81.51,608988
2026-01-01,189.2,192.5,188.13,190.76,456350,EQ,7677,59.44,179609
2026-01-02,191.9,195.8,186.91,187.96,1135061,EQ,14663,77.41,322421
2026-01-05,188.0,191.61,185.75,187.24,572360,EQ,8737,65.51,186670
2026-01-06,187.9,187.95,181.05,182.31,413402,EQ,6860,60.26,201750
2026-01-07,182.8,186.3,180.6,181.52,519723,EQ,6403,81.17,197023
2026-01-08,182.31,182.31,173.65,174.9,557608,EQ,9641,57.84,206309
2026-01-09,174.01,176.9,167.04,168.26,765644,EQ,13094,58.47,201298
2026-01-12,169.4,169.75,161.49,166.44,789888,EQ,14419,54.78,280769
2026-01-13,167.48,172.5,162.3,163.58,447183,EQ,9279,48.19,138114
2026-01-14,164.15,165.49,160.5,161.3,390154,EQ,6362,61.33,157944
2026-01-16,163.13,164.77,157.55,158.56,442286,EQ,6640,66.61,183576
2026-01-19,159.2,159.2,151.25,152.21,906799,EQ,11300,80.25,395485
2026-01-20,153.45,153.82,143.46,144.02,681585,EQ,12256,55.61,279314
2026-01-21,141.6,155.9,141.6,153.39,2840360,EQ,31766,89.42,522767
2026-01-22,156.0,159.2,150.5,157.42,591946,EQ,8263,71.64,169946
2026-01-23,156.0,159.0,150.0,152.07,382987,EQ,7062,54.23,152930
2026-01-27,156.4,167.85,150.2,165.21,1022700,EQ,15399,66.41,285254
2026-01-28,168.48,180.0,163.54,176.99,1709259,EQ,29279,58.38,407371
2026-01-29,177.86,181.0,168.1,172.06,1025026,EQ,19320,53.06,254441
2026-01-30,183.08,201.96,180.0,187.9,28429991,EQ,217152,130.92,2651892
2026-02-01,192.0,199.46,178.56,184.44,5097385,EQ,55730,91.47,575848
2026-02-02,187.8,199.84,180.51,196.6,2610209,EQ,27792,93.92,551460
2026-02-03,204.0,204.0,185.0,186.66,2289003,EQ,25203,90.82,755535
2026-02-04,186.7,187.98,182.5,183.02,934889,EQ,11961,78.16,308593
2026-02-05,182.7,185.14,178.3,180.65,870742,EQ,12426,70.07,238509
2026-02-06,180.65,184.19,176.04,177.72,677258,EQ,10129,66.86,197590
2026-02-09,179.7,186.8,178.78,185.02,841672,EQ,10832,77.7,274804
2026-02-10,185.0,186.37,179.6,180.4,419773,EQ,6103,68.78,200617
2026-02-11,181.0,181.64,175.24,176.17,487934,EQ,5660,86.21,272032
2026-02-12,176.68,178.64,173.0,174.8,385017,EQ,6709,57.39,129716
2026-02-13,174.2,175.5,169.1,169.71,700972,EQ,8484,82.62,301950
2026-02-16,169.0,170.5,166.39,168.3,454328,EQ,6681,68.0,189023
2026-02-17,172.0,177.9,169.39,173.58,892712,EQ,15022,59.43,221940
2026-02-18,174.75,186.0,173.65,181.07,1019129,EQ,14379,70.88,355317
2026-02-19,183.0,183.0,170.0,171.48,888012,EQ,11619,76.43,383869
2026-02-20,172.91,175.94,170.27,172.76,456529,EQ,7180,63.58,118620
2026-02-23,172.3,175.43,171.39,174.07,383109,EQ,6171,62.08,114219
2026-02-24,174.0,174.0,165.0,169.28,465435,EQ,6750,68.95,212347
2026-02-25,171.0,171.87,166.56,168.53,377950,EQ,4896,77.2,129204
2026-02-26,168.1,178.34,168.1,176.72,713393,EQ,8237,86.61,361751
2026-02-27,177.94,180.01,172.0,172.97,570712,EQ,7547,75.62,182228
2026-03-02,162.0,179.94,162.0,168.94,1521130,EQ,17315,87.85,589433
2026-03-04,167.81,167.81,159.92,160.76,716043,EQ,9435,75.89,317846
2026-03-05,163.94,167.8,159.4,165.74,724276,EQ,10167,71.24,270682
2026-03-06,165.0,172.4,163.68,165.58,439955,EQ,8156,53.94,140663
2026-03-04,167.81,167.81,159.92,160.76,716043,EQ,9435,75.89,317846
2026-03-05,163.94,167.8,159.4,165.74,724276,EQ,10167,71.24,270682
2026-03-06,165.0,172.4,163.68,165.58,439955,EQ,8156,53.94,140663
2026-03-09,161.85,162.8,156.35,160.72,497734,EQ,7310,68.09,227788
2026-03-10,163.5,165.5,162.0,164.85,292232,EQ,3702,78.94,125271
2026-03-11,167.0,168.59,160.29,160.94,571643,EQ,8996,63.54,280350
2026-03-12,160.72,163.46,156.71,160.59,450408,EQ,5857,76.9,146026
2026-03-13,159.93,160.58,150.15,150.95,654741,EQ,9012,72.65,320543
2026-03-16,150.95,153.05,146.1,150.6,506657,EQ,9113,55.6,192882
2026-03-17,151.45,153.59,147.4,148.11,561921,EQ,6720,83.62,273843
2026-03-18,148.7,154.85,148.7,150.15,693534,EQ,10508,66.0,337733
2026-03-19,147.51,148.98,145.01,145.5,434631,EQ,5340,81.39,255272
2026-03-20,146.1,155.0,146.1,148.14,877489,EQ,8800,99.71,280349
