Date,Open,High,Low,Close,Volume,TOTAL_TRADES,QTY_PER_TRADE,DLV_QTY
1996-04-17,45.0,45.0,45.0,45.0,100,,,
1996-04-22,49.6,49.6,49.6,49.6,1300,,,
1996-04-23,49.0,49.0,49.0,49.0,400,,,
1996-04-30,51.0,51.0,51.0,51.0,100,,,
1996-05-02,50.0,55.0,50.0,54.75,1400,,,
1996-05-03,56.0,60.0,56.0,60.0,300,,,
1996-05-06,62.5,64.5,62.5,64.5,200,,,
1996-05-07,64.5,67.75,67.5,67.75,400,,,
1996-05-08,64.0,66.5,63.5,65.25,1400,,,
1996-05-09,64.0,65.0,62.55,62.95,1500,,,
1996-05-10,59.1,60.0,59.1,60.0,300,,,
1996-05-13,61.5,61.5,57.5,57.5,500,,,
1996-05-14,57.5,55.1,53.5,53.5,900,,,
1996-05-17,57.5,57.5,55.0,55.0,500,,,
1996-05-21,51.5,51.5,51.5,51.5,100,,,
1996-05-22,50.05,50.05,50.05,50.05,100,,,
1996-05-28,48.25,48.25,48.25,48.25,100,,,
1996-05-29,53.0,53.0,53.0,53.0,100,,,
1996-05-30,53.0,55.0,55.0,55.0,200,,,
1996-05-31,58.5,58.5,56.5,56.5,800,,,
1996-06-03,56.0,56.0,56.0,56.0,100,,,
1996-06-04,55.0,56.5,55.0,56.1,600,,,
1996-06-07,56.0,56.0,56.0,56.0,100,,,
1996-06-10,56.0,57.0,56.0,57.0,600,,,
1996-06-11,59.5,59.5,54.5,55.0,2900,,,
1996-06-12,60.0,60.0,56.0,57.4,1400,,,
1996-06-13,57.75,57.75,55.1,55.1,1400,,,
1996-06-14,57.0,60.5,54.5,54.5,2300,,,
1996-06-17,58.5,58.5,55.7,55.7,800,,,
1996-06-18,55.25,57.25,55.25,55.45,3100,,,
1996-06-19,56.5,56.5,54.25,54.35,900,,,
1996-06-20,53.5,53.5,53.5,53.5,200,,,
1996-06-21,53.45,53.45,51.5,51.5,500,,,
1996-06-24,52.0,52.0,52.0,52.0,100,,,
1996-06-25,54.75,54.75,52.5,52.5,700,,,
1996-06-26,52.0,52.0,51.6,51.6,400,,,
1996-06-27,50.25,50.25,50.1,50.1,200,,,
1996-07-02,47.9,47.9,47.75,47.8,300,,,
1996-07-04,47.5,47.5,46.0,46.0,300,,,
1996-07-05,47.0,47.0,45.5,45.6,1000,,,
1996-07-08,45.0,45.0,45.0,45.0,100,,,
1996-07-09,46.25,46.25,46.25,46.25,700,,,
1996-07-10,48.0,48.0,48.0,48.0,100,,,
1996-07-11,50.0,51.75,49.25,49.5,6300,,,
1996-07-12,49.0,49.0,49.0,49.0,100,,,
1996-07-15,49.5,49.5,48.25,48.25,300,,,
1996-07-16,44.25,45.5,44.25,44.3,1600,,,
1996-07-17,46.25,46.25,44.5,44.5,500,,,
1996-07-22,45.0,45.0,45.0,45.0,200,,,
1996-07-23,45.0,45.5,45.0,45.0,300,,,
1996-07-24,44.0,44.0,44.0,44.0,100,,,
1996-07-25,45.0,45.0,44.6,44.6,300,,,
1996-07-26,44.5,44.5,44.5,44.5,600,,,
1996-07-29,43.0,43.0,43.0,43.0,200,,,
1996-07-30,43.6,43.75,43.0,43.0,800,,,
1996-07-31,43.0,43.1,43.0,43.1,200,,,
1996-08-02,41.1,41.1,41.1,41.1,300,,,
1996-08-05,41.15,41.15,41.0,41.0,1900,,,
1996-08-06,40.95,41.0,40.95,41.0,400,,,
1996-08-07,44.95,44.95,44.0,44.0,600,,,
1996-08-09,42.5,45.0,42.5,43.5,900,,,
1996-08-12,43.0,43.0,42.25,42.25,500,,,
1996-08-13,41.0,41.0,39.5,39.5,500,,,
1996-08-14,40.0,40.0,40.0,40.0,500,,,
1996-08-19,40.0,40.0,39.9,40.0,600,,,
1996-08-20,40.5,40.5,39.5,40.0,1100,,,
1996-08-21,40.0,40.0,39.2,39.2,2300,,,
1996-08-22,40.0,42.5,40.0,41.1,1700,,,
1996-08-23,42.0,42.5,41.75,41.75,2000,,,
1996-08-26,42.5,42.5,41.75,41.75,600,,,
1996-08-27,41.5,41.5,41.25,41.25,600,,,
1996-08-28,43.5,45.0,41.3,44.75,4900,,,
1996-08-29,45.25,46.0,43.5,44.15,2500,,,
1996-08-30,43.5,43.75,41.8,41.8,1000,,,
1996-09-02,42.75,44.0,42.75,44.0,300,,,
1996-09-03,44.0,46.0,43.5,43.5,1300,,,
1996-09-04,43.5,44.5,43.5,44.1,400,,,
1996-09-05,43.9,43.9,43.9,43.9,500,,,
1996-09-06,43.55,43.55,43.1,43.2,800,,,
1996-09-09,43.4,43.4,43.4,43.4,100,,,
1996-09-10,43.0,43.0,43.0,43.0,100,,,
1996-09-11,43.5,43.5,42.1,42.1,300,,,
1996-09-12,42.05,43.0,41.5,42.75,1200,,,
1996-09-13,43.0,43.0,43.0,43.0,100,,,
1996-09-16,41.9,41.9,41.9,41.9,100,,,
1996-09-17,41.25,43.5,41.25,42.5,800,,,
1996-09-18,42.0,42.0,41.0,41.2,3700,,,
1996-09-19,41.0,41.0,41.0,41.0,100,,,
1996-09-20,42.45,42.45,40.65,40.75,800,,,
1996-09-23,40.8,40.8,40.25,40.5,1600,,,
1996-09-24,40.3,41.0,39.25,40.0,5900,,,
1996-09-25,40.0,40.0,40.0,40.0,300,,,
1996-09-26,40.0,40.0,40.0,40.0,500,,,
1996-09-30,39.75,39.75,39.75,39.75,100,,,
1996-10-01,40.4,40.4,39.0,39.0,1200,,,
1996-10-04,38.5,38.5,37.5,37.5,400,,,
1996-10-08,37.0,37.0,37.0,37.0,100,,,
1996-10-11,39.0,39.0,39.0,39.0,200,,,
1996-10-14,38.0,38.0,37.75,37.8,400,,,
1996-10-15,37.75,40.0,37.75,39.4,1600,,,
1996-10-16,37.55,37.55,37.55,37.55,100,,,
1996-10-17,38.0,38.0,38.0,38.0,100,,,
1996-10-18,38.5,38.5,38.5,38.5,100,,,
1996-10-22,39.0,39.0,39.0,39.0,300,,,
1996-10-23,39.0,39.0,39.0,39.0,100,,,
1996-10-24,41.5,41.5,40.0,40.0,200,,,
1996-10-29,39.0,39.0,38.85,38.85,200,,,
1996-11-01,37.5,37.5,37.5,37.5,300,,,
1996-11-04,37.75,37.75,37.25,37.25,200,,,
1996-11-05,36.4,36.5,35.0,35.9,1600,,,
1996-11-11,35.5,35.5,35.5,35.5,200,,,
1996-11-13,36.5,38.5,36.5,38.5,200,,,
1996-11-14,37.5,37.5,37.5,37.5,100,,,
1996-11-19,36.5,36.5,36.5,36.5,200,,,
1996-11-20,37.5,37.5,36.7,36.7,2400,,,
1996-11-21,37.5,37.5,37.5,37.5,300,,,
1996-11-22,39.0,39.5,38.0,39.5,20200,,,
1996-11-25,39.5,39.5,37.65,37.65,700,,,
1996-11-26,39.0,39.0,37.5,37.5,500,,,
1996-11-27,37.5,37.5,37.5,37.5,100,,,
1996-12-02,37.5,37.5,36.0,36.0,400,,,
1996-12-03,35.0,35.0,34.5,35.0,1900,,,
1996-12-04,34.5,34.6,34.35,34.6,600,,,
1996-12-05,35.0,35.0,35.0,35.0,1600,,,
1996-12-09,36.0,36.0,35.35,35.35,1100,,,
1996-12-11,35.5,36.0,35.5,36.0,200,,,
1996-12-12,36.0,36.0,36.0,36.0,100,,,
1996-12-16,37.0,37.0,37.0,37.0,100,,,
1996-12-17,39.0,39.0,37.25,38.0,1100,,,
1996-12-19,38.0,38.0,37.5,37.5,200,,,
1996-12-23,38.0,38.0,37.5,37.5,300,,,
1996-12-31,38.25,38.25,37.5,37.5,2900,,,
1997-01-01,40.0,40.0,40.0,40.0,100,,,
1997-01-02,41.0,41.0,41.0,41.0,1000,,,
1997-01-03,40.75,41.25,40.75,41.25,600,,,
1997-01-06,41.5,41.5,41.5,41.5,100,,,
1997-01-07,41.5,41.5,41.0,41.5,600,,,
1997-01-08,44.0,44.0,44.0,44.0,100,,,
1997-01-09,42.5,44.25,42.5,44.0,700,,,
1997-01-10,44.0,45.5,44.0,45.5,500,,,
1997-01-13,47.5,49.5,47.25,49.25,1400,,,
1997-01-14,51.0,51.5,50.05,50.05,500,,,
1997-01-15,52.0,55.0,52.0,55.0,1700,,,
1997-01-16,57.5,57.5,55.0,55.0,1000,,,
1997-01-17,51.5,51.5,50.0,50.0,600,,,
1997-01-20,47.5,47.5,46.5,46.5,200,,,
1997-01-21,45.0,45.0,43.5,43.55,800,,,
1997-01-22,43.5,43.5,43.5,43.5,100,,,
1997-01-27,44.5,44.5,44.5,44.5,100,,,
1997-01-29,46.75,46.75,45.5,45.5,400,,,
1997-01-31,44.5,44.5,44.5,44.5,100,,,
1997-02-03,43.75,43.75,42.5,42.5,400,,,
1997-02-04,41.5,42.0,41.5,42.0,300,,,
1997-02-06,42.75,42.75,41.75,41.75,200,,,
1997-02-07,42.0,42.0,41.75,41.75,300,,,
1997-02-11,41.5,41.5,41.5,41.5,100,,,
1997-02-13,40.4,40.4,40.4,40.4,100,,,
1997-02-14,40.75,42.0,40.75,42.0,200,,,
1997-02-19,41.0,41.5,41.0,41.5,200,,,
1997-02-20,41.0,41.0,41.0,41.0,100,,,
1997-02-21,40.25,41.0,40.25,40.75,300,,,
1997-02-24,39.75,40.4,39.75,40.1,600,,,
1997-02-25,40.25,41.0,40.25,41.0,300,,,
1997-02-27,42.55,44.0,42.55,43.7,700,,,
1997-02-28,46.0,46.0,46.0,46.0,400,,,
1997-03-01,50.0,50.0,50.0,50.0,100,,,
1997-03-03,53.0,55.0,52.0,54.5,2300,,,
1997-03-04,54.0,54.5,54.0,54.5,2200,,,
1997-03-05,56.0,59.9,55.0,59.9,3600,,,
1997-03-06,58.4,58.75,56.5,56.8,1500,,,
1997-03-10,53.0,54.5,53.0,53.0,400,,,
1997-03-11,53.5,53.5,50.0,50.5,1800,,,
1997-03-12,52.0,52.0,51.5,51.6,800,,,
1997-03-14,49.8,49.9,49.8,49.9,10300,,,
1997-03-17,52.0,52.0,52.0,52.0,100,,,
1997-03-18,51.0,51.85,50.5,51.2,2300,,,
1997-03-19,50.1,50.1,50.1,50.1,100,,,
1997-03-21,51.0,51.0,51.0,51.0,10000,,,
1997-03-25,49.0,49.0,49.0,49.0,100,,,
1997-03-27,47.0,50.0,47.0,50.0,40000,,,
1997-04-01,46.0,46.0,45.0,45.35,300,,,
1997-04-02,44.75,44.75,44.75,44.75,100,,,
1997-04-03,44.75,44.75,44.75,44.75,500,,,
1997-04-04,44.5,44.5,44.5,44.5,100,,,
1997-04-07,43.5,44.75,43.5,44.75,200,,,
1997-04-09,45.75,45.75,44.0,44.0,300,,,
1997-04-10,44.0,45.0,43.95,43.95,600,,,
1997-04-11,42.15,42.15,42.15,42.15,100,,,
1997-04-12,42.5,42.5,42.5,42.5,100,,,
1997-04-15,42.5,42.5,42.0,42.3,500,,,
1997-04-21,42.25,42.8,42.25,42.8,200,,,
1997-04-24,43.9,44.0,43.9,44.0,500,,,
1997-04-28,42.5,42.5,42.5,42.5,200,,,
1997-04-29,42.0,42.0,42.0,42.0,100,,,
1997-04-30,42.75,42.75,42.0,42.0,600,,,
1997-05-05,40.0,40.0,40.0,40.0,100,,,
1997-05-06,42.0,42.0,41.5,41.85,400,,,
1997-05-09,40.15,42.2,40.05,40.05,700,,,
1997-05-12,40.25,40.25,40.0,40.0,400,,,
1997-05-13,39.0,40.0,38.15,38.15,300,,,
1997-05-15,38.75,38.75,38.75,38.75,200,,,
1997-05-16,38.5,38.5,38.5,38.5,100,,,
1997-05-19,37.0,37.0,37.0,37.0,1000,,,
1997-05-21,39.4,39.4,39.4,39.4,1000,,,
1997-05-23,37.6,37.6,37.6,37.6,100,,,
1997-05-27,35.5,36.1,35.5,36.0,500,,,
1997-05-30,35.0,35.0,35.0,35.0,500,,,
1997-06-02,33.75,34.0,32.5,34.0,500,,,
1997-06-03,31.0,31.55,31.0,31.55,300,,,
1997-06-04,33.25,33.25,30.0,30.05,500,,,
1997-06-05,30.05,30.05,28.05,30.0,700,,,
1997-06-09,28.0,28.0,28.0,28.0,100,,,
1997-06-10,25.75,25.75,25.75,25.75,100,,,
1997-06-13,28.3,28.3,28.3,28.3,200,,,
1997-06-17,29.0,31.0,29.0,31.0,400,,,
1997-06-18,32.25,33.5,32.25,33.5,400,,,
1997-06-19,36.0,36.8,35.5,36.75,1600,,,
1997-06-20,37.5,37.5,37.5,37.5,100,,,
1997-06-24,38.75,38.75,38.75,38.75,2000,,,
1997-06-25,42.6,42.6,39.5,39.5,400,,,
1997-06-26,38.5,38.5,38.5,38.5,100,,,
1997-06-30,36.5,38.0,36.5,36.5,400,,,
1997-07-01,35.75,35.75,35.5,35.5,600,,,
1997-07-02,35.1,36.0,35.0,36.0,700,,,
1997-07-03,35.5,36.25,35.5,36.25,400,,,
1997-07-08,35.6,36.5,35.6,36.5,400,,,
1997-07-09,35.05,37.5,35.05,37.5,800,,,
1997-07-10,37.5,39.0,37.5,39.0,300,,,
1997-07-14,38.5,38.5,37.5,37.5,200,,,
1997-07-15,37.95,38.5,37.95,38.5,700,,,
1997-07-17,38.0,38.0,38.0,38.0,100,,,
1997-07-21,35.9,35.9,35.5,35.5,200,,,
1997-07-22,36.75,36.75,36.75,36.75,200,,,
1997-07-23,36.5,36.5,36.5,36.5,100,,,
1997-07-24,35.25,38.0,35.25,35.85,2100,,,
1997-07-29,37.5,37.5,36.5,36.5,500,,,
1997-07-31,36.5,37.5,36.0,37.5,1100,,,
1997-08-01,39.5,39.5,38.25,38.25,1200,,,
1997-08-04,40.0,41.75,40.0,41.75,300,,,
1997-08-05,44.0,45.0,44.0,45.0,800,,,
1997-08-06,45.6,45.6,45.6,45.6,100,,,
1997-08-07,49.5,50.0,47.75,48.0,3000,,,
1997-08-08,48.0,49.0,47.0,47.25,1000,,,
1997-08-11,50.0,50.0,47.0,47.5,1100,,,
1997-08-12,48.1,48.25,46.15,46.2,1100,,,
1997-08-13,45.0,46.05,45.0,45.5,200,,,
1997-08-14,45.1,45.1,45.0,45.0,1300,,,
1997-08-18,44.0,44.0,44.0,44.0,100,,,
1997-08-19,44.5,45.0,44.5,45.0,1700,,,
1997-08-20,45.0,45.0,44.0,45.0,400,,,
1997-08-21,43.75,43.75,43.75,43.75,100,,,
1997-08-22,43.0,43.15,42.5,43.15,300,,,
1997-08-25,39.5,39.5,39.5,39.5,100,,,
1997-08-26,41.5,41.5,40.5,40.9,1300,,,
1997-08-27,42.55,44.7,42.55,43.0,2700,,,
1997-08-28,43.0,43.0,40.05,40.6,1600,,,
1997-08-29,39.0,42.25,38.4,39.7,2100,,,
1997-09-01,39.0,40.5,39.0,39.7,900,,,
1997-09-02,40.0,40.0,39.0,39.0,1400,,,
1997-09-03,39.0,39.1,39.0,39.1,400,,,
1997-09-05,38.25,39.5,38.25,39.2,1000,,,
1997-09-08,39.0,39.0,39.0,39.0,100,,,
1997-09-10,39.05,39.05,39.0,39.0,200,,,
1997-09-11,39.7,39.75,39.7,39.75,300,,,
1997-09-12,39.0,39.0,38.0,38.0,2200,,,
1997-09-15,38.75,38.75,37.5,37.5,500,,,
1997-09-16,38.0,38.0,38.0,38.0,100,,,
1997-09-17,38.5,38.5,38.5,38.5,100,,,
1997-09-19,38.5,38.5,37.5,37.5,2500,,,
1997-09-22,37.0,37.4,35.65,35.65,300,,,
1997-09-23,34.0,35.0,33.9,35.0,1300,,,
1997-09-24,33.4,33.4,33.4,33.4,100,,,
1997-09-25,34.9,35.0,34.9,35.0,300,,,
1997-09-26,35.75,36.75,35.75,36.75,300,,,
1997-09-29,36.5,36.5,36.5,36.5,200,,,
1997-10-01,34.75,34.75,34.75,34.75,200,,,
1997-10-09,33.65,33.65,33.65,33.65,3100,,,
1997-10-10,32.5,32.5,32.5,32.5,1500,,,
1997-10-15,34.1,34.1,34.1,34.1,2600,,,
1997-10-16,34.5,34.5,34.5,34.5,300,,,
1997-10-17,35.5,35.5,35.5,35.5,200,,,
1997-10-20,37.0,37.0,37.0,37.0,2000,,,
1997-10-21,35.15,36.0,35.15,36.0,3600,,,
1997-10-22,36.0,36.0,36.0,36.0,100,,,
1997-10-23,36.0,36.0,36.0,36.0,200,,,
1997-10-28,34.5,36.0,34.5,34.5,3800,,,
1997-11-05,36.0,36.0,36.0,36.0,200,,,
1997-11-06,36.5,36.5,36.5,36.5,3500,,,
1997-11-07,35.0,35.0,35.0,35.0,100,,,
1997-11-11,34.25,34.25,33.55,33.55,3600,,,
1997-11-25,28.5,28.5,28.5,28.5,100,,,
1997-11-26,29.1,29.1,29.0,29.1,200,,,
1997-11-27,29.5,30.5,29.5,30.5,500,,,
1997-11-28,30.5,31.85,30.5,31.85,400,,,
1997-12-01,30.25,30.25,30.25,30.25,200,,,
1997-12-02,29.5,29.5,29.0,29.0,200,,,
1997-12-03,27.65,27.65,27.65,27.65,200,,,
1997-12-04,26.35,26.35,26.35,26.35,100,,,
1997-12-09,25.05,25.05,25.05,25.05,100,,,
1997-12-10,25.0,25.0,24.5,24.5,300,,,
1997-12-11,25.75,25.75,25.75,25.75,100,,,
1997-12-12,27.0,27.0,25.55,26.25,400,,,
1997-12-15,27.6,27.6,27.1,27.55,400,,,
1997-12-16,28.7,28.7,27.0,27.0,200,,,
1997-12-17,27.1,27.1,26.5,26.9,300,,,
1997-12-18,26.5,26.9,26.5,26.9,200,,,
1997-12-22,27.35,27.35,26.5,26.5,200,,,
1997-12-23,26.4,26.5,26.4,26.5,200,,,
1997-12-24,26.4,26.4,26.4,26.4,200,,,
1998-01-02,27.5,27.5,27.5,27.5,200,,,
1998-01-06,28.5,28.9,28.5,28.9,500,,,
1998-01-07,30.0,31.7,30.0,31.5,800,,,
1998-01-09,29.1,29.1,29.1,29.1,100,,,
1998-01-13,30.0,30.0,28.5,29.6,400,,,
1998-01-14,28.6,28.6,28.6,28.6,200,,,
1998-01-15,28.5,28.5,28.5,28.5,200,,,
1998-01-16,28.5,28.6,28.5,28.6,200,,,
1998-01-19,28.8,30.0,28.75,30.0,300,,,
1998-01-20,30.0,30.0,30.0,30.0,100,,,
1998-01-21,30.0,30.0,30.0,30.0,100,,,
1998-01-22,30.1,30.3,30.1,30.3,600,,,
1998-01-23,29.5,29.5,29.0,29.0,400,,,
1998-01-27,27.8,27.8,27.8,27.8,200,,,
1998-01-28,27.5,27.5,25.25,27.5,800,,,
1998-01-29,25.4,25.4,25.25,25.4,300,,,
1998-01-30,26.0,27.8,26.0,27.8,2600,,,
1998-02-03,25.9,27.35,25.4,25.4,1000,,,
1998-02-04,26.9,26.9,25.75,25.75,200,,,
1998-02-05,26.85,27.35,26.85,27.2,500,,,
1998-02-06,27.0,27.0,27.0,27.0,200,,,
1998-02-10,25.5,26.05,25.5,26.05,500,,,
1998-02-12,27.0,27.0,27.0,27.0,200,,,
1998-02-13,27.0,27.0,27.0,27.0,200,,,
1998-02-17,27.5,27.5,27.5,27.5,200,,,
1998-02-18,27.5,27.5,26.6,26.6,300,,,
1998-02-19,26.4,26.5,26.4,26.5,200,,,
1998-02-20,25.9,25.9,25.9,25.9,100,,,
1998-02-23,25.7,25.7,25.7,25.7,600,,,
1998-02-24,26.0,26.0,25.5,25.55,500,,,
1998-02-25,27.0,27.0,27.0,27.0,100,,,
1998-02-26,26.0,26.0,26.0,26.0,100,,,
1998-02-27,26.85,26.9,26.85,26.9,600,,,
1998-03-02,28.0,28.0,28.0,28.0,300,,,
1998-03-03,26.5,26.5,26.5,26.5,200,,,
1998-03-04,27.0,27.0,27.0,27.0,200,,,
1998-03-05,27.0,27.0,27.0,27.0,200,,,
1998-03-06,25.0,25.0,25.0,25.0,500,,,
1998-03-11,24.65,24.65,24.65,24.65,100,,,
1998-03-18,24.0,24.0,24.0,24.0,200,,,
1998-03-19,25.5,26.4,25.5,26.4,200,,,
1998-03-25,28.75,28.85,28.75,28.8,300,,,
1998-03-26,31.0,31.0,30.0,30.0,400,,,
1998-03-27,30.0,30.5,30.0,30.5,400,,,
1998-03-30,30.0,30.0,30.0,30.0,300,,,
1998-04-07,30.5,30.5,30.5,30.5,100,,,
1998-04-09,28.5,28.5,28.5,28.5,100,,,
1998-04-10,29.5,29.5,28.05,28.25,500,,,
1998-04-13,30.0,31.0,29.0,29.0,1500,,,
1998-04-15,30.0,31.9,30.0,31.9,3100,,,
1998-04-16,35.1,35.1,35.0,35.1,700,,,
1998-04-17,35.0,36.25,35.0,36.25,700,,,
1998-04-21,35.0,35.0,34.5,34.5,300,,,
1998-04-22,36.0,36.5,35.0,35.0,900,,,
1998-04-23,31.55,31.55,31.5,31.5,300,,,
1998-04-27,30.5,30.5,30.5,30.5,200,,,
1998-04-28,30.75,31.0,30.25,31.0,600,,,
1998-04-29,33.9,34.0,33.9,33.95,400,,,
1998-05-05,34.0,34.0,34.0,34.0,400,,,
1998-05-13,31.0,31.0,30.5,30.75,200,,,
1998-05-21,29.4,29.4,29.0,29.0,200,,,
1998-05-22,30.4,30.4,27.5,27.5,400,,,
1998-05-25,27.5,27.5,27.5,27.5,100,,,
1998-05-26,28.3,28.35,27.0,27.5,400,,,
1998-06-01,26.0,26.0,26.0,26.0,100,,,
1998-06-02,27.5,27.5,27.25,27.25,300,,,
1998-06-04,27.0,27.0,27.0,27.0,100,,,
1998-06-05,26.5,26.55,26.5,26.55,400,,,
1998-06-12,25.0,25.0,25.0,25.0,100,,,
1998-06-16,24.0,24.0,24.0,24.0,100,,,
1998-06-17,26.25,26.25,26.25,26.25,200,,,
1998-06-26,23.65,23.65,23.65,23.65,200,,,
1998-07-23,22.5,22.5,22.5,22.5,100,,,
1998-07-31,22.45,22.45,22.45,22.45,1000,,,
1998-08-04,24.25,24.25,24.25,24.25,100,,,
1998-08-05,22.75,22.75,22.75,22.75,300,,,
1998-08-21,28.7,28.7,28.7,28.7,1600,,,
1998-08-24,31.0,31.0,30.0,30.95,600,,,
1998-08-25,33.4,33.4,33.4,33.4,500,,,
1998-08-27,35.5,36.0,35.25,36.0,1300,,,
1998-08-28,35.1,35.5,34.15,34.15,800,,,
1998-08-31,34.0,34.0,33.5,33.5,300,,,
1998-09-01,33.75,34.0,33.75,33.8,300,,,
1998-09-02,32.0,32.0,32.0,32.0,100,,,
1998-09-03,32.5,34.0,32.25,33.65,1000,,,
1998-09-04,35.4,35.75,35.4,35.75,800,,,
1998-09-07,37.0,38.6,36.65,38.6,2100,,,
1998-09-08,38.0,38.4,37.25,37.45,400,,,
1998-09-09,36.25,36.5,35.0,35.05,1400,,,
1998-09-10,34.4,34.4,33.5,34.4,2900,,,
1998-09-11,33.0,34.25,33.0,34.1,700,,,
1998-09-14,34.2,34.25,34.0,34.2,1000,,,
1998-09-15,34.0,35.0,34.0,35.0,200,,,
1998-09-17,34.0,34.25,33.1,33.1,700,,,
1998-09-18,33.0,34.0,33.0,34.0,200,,,
1998-09-21,36.5,36.5,34.0,34.25,2900,,,
1998-09-22,33.5,34.0,32.6,33.0,2900,,,
1998-09-24,34.0,34.25,33.0,33.4,400,,,
1998-10-26,28.25,28.25,28.25,28.25,100,,,
1998-10-27,30.5,30.5,30.0,30.0,10100,,,
1998-10-28,31.5,31.5,31.5,31.5,10800,,,
1998-10-29,31.0,31.0,31.0,31.0,300,,,
1998-10-30,31.5,33.0,31.0,32.5,9400,,,
1998-11-02,31.0,31.0,31.0,31.0,3000,,,
1998-11-03,30.5,31.5,29.1,29.1,10100,,,
1998-11-05,30.0,30.2,30.0,30.0,3700,,,
1998-11-09,30.25,30.25,30.25,30.25,100,,,
1998-11-12,31.0,31.0,31.0,31.0,100,,,
1998-11-17,30.2,30.2,30.2,30.2,100,,,
1998-11-18,30.05,30.05,30.05,30.05,100,,,
1998-11-19,31.5,31.5,31.5,31.5,100,,,
1998-11-24,30.5,30.5,30.0,30.0,300,,,
1998-11-28,30.35,30.35,30.35,30.35,100,,,
1998-11-30,28.6,28.6,27.9,27.9,500,,,
1998-12-01,30.0,30.0,30.0,30.0,100,,,
1998-12-04,29.0,29.9,29.0,29.9,500,,,
1998-12-08,28.5,28.5,28.5,28.5,100,,,
1998-12-09,28.5,28.5,28.5,28.5,200,,,
1998-12-11,30.0,30.0,28.75,28.75,300,,,
1998-12-14,30.0,30.0,30.0,30.0,100,,,
1998-12-15,30.25,30.25,30.25,30.25,100,,,
1998-12-22,30.0,30.0,30.0,30.0,200,,,
1998-12-31,30.0,30.0,29.75,29.75,300,,,
1999-01-04,31.75,32.0,30.5,31.5,700,,,
1999-01-05,31.0,31.0,30.0,30.75,500,,,
1999-01-06,33.2,33.2,33.2,33.2,900,,,
1999-01-07,35.5,35.9,34.0,35.9,1000,,,
1999-01-08,36.0,36.0,35.5,35.5,600,,,
1999-01-11,37.0,37.5,35.0,35.0,600,,,
1999-01-12,33.5,34.5,33.5,34.5,300,,,
1999-01-18,34.5,34.5,32.5,32.5,300,,,
1999-01-19,32.5,32.5,30.0,30.0,1000,,,
1999-01-22,30.0,31.0,30.0,31.0,400,,,
1999-01-25,29.75,31.0,29.75,31.0,300,,,
1999-01-27,29.0,29.0,29.0,29.0,200,,,
1999-01-28,29.0,29.0,29.0,29.0,200,,,
1999-01-29,31.3,31.3,30.0,30.0,300,,,
1999-02-02,28.0,28.0,28.0,28.0,100,,,
1999-02-03,25.8,25.8,25.8,25.8,100,,,
1999-02-05,27.9,27.9,27.9,27.9,100,,,
1999-02-08,29.5,29.5,29.5,29.5,100,,,
1999-02-17,24.0,24.0,24.0,24.0,100,,,
1999-02-18,22.1,23.5,22.1,23.5,700,,,
1999-02-19,25.0,25.0,25.0,25.0,200,,,
1999-02-22,23.75,26.75,23.75,26.75,10000,,,
1999-02-23,26.5,26.5,26.5,26.5,100,,,
1999-02-24,24.4,25.0,24.4,24.5,500,,,
1999-02-25,24.0,24.0,23.75,24.0,900,,,
1999-03-01,24.5,25.9,24.5,25.9,600,,,
1999-03-04,25.25,25.5,25.25,25.5,200,,,
1999-03-05,25.0,26.0,25.0,26.0,300,,,
1999-03-08,26.1,26.1,26.0,26.0,400,,,
1999-03-12,24.05,24.05,24.0,24.0,200,,,
1999-03-15,24.0,24.2,24.0,24.2,400,,,
1999-03-16,25.5,25.5,24.0,24.0,800,,,
1999-03-22,22.25,22.5,22.25,22.5,700,,,
1999-03-23,22.75,23.0,22.5,23.0,1000,,,
1999-03-25,23.0,24.0,23.0,24.0,200,,,
1999-04-12,22.0,22.0,22.0,22.0,100,,,
1999-04-23,20.8,21.25,20.8,21.25,200,,,
1999-05-03,21.05,21.05,21.05,21.05,100,,,
1999-05-04,21.25,21.25,21.25,21.25,200,,,
1999-05-07,20.25,20.25,19.75,19.75,200,,,
1999-05-25,20.5,20.5,20.5,20.5,500,,,
1999-05-26,19.75,19.75,19.75,19.75,100,,,
1999-05-28,19.75,19.75,19.75,19.75,100,,,
1999-05-31,19.0,19.25,18.25,18.25,400,,,
1999-06-01,17.5,18.1,17.0,18.1,500,,,
1999-06-02,16.7,18.0,16.7,16.7,3100,,,
1999-06-03,15.75,15.75,15.5,15.75,7600,,,
1999-06-04,15.5,16.0,15.25,15.25,10000,,,
1999-06-07,15.25,15.25,15.25,15.25,1000,,,
1999-06-08,16.4,16.5,16.4,16.5,1100,,,
1999-06-16,20.0,22.0,20.0,21.4,500,,,
1999-06-17,21.5,21.5,21.4,21.4,500,,,
1999-06-18,21.4,21.5,20.25,20.25,500,,,
1999-06-24,20.0,20.0,20.0,20.0,400,,,
1999-06-25,19.75,19.75,19.75,19.75,300,,,
1999-06-29,19.75,19.75,19.5,19.5,500,,,
1999-06-30,20.25,20.25,20.25,20.25,500,,,
1999-07-01,19.5,19.5,18.65,18.65,200,,,
1999-07-02,19.1,19.1,19.1,19.1,200,,,
1999-07-05,20.0,20.25,20.0,20.25,900,,,
1999-07-09,21.85,21.85,21.85,21.85,100,,,
1999-07-12,22.45,22.45,22.45,22.45,100,,,
1999-07-13,20.7,20.7,20.7,20.7,1700,,,
1999-07-14,22.1,22.25,22.0,22.0,600,,,
1999-07-15,22.5,22.5,22.5,22.5,400,,,
1999-07-16,23.0,23.0,23.0,23.0,200,,,
1999-07-19,21.5,23.0,21.5,23.0,300,,,
1999-07-20,23.0,23.25,23.0,23.25,300,,,
1999-07-21,21.8,21.8,21.8,21.8,200,,,
1999-07-27,23.55,23.55,23.55,23.55,100,,,
1999-08-04,35.6,35.6,35.6,35.6,100,,,
1999-08-12,38.5,38.5,38.5,38.5,100,,,
1999-08-17,41.6,41.6,41.6,41.6,200,,,
1999-08-18,42.2,42.2,42.2,42.2,500,,,
1999-08-19,45.6,45.6,45.6,45.6,500,,,
1999-08-20,47.5,49.2,47.5,49.05,1600,,,
1999-08-23,53.0,53.0,48.75,53.0,700,,,
1999-08-24,53.0,57.2,53.0,57.2,1100,,,
1999-08-25,61.8,61.8,58.0,58.0,4200,,,
1999-08-26,62.0,62.6,62.0,62.0,1700,,,
1999-08-27,66.5,66.5,64.1,65.5,2900,,,
1999-08-30,65.5,65.5,60.5,62.5,2700,,,
1999-08-31,59.0,60.0,57.5,57.5,3800,,,
1999-09-01,61.25,61.5,53.5,53.55,700,,,
1999-09-02,52.5,52.5,50.05,52.0,1900,,,
1999-09-03,50.0,51.5,50.0,51.5,700,,,
1999-09-06,53.0,55.5,53.0,55.5,3200,,,
1999-09-07,54.1,59.9,54.1,59.9,3700,,,
1999-09-08,64.5,64.65,60.5,64.65,10200,,,
1999-09-09,69.45,69.6,65.0,65.0,4100,,,
1999-09-10,66.0,70.2,66.0,70.2,10200,,,
1999-09-14,71.3,72.0,69.0,70.0,2300,,,
1999-09-15,71.5,71.5,65.0,65.0,1300,,,
1999-09-16,66.0,70.1,65.0,69.9,13500,,,
1999-09-17,70.5,70.5,67.5,69.6,2500,,,
1999-09-20,69.5,69.5,65.55,68.0,5000,,,
1999-09-21,67.5,70.25,67.4,70.0,11300,,,
1999-09-22,72.0,75.6,69.0,74.4,11300,,,
1999-09-23,80.4,80.4,77.5,80.3,11900,,,
1999-09-24,82.45,82.5,77.8,80.1,8800,,,
1999-09-27,77.6,79.5,77.5,78.1,4600,,,
1999-09-28,74.5,74.9,72.5,73.8,5900,,,
1999-09-29,77.5,79.4,73.3,77.4,5500,,,
1999-09-30,77.0,77.4,74.0,74.5,2600,,,
1999-10-01,77.0,77.0,73.25,76.4,3700,,,
1999-10-04,75.0,75.0,72.5,74.95,2000,,,
1999-10-05,72.0,77.45,71.25,77.45,4600,,,
1999-10-06,77.0,77.5,77.0,77.5,1000,,,
1999-10-07,75.3,76.0,75.3,76.0,400,,,
1999-10-08,76.1,76.7,76.0,76.25,1100,,,
1999-10-11,75.0,76.0,75.0,75.0,800,,,
1999-10-12,73.55,73.55,69.0,69.9,1200,,,
1999-10-13,70.0,71.0,69.3,71.0,400,,,
1999-10-14,67.5,73.0,67.5,72.5,1200,,,
1999-10-15,68.0,68.5,68.0,68.0,1600,,,
1999-10-18,67.5,71.5,66.0,69.6,1900,,,
1999-10-20,75.0,75.0,73.0,74.5,800,,,
1999-10-21,80.0,80.0,72.5,72.5,6800,,,
1999-10-22,72.55,72.8,72.5,72.75,400,,,
1999-10-26,73.0,73.0,67.5,68.5,6100,,,
1999-10-27,70.0,70.0,70.0,70.0,500,,,
1999-10-28,72.0,72.0,67.5,67.5,400,,,
1999-10-29,68.5,68.5,62.5,62.5,600,,,
1999-11-01,67.5,67.5,58.0,60.8,9400,,,
1999-11-02,61.0,62.0,60.5,61.15,300,,,
1999-11-05,60.5,65.5,60.5,62.05,900,,,
1999-11-11,60.55,60.55,60.55,60.55,100,,,
1999-11-12,57.25,57.25,57.25,57.25,100,,,
1999-11-15,52.9,52.9,52.9,52.9,100,,,
1999-11-16,49.0,55.5,49.0,55.5,300,,,
1999-11-17,58.6,58.6,58.6,58.6,100,,,
1999-11-18,60.0,60.0,60.0,60.0,100,,,
1999-11-19,60.5,60.5,60.5,60.5,200,,,
1999-11-22,59.0,61.0,58.1,61.0,300,,,
1999-11-24,64.95,64.95,61.0,61.0,1200,,,
1999-11-25,61.0,61.0,61.0,61.0,200,,,
1999-11-26,62.5,62.5,62.45,62.45,200,,,
1999-11-29,60.75,67.0,60.5,65.0,2100,,,
1999-11-30,64.0,66.0,63.25,64.0,1100,,,
1999-12-01,65.0,65.0,65.0,65.0,200,,,
1999-12-02,70.0,70.0,65.0,65.4,800,,,
1999-12-03,65.0,65.0,65.0,65.0,200,,,
1999-12-06,62.5,62.5,62.5,62.5,100,,,
1999-12-07,63.25,63.25,63.0,63.1,200,,,
1999-12-08,60.0,65.45,60.0,65.45,300,,,
1999-12-09,62.0,62.0,61.5,61.5,300,,,
1999-12-10,61.5,61.5,60.0,60.4,900,,,
1999-12-16,56.0,56.0,56.0,56.0,100,,,
1999-12-20,59.5,60.5,59.5,60.5,300,,,
1999-12-21,62.5,65.0,62.5,65.0,400,,,
1999-12-22,69.0,70.0,63.25,63.25,500,,,
1999-12-23,64.0,64.0,64.0,64.0,200,,,
1999-12-27,59.0,59.0,59.0,59.0,100,,,
1999-12-28,57.5,57.5,55.75,55.9,300,,,
2000-01-03,63.5,67.25,63.5,66.0,1500,,,
2000-01-04,67.5,71.3,67.5,67.5,1400,,,
2000-01-05,69.5,72.85,69.5,72.5,1700,,,
2000-01-06,73.5,78.25,73.5,77.6,4200,,,
2000-01-07,83.0,83.0,80.0,80.0,4300,,,
2000-01-10,80.5,85.0,80.5,82.45,4800,,,
2000-01-11,89.0,89.0,84.0,85.5,2600,,,
2000-01-12,91.0,92.0,85.75,87.5,2300,,,
2000-01-13,86.25,91.5,85.0,87.5,4600,,,
2000-01-14,83.15,86.75,82.5,83.4,2900,,,
2000-01-17,86.0,86.0,80.0,80.3,1400,,,
2000-01-18,82.5,82.5,77.5,80.5,1100,,,
2000-01-19,86.0,86.9,84.0,86.9,1200,,,
2000-01-20,86.9,90.5,85.0,85.4,1400,,,
2000-01-21,85.0,90.0,85.0,90.0,2000,,,
2000-01-24,91.25,97.2,91.25,97.2,1900,,,
2000-01-25,100.0,104.95,100.0,102.45,1700,,,
2000-01-27,105.5,110.65,105.5,110.65,9500,,,
2000-01-28,119.5,119.5,115.5,118.9,15700,,,
2000-01-31,128.25,128.25,119.0,121.6,13400,,,
2000-02-01,125.0,127.9,120.5,123.7,6300,,,
2000-02-02,126.0,133.55,126.0,133.55,6300,,,
2000-02-03,140.0,144.3,138.25,144.3,8000,,,
2000-02-04,153.0,155.8,152.45,155.8,5400,,,
2000-02-07,166.9,168.3,166.85,168.3,3000,,,
2000-02-08,181.75,181.8,181.75,181.8,4900,,,
2000-02-09,196.3,196.3,196.3,196.3,1200,,,
2000-02-10,212.0,212.0,185.0,207.65,22100,,,
2000-02-11,200.0,219.5,192.5,193.9,6900,,,
2000-02-14,192.55,192.55,178.4,180.35,5100,,,
2000-02-15,194.8,194.8,166.5,170.25,18900,,,
2000-02-16,175.0,183.9,174.5,183.9,10500,,,
2000-02-17,185.5,192.25,183.75,186.5,7600,,,
2000-02-18,182.5,193.5,181.5,186.2,8300,,,
2000-02-21,184.5,201.0,180.0,195.55,24700,,,
2000-02-22,204.5,211.2,195.0,211.2,62200,,,
2000-02-23,228.1,228.1,228.1,228.1,2900,,,
2000-02-24,246.2,246.2,220.05,237.8,15300,,,
2000-02-25,240.0,245.0,230.0,230.0,1900,,,
2000-02-28,230.0,240.0,220.0,230.2,6700,,,
2000-02-29,230.0,232.5,212.5,215.85,7200,,,
2000-03-01,200.5,224.5,200.5,220.0,4400,,,
2000-03-02,225.0,235.0,225.0,232.8,2800,,,
2000-03-03,218.5,235.0,218.5,222.75,1000,,,
2000-03-06,222.5,225.0,217.5,217.5,1400,,,
2000-03-07,213.0,213.0,200.1,200.1,3100,,,
2000-03-08,200.1,209.5,187.5,187.55,4700,,,
2000-03-09,180.0,180.0,174.0,175.0,700,,,
2000-03-10,161.0,172.5,161.0,172.5,300,,,
2000-03-13,160.5,169.5,160.0,160.0,1300,,,
2000-03-14,159.0,159.0,147.25,147.25,400,,,
2000-03-15,136.5,145.0,136.5,145.0,1300,,,
2000-03-16,140.0,140.0,133.5,139.5,800,,,
2000-03-22,142.5,142.5,128.35,128.35,1200,,,
2000-03-23,127.5,127.5,119.0,119.0,300,,,
2000-03-24,112.5,115.5,112.5,115.5,300,,,
2000-03-27,115.0,115.0,115.0,115.0,100,,,
2000-03-28,106.25,124.0,106.25,124.0,2500,,,
2000-03-29,132.5,132.5,125.0,127.0,1500,,,
2000-03-30,117.5,122.0,117.5,122.0,600,,,
2000-03-31,113.5,122.5,112.5,122.5,800,,,
2000-04-03,132.2,132.2,120.5,123.8,1600,,,
2000-04-04,114.55,114.55,113.9,114.1,1000,,,
2000-04-05,112.0,112.0,110.0,110.0,1000,,,
2000-04-06,112.5,112.5,112.5,112.5,100,,,
2000-04-07,119.45,121.0,119.45,120.95,500,,,
2000-04-10,129.5,129.5,129.5,129.5,200,,,
2000-04-11,128.5,137.5,128.0,137.5,1200,,,
2000-04-12,140.5,146.0,140.5,146.0,200,,,
2000-04-13,147.5,155.5,141.0,148.5,600,,,
2000-04-17,144.0,144.0,142.0,142.0,200,,,
2000-04-19,148.0,150.5,135.5,144.75,1200,,,
2000-04-20,148.95,155.0,148.95,151.15,900,,,
2000-04-24,152.5,152.5,152.5,152.5,100,,,
2000-04-25,140.75,140.75,140.5,140.5,300,,,
2000-04-26,149.0,151.5,140.5,140.5,2200,,,
2000-04-27,130.5,130.5,130.5,130.5,200,,,
2000-04-28,135.0,135.0,130.0,130.0,300,,,
2000-05-02,120.05,120.05,119.6,119.6,300,,,
2000-05-03,112.5,112.5,112.5,112.5,100,,,
2000-05-04,112.5,119.0,108.5,118.75,400,,,
2000-05-05,110.0,125.0,110.0,125.0,200,,,
2000-05-08,125.0,135.0,122.5,122.5,600,,,
2000-05-09,114.0,114.0,114.0,114.0,100,,,
2000-05-10,121.5,121.5,121.5,121.5,500,,,
2000-05-15,131.0,131.0,131.0,131.0,100,,,
2000-05-17,120.5,140.0,120.5,140.0,300,,,
2000-05-22,128.8,128.8,128.8,128.8,1,,,
2000-05-25,128.8,128.8,128.8,128.8,600,,,
2000-05-29,119.0,119.0,119.0,119.0,6000,,,
2000-05-30,118.5,118.5,118.5,118.5,400,,,
2000-06-06,109.0,109.0,109.0,109.0,10,,,
2000-06-07,105.0,105.0,105.0,105.0,100,,,
2000-06-09,97.5,100.5,97.5,100.5,500,,,
2000-06-14,108.5,108.5,108.5,108.5,100,,,
2000-06-15,112.5,112.5,112.5,112.5,100,,,
2000-06-16,103.5,103.5,103.5,103.5,200,,,
2000-06-20,102.5,102.5,102.5,102.5,100,,,
2000-06-21,109.5,110.7,109.5,110.7,2000,,,
2000-06-26,107.5,107.5,107.5,107.5,100,,,
2000-06-28,100.5,100.5,100.5,100.5,200,,,
2000-06-29,100.0,100.0,95.0,95.0,200,,,
2000-06-30,100.0,100.0,100.0,100.0,2000,,,
2000-07-04,99.0,99.0,99.0,99.0,1000,,,
2000-07-07,98.5,98.5,98.5,98.5,200,,,
2000-07-10,92.5,92.5,92.5,92.5,200,,,
2000-07-12,87.55,87.55,87.55,87.55,100,,,
2000-07-14,85.0,85.0,83.5,85.0,400,,,
2000-07-19,80.0,80.0,80.0,80.0,1,,,
2000-07-20,86.0,86.4,86.0,86.4,2000,,,
2000-07-21,93.3,93.3,91.5,91.5,2099,,,
2000-07-25,84.2,85.0,84.2,85.0,201,,,
2000-07-26,91.0,91.8,91.0,91.8,3000,,,
2000-07-27,96.5,98.75,88.0,97.5,3951,,,
2000-07-28,92.55,101.5,92.55,101.5,1049,,,
2000-07-31,95.0,95.0,95.0,95.0,10,,,
2000-08-01,100.5,100.5,95.0,97.0,190,,,
2000-08-02,99.5,99.5,94.5,94.5,400,,,
2000-08-04,99.0,99.0,88.5,88.5,101,,,
2000-08-07,95.0,95.5,90.0,94.5,3100,,,
2000-08-08,94.5,95.0,90.0,90.0,600,,,
2000-08-09,95.5,95.5,95.5,95.5,10,,,
2000-08-11,90.0,94.5,88.0,94.5,300,,,
2000-08-14,92.5,92.5,86.95,86.95,60,,,
2000-08-16,93.0,93.0,93.0,93.0,200,,,
2000-08-17,85.8,85.8,85.8,85.8,41,,,
2000-08-18,87.5,87.5,87.5,87.5,10,,,
2000-08-21,82.5,89.5,82.5,89.5,220,,,
2000-08-22,86.15,86.15,85.6,85.6,50,,,
2000-08-23,39.25,42.2,39.25,39.6,2200,,,
2000-08-25,42.2,42.2,42.2,42.2,50,,,
2000-08-28,42.0,42.0,40.25,40.9,700,,,
2000-08-29,40.25,40.25,40.25,40.25,100,,,
2000-08-31,41.0,42.45,38.0,38.0,775,,,
2000-09-04,35.65,37.5,35.1,35.1,925,,,
2000-09-05,37.5,37.5,34.0,36.1,1200,,,
2000-09-06,36.0,38.75,34.55,35.95,2090,,,
2000-09-07,37.0,38.8,37.0,38.8,270,,,
2000-09-08,41.5,41.95,40.0,41.95,2725,,,
2000-09-11,44.5,44.5,42.0,42.0,1550,,,
2000-09-12,41.5,43.0,39.5,41.9,2311,,,
2000-09-13,42.5,43.5,41.5,42.9,725,,,
2000-09-14,43.45,43.45,41.1,43.2,472,,,
2000-09-15,42.35,42.4,40.4,40.4,375,,,
2000-09-18,40.0,40.95,37.2,37.2,245,,,
2000-09-19,36.0,38.9,34.25,38.65,306,,,
2000-09-20,38.5,40.0,38.5,40.0,100,,,
2000-09-21,41.45,41.5,39.0,39.15,650,,,
2000-09-22,39.0,39.0,38.5,38.5,150,,,
2000-09-25,37.5,41.45,37.5,37.5,626,,,
2000-09-26,40.5,40.5,35.75,39.6,401,,,
2000-09-29,36.5,36.5,36.5,36.5,100,,,
2000-10-03,35.1,35.1,34.75,34.75,525,,,
2000-10-04,37.4,37.4,35.0,35.0,700,,,
2000-10-05,35.0,36.9,34.0,34.25,875,,,
2000-10-06,35.0,36.5,34.0,34.0,601,,,
2000-10-09,36.5,36.5,36.5,36.5,50,,,
2000-10-10,34.25,34.25,33.75,33.75,400,,,
2000-10-12,35.0,35.0,35.0,35.0,100,,,
2000-10-13,32.25,32.5,32.25,32.45,825,,,
2000-10-16,32.5,32.5,30.0,30.0,175,,,
2000-10-17,27.75,28.0,27.6,27.6,257,,,
2000-10-18,25.6,26.9,25.5,25.5,450,,,
2000-10-19,27.5,27.5,26.1,26.1,225,,,
2000-10-20,28.2,28.2,28.2,28.2,1,,,
2000-10-23,30.5,30.5,30.5,30.5,5,,,
2000-10-24,32.9,32.9,32.9,32.9,5,,,
2000-10-25,35.6,35.6,35.6,35.6,1905,,,
2000-10-26,38.4,38.4,38.4,38.4,105,,,
2000-10-27,41.5,41.5,41.5,41.5,105,,,
2000-10-30,44.8,44.8,44.8,44.8,305,,,
2000-10-31,48.4,48.4,48.4,48.4,355,,,
2000-11-01,52.3,52.3,52.3,52.3,180,,,
2000-11-02,56.5,56.5,48.15,56.0,9926,,,
2000-11-03,54.0,56.5,52.0,54.4,3137,,,
2000-11-06,53.0,54.0,51.0,51.55,2211,,,
2000-11-07,47.85,54.4,47.8,53.0,4097,,,
2000-11-08,54.0,56.5,53.0,53.0,2585,,,
2000-11-09,53.05,53.5,52.25,53.0,575,,,
2000-11-10,51.5,52.0,51.25,51.25,331,,,
2000-11-13,49.0,49.0,47.5,47.65,800,,,
2000-11-14,45.6,50.95,45.55,50.15,826,,,
2000-11-15,48.0,48.05,48.0,48.0,150,,,
2000-11-16,45.95,45.95,44.5,44.5,460,,,
2000-11-17,46.0,46.45,45.0,45.9,310,,,
2000-11-20,46.1,46.1,44.5,44.5,650,,,
2000-11-21,45.35,45.5,43.1,44.95,280,,,
2000-11-22,43.0,43.1,41.45,41.45,1100,,,
2000-11-23,42.0,42.0,39.0,41.5,1320,,,
2000-11-24,41.0,42.5,40.0,42.5,470,,,
2000-11-27,44.5,45.0,41.5,44.9,900,,,
2000-11-28,45.5,48.5,45.0,48.0,1400,,,
2000-11-29,51.0,51.0,46.5,49.95,400,,,
2000-11-30,46.55,48.0,46.55,46.6,929,,,
2000-12-01,47.5,50.3,47.5,50.0,1060,,,
2000-12-04,51.5,51.5,48.5,49.1,1500,,,
2000-12-05,50.0,50.0,48.0,48.0,700,,,
2000-12-06,47.7,47.7,47.65,47.65,100,,,
2000-12-07,46.0,48.5,46.0,47.6,80,,,
2000-12-08,47.5,47.5,47.5,47.5,200,,,
2000-12-11,49.0,50.9,49.0,49.25,500,,,
2000-12-12,50.0,51.8,49.0,51.6,1704,,,
2000-12-13,52.5,55.0,52.4,53.0,2685,,,
2000-12-14,55.0,55.0,54.0,54.5,1348,,,
2000-12-15,55.0,57.0,53.0,55.0,1652,,,
2000-12-18,55.95,58.5,54.4,57.5,4190,,,
2000-12-19,58.0,59.45,56.75,57.5,2960,,,
2000-12-20,55.55,55.55,55.25,55.4,370,,,
2000-12-21,54.0,54.0,52.5,52.8,830,,,
2000-12-22,50.0,51.0,49.6,51.0,1510,,,
2000-12-26,47.5,50.0,47.5,49.5,760,,,
2000-12-27,50.0,50.0,50.0,50.0,100,,,
2000-12-28,51.0,51.0,51.0,51.0,1,,,
2000-12-29,48.5,48.5,48.5,48.5,99,,,
2001-01-01,50.0,50.0,50.0,50.0,10,,,
2001-01-02,48.65,50.0,47.55,50.0,332,,,
2001-01-03,50.5,50.5,50.5,50.5,366,,,
2001-01-04,50.25,50.25,49.75,49.75,534,,,
2001-01-09,49.9,49.95,49.9,49.9,450,,,
2001-01-11,49.5,49.5,49.5,49.5,60,,,
2001-01-12,49.5,49.5,49.5,49.5,100,,,
2001-01-15,45.6,53.25,45.6,53.25,110,,,
2001-01-16,49.5,50.0,49.5,50.0,200,,,
2001-01-18,49.0,49.0,49.0,49.0,100,,,
2001-01-22,51.5,51.5,48.0,48.05,325,,,
2001-01-23,46.5,49.95,44.3,44.75,1110,,,
2001-01-24,42.25,46.3,41.15,43.0,1040,,,
2001-01-25,44.5,46.25,44.5,46.25,775,,,
2001-01-30,47.5,47.5,47.5,47.5,200,,,
2001-01-31,46.0,46.0,46.0,46.0,100,,,
2001-02-01,47.5,47.5,43.6,43.6,510,,,
2001-02-02,47.0,47.0,46.95,46.95,490,,,
2001-02-05,48.75,48.75,45.1,45.85,240,,,
2001-02-06,45.1,47.0,43.05,47.0,290,,,
2001-02-07,46.25,46.25,46.25,46.25,200,,,
2001-02-08,45.0,47.5,44.0,45.3,1730,,,
2001-02-09,48.0,48.45,46.5,48.45,825,,,
2001-02-12,48.5,48.5,48.5,48.5,50,,,
2001-02-13,46.0,46.0,44.75,44.75,600,,,
2001-02-14,41.5,47.25,41.25,47.25,350,,,
2001-02-21,43.5,43.5,43.5,43.5,501,,,
2001-02-22,46.5,46.5,46.5,46.5,5,,,
2001-02-23,49.5,49.5,42.8,42.8,2524,,,
2001-02-26,41.5,42.5,41.5,42.5,1100,,,
2001-02-27,40.0,41.75,40.0,40.0,775,,,
2001-02-28,40.5,40.5,36.8,37.95,1820,,,
2001-03-01,40.0,40.0,34.9,34.9,1966,,,
2001-03-02,33.75,34.45,32.8,34.45,575,,,
2001-03-05,36.75,36.75,31.75,31.75,451,,,
2001-03-07,33.5,34.0,32.5,34.0,1300,,,
2001-03-08,33.1,33.1,31.5,31.5,1450,,,
2001-03-09,30.5,31.0,29.25,30.0,1235,,,
2001-03-12,29.0,29.0,28.75,29.0,590,,,
2001-03-13,28.0,31.0,27.55,31.0,765,,,
2001-03-14,29.05,29.05,28.75,28.75,160,,,
2001-03-15,28.75,28.75,27.0,28.75,300,,,
2001-03-16,29.9,29.9,27.15,29.8,931,,,
2001-03-19,28.5,32.1,27.5,32.0,1296,,,
2001-03-20,29.4,34.55,29.4,34.55,2625,,,
2001-03-21,37.25,37.25,32.8,33.75,102,,,
2001-03-22,31.5,35.5,31.5,35.5,201,,,
2001-03-23,33.0,34.0,33.0,33.0,300,,,
2001-03-26,34.5,35.35,33.0,33.0,1380,,,
2001-03-27,34.0,34.0,31.0,32.6,1187,,,
2001-03-28,32.5,33.5,30.0,30.5,1725,,,
2001-03-29,29.25,30.5,28.2,28.6,1015,,,
2001-03-30,30.4,30.4,26.3,27.1,2181,,,
2001-04-02,27.0,28.45,26.5,27.0,1715,,,
2001-04-03,25.6,26.5,24.9,26.1,2673,,,
2001-04-04,28.0,28.1,26.0,26.6,1150,,,
2001-04-06,28.6,28.6,28.6,28.6,75,,,
2001-04-09,27.5,27.5,26.5,26.5,353,,,
2001-04-10,25.5,25.5,24.6,25.15,3508,,,
2001-04-11,26.0,26.95,26.0,26.9,95,,,
2001-04-12,25.2,27.0,24.8,25.0,752,,,
2001-04-16,26.25,26.25,26.1,26.1,150,,,
2001-04-17,27.0,27.0,25.5,27.0,1143,,,
2001-04-18,28.25,28.25,25.25,26.45,660,,,
2001-04-19,27.1,28.45,26.5,28.25,950,,,
2001-04-20,26.25,26.55,26.0,26.5,300,,,
2001-04-23,28.5,28.65,28.0,28.65,850,,,
2001-04-24,29.5,30.95,29.5,30.95,950,,,
2001-04-25,33.4,33.4,33.4,33.4,70,,,
2001-04-26,33.75,36.1,33.75,35.2,2300,,,
2001-04-27,32.5,34.0,32.4,32.45,1185,,,
2001-04-30,34.1,34.5,34.0,34.0,700,,,
2001-05-02,32.75,35.1,32.75,35.05,320,,,
2001-05-03,33.5,33.5,32.25,32.25,990,,,
2001-05-04,30.75,30.75,29.7,30.5,1310,,,
2001-05-07,30.05,30.1,29.3,30.0,655,,,
2001-05-08,29.05,29.5,28.2,28.2,705,,,
2001-05-09,29.7,30.0,28.9,30.0,2550,,,
2001-05-10,28.4,31.0,28.4,29.25,1176,,,
2001-05-11,29.2,29.2,29.2,29.2,57,,,
2001-05-14,31.0,31.0,30.0,30.2,4300,,,
2001-05-15,27.85,29.0,27.85,28.4,3300,,,
2001-05-16,30.0,30.0,29.5,29.95,2236,,,
2001-05-17,29.75,30.1,29.5,29.5,2990,,,
2001-05-18,30.0,30.0,30.0,30.0,200,,,
2001-05-21,29.5,30.0,29.5,30.0,850,,,
2001-05-22,30.25,30.25,27.6,27.7,13284,,,
2001-05-23,29.0,29.5,27.1,27.65,8170,,,
2001-05-24,27.5,29.0,27.5,27.7,4180,,,
2001-05-25,28.2,28.2,27.0,27.2,1720,,,
2001-05-28,28.2,28.5,27.8,28.1,3096,,,
2001-05-29,26.9,28.6,26.9,28.3,3850,,,
2001-05-30,28.5,28.5,27.2,27.5,14207,,,
2001-05-31,27.5,28.0,27.45,27.55,1713,,,
2001-06-01,27.0,27.55,27.0,27.5,5331,,,
2001-06-04,27.4,27.45,26.3,26.85,995,,,
2001-06-05,26.9,27.45,26.7,26.8,2451,,,
2001-06-06,28.25,28.25,27.45,27.45,1010,,,
2001-06-07,27.45,27.5,27.4,27.45,760,,,
2001-06-08,27.35,27.4,26.75,27.3,1230,,,
2001-06-11,27.0,27.0,26.75,26.75,200,,,
2001-06-12,27.0,28.9,26.25,28.7,24892,,,
2001-06-13,28.25,28.5,28.0,28.05,1075,,,
2001-06-14,27.6,27.6,27.5,27.5,1100,,,
2001-06-15,27.75,28.25,26.75,27.8,750,,,
2001-06-18,28.0,28.25,27.55,28.15,2736,,,
2001-06-19,28.35,28.5,28.0,28.2,1635,,,
2001-06-20,27.05,28.5,27.05,28.45,630,,,
2001-06-21,27.95,27.95,27.95,27.95,1,,,
2001-06-22,28.5,28.95,28.5,28.95,2060,,,
2001-06-25,29.1,30.95,29.1,29.7,2045,,,
2001-06-26,29.25,31.5,29.25,31.05,6296,,,
2001-06-27,31.3,32.0,31.0,31.7,4715,,,
2001-06-28,32.95,34.25,32.95,34.25,7786,,,
2001-06-29,35.0,37.0,35.0,37.0,5140,,,
2001-07-02,40.0,40.0,39.5,40.0,850,,,
2001-07-03,42.5,42.5,37.0,39.45,822,,,
2001-07-04,40.5,42.6,40.5,42.5,680,,,
2001-07-05,43.25,43.25,42.6,42.8,150,,,
2001-07-06,40.5,42.25,40.1,40.2,800,,,
2001-07-09,41.45,41.45,39.5,40.5,2220,,,
2001-07-10,40.0,42.0,40.0,41.65,426,,,
2001-07-11,40.6,40.8,40.6,40.8,200,,,
2001-07-12,43.5,44.0,43.5,44.0,200,,,
2001-07-13,45.0,46.0,44.3,44.5,1235,,,
2001-07-16,43.5,43.5,43.5,43.5,1600,,,
2001-07-17,41.5,44.5,41.5,43.65,4460,,,
2001-07-18,42.5,45.0,42.5,44.55,4344,,,
2001-07-19,39.7,39.7,39.0,39.0,200,,,
2001-07-20,38.5,38.5,38.5,38.5,10,,,
2001-07-23,36.0,36.0,36.0,36.0,25,,,
2001-07-24,35.75,38.5,35.25,35.75,1805,,,
2001-07-25,34.8,35.25,33.0,33.0,1880,,,
2001-07-26,31.0,34.95,30.65,34.15,1235,,,
2001-07-27,34.0,35.5,33.6,34.25,2282,,,
2001-07-30,32.25,37.0,32.25,37.0,1820,,,
2001-07-31,38.0,39.0,36.5,36.7,2155,,,
2001-08-01,36.25,36.25,34.55,34.7,1440,,,
2001-08-02,35.5,35.5,34.75,34.75,590,,,
2001-08-03,35.0,35.0,33.05,33.05,101,,,
2001-08-06,35.0,35.0,34.5,35.0,370,,,
2001-08-07,37.0,37.0,34.0,34.0,801,,,
2001-08-08,34.5,34.5,34.1,34.4,370,,,
2001-08-09,33.1,34.0,33.1,34.0,470,,,
2001-08-10,34.45,34.45,32.5,32.8,1285,,,
2001-08-13,34.0,34.0,33.15,33.15,420,,,
2001-08-14,33.5,33.5,33.5,33.5,475,,,
2001-08-17,34.0,34.0,32.25,32.5,1740,,,
2001-08-20,32.0,33.4,32.0,33.4,190,,,
2001-08-21,32.25,33.0,32.0,32.05,930,,,
2001-08-24,31.9,32.4,31.85,32.0,660,,,
2001-08-27,32.5,33.0,32.5,32.5,1345,,,
2001-08-28,33.5,33.5,32.6,32.8,52,,,
2001-08-29,33.0,33.0,32.45,32.5,326,,,
2001-08-30,32.6,33.2,32.5,32.5,749,,,
2001-08-31,32.5,33.0,32.0,33.0,1765,,,
2001-09-03,32.5,34.1,32.5,34.1,1315,,,
2001-09-04,34.25,34.25,34.0,34.25,620,,,
2001-09-05,33.5,33.5,33.25,33.25,200,,,
2001-09-06,32.6,33.05,32.6,33.05,180,,,
2001-09-07,33.75,34.0,33.05,33.05,1071,,,
2001-09-10,33.1,33.1,32.5,32.5,100,,,
2001-09-11,33.5,33.5,33.0,33.0,425,,,
2001-09-12,31.55,32.5,31.25,31.55,550,,,
2001-09-13,31.95,31.95,31.95,31.95,100,,,
2001-09-14,31.15,31.15,29.6,30.55,1150,,,
2001-09-17,28.55,28.75,28.1,28.1,475,,,
2001-09-18,28.0,28.0,28.0,28.0,70,,,
2001-09-19,30.0,30.0,28.25,28.25,305,,,
2001-09-20,29.4,29.4,28.25,28.3,2652,,,
2001-09-21,28.25,29.0,28.0,28.3,300,,,
2001-09-24,29.5,30.6,29.5,30.6,410,,,
2001-09-25,31.0,31.0,30.0,30.0,100,,,
2001-09-28,30.0,31.3,29.5,30.95,310,,,
2001-10-01,30.95,30.95,30.0,30.0,150,,,
2001-10-03,29.5,30.9,29.5,30.9,820,,,
2001-10-04,31.5,31.5,29.5,29.5,225,,,
2001-10-05,29.75,29.75,29.75,29.75,1000,,,
2001-10-08,30.0,30.0,29.3,30.0,290,,,
2001-10-09,30.0,30.0,30.0,30.0,50,,,
2001-10-10,30.9,30.9,30.9,30.9,100,,,
2001-10-11,30.0,30.0,30.0,30.0,50,,,
2001-10-12,30.0,30.0,30.0,30.0,50,,,
2001-10-15,32.9,32.95,32.9,32.95,100,,,
2001-10-16,32.0,32.5,32.0,32.5,545,,,
2001-10-17,33.0,33.5,32.5,33.5,380,,,
2001-10-18,34.75,35.0,33.5,34.0,450,,,
2001-10-19,33.75,33.75,33.75,33.75,100,,,
2001-10-22,39.65,39.65,39.65,39.65,100,,,
2001-10-23,42.45,42.75,41.95,42.75,435,,,
2001-10-24,42.45,42.45,41.8,41.8,86,,,
2001-10-25,38.6,39.25,38.25,38.9,1490,,,
2001-10-29,42.0,42.0,42.0,42.0,700,,,
2001-10-30,44.25,45.4,44.25,45.4,2475,,,
2001-10-31,49.0,49.0,47.0,48.5,2915,,,
2001-11-01,47.25,49.0,45.6,46.05,1701,,,
2001-11-02,49.0,49.0,44.4,44.9,1830,,,
2001-11-05,42.4,43.2,40.6,40.75,2048,,,
2001-11-06,38.05,41.9,38.05,40.2,1335,,,
2001-11-07,40.15,40.15,39.0,39.0,600,,,
2001-11-08,38.9,38.9,38.5,38.5,1100,,,
2001-11-09,39.4,39.9,38.6,38.95,315,,,
2001-11-12,38.0,40.5,37.75,38.4,395,,,
2001-11-13,38.45,38.5,38.45,38.5,215,,,
2001-11-14,39.0,39.25,38.5,38.75,1621,,,
2001-11-15,38.7,38.7,38.0,38.05,338,,,
2001-11-19,37.0,39.35,37.0,37.9,370,,,
2001-11-20,38.75,38.75,38.0,38.0,1895,,,
2001-11-21,37.1,38.35,36.05,37.25,1520,,,
2001-11-22,37.3,38.1,36.4,37.7,1426,,,
2001-11-23,37.0,39.5,36.5,37.75,1589,,,
2001-11-26,37.5,37.5,37.5,37.5,52,,,
2001-11-27,37.5,38.5,37.1,38.15,2860,,,
2001-11-28,37.5,38.0,37.25,37.9,1144,,,
2001-11-29,39.9,39.9,37.0,37.0,342,,,
2001-12-03,37.5,37.5,37.5,37.5,5,,,
2001-12-04,37.5,37.5,37.5,37.5,20,,,
2001-12-05,37.5,37.55,37.05,37.1,1025,,,
2001-12-06,37.0,37.95,36.5,37.95,2421,,,
2001-12-07,37.0,37.0,36.6,36.6,250,,,
2001-12-10,36.0,36.0,36.0,36.0,60,,,
2001-12-11,35.65,36.95,35.65,36.5,2125,,,
2001-12-12,36.0,36.0,36.0,36.0,45,,,
2001-12-13,35.25,35.25,35.25,35.25,100,,,
2001-12-14,34.25,35.6,34.15,34.4,2365,,,
2001-12-18,34.5,35.5,34.25,34.9,2270,,,
2001-12-19,35.5,35.5,32.7,34.0,230,,,
2001-12-20,34.25,34.25,33.25,33.3,875,,,
2001-12-21,34.0,34.0,34.0,34.0,75,,,
2001-12-24,32.5,32.9,32.5,32.9,1025,,,
2001-12-26,35.0,35.0,32.0,32.0,650,,,
2001-12-27,32.0,32.0,32.0,32.0,450,,,
2001-12-28,32.0,32.4,31.7,32.1,1105,,,
2001-12-31,34.0,35.0,32.6,32.65,700,,,
2002-01-01,33.0,34.0,32.75,33.05,811,,,
2002-01-02,34.25,34.25,34.25,34.25,10,,,
2002-01-03,33.5,33.75,33.5,33.7,625,,,
2002-01-04,34.0,34.5,34.0,34.5,105,,,
2002-01-07,34.7,35.0,33.95,33.95,1930,,,
2002-01-08,34.5,35.5,33.5,34.3,985,,,
2002-01-09,34.5,34.5,33.25,33.3,810,,,
2002-01-10,34.0,34.0,34.0,34.0,75,,,
2002-01-11,33.5,33.5,33.5,33.5,20,,,
2002-01-14,34.5,34.5,32.65,34.5,402,,,
2002-01-15,33.6,34.5,33.6,34.2,479,,,
2002-01-16,34.0,34.25,34.0,34.25,120,,,
2002-01-17,34.5,34.9,33.4,33.6,551,,,
2002-01-18,32.55,34.9,32.55,34.5,200,,,
2002-01-21,33.5,34.5,33.5,34.5,1100,,,
2002-01-22,34.0,34.0,33.05,33.9,1090,,,
2002-01-24,33.0,33.45,33.0,33.0,375,,,
2002-01-25,32.75,32.75,32.0,32.15,2984,,,
2002-01-28,32.5,32.5,31.25,31.5,1801,,,
2002-01-29,32.0,34.0,32.0,33.6,1242,,,
2002-01-30,33.75,34.25,33.0,34.25,1050,,,
2002-01-31,33.25,33.7,32.85,33.65,4790,,,
2002-02-01,34.0,36.4,33.45,36.05,6630,,,
2002-02-04,36.5,37.0,35.5,36.0,1311,,,
2002-02-05,35.5,36.0,35.5,35.5,175,,,
2002-02-06,35.0,35.25,33.6,34.05,950,,,
2002-02-07,34.5,35.5,34.5,35.1,828,,,
2002-02-08,34.5,34.75,34.0,34.0,380,,,
2002-02-11,35.5,35.95,34.5,34.9,1070,,,
2002-02-12,34.0,35.9,34.0,34.8,410,,,
2002-02-13,35.75,36.0,35.0,35.05,745,,,
2002-02-14,36.15,36.8,35.65,36.25,1918,,,
2002-02-15,36.75,36.95,36.2,36.55,1780,,,
2002-02-18,36.15,36.15,35.0,35.5,325,,,
2002-02-19,36.85,36.85,35.5,35.95,701,,,
2002-02-20,35.5,35.9,35.25,35.9,180,,,
2002-02-21,36.15,36.25,36.15,36.25,215,,,
2002-02-22,36.5,36.5,35.5,35.5,625,,,
2002-02-25,36.0,36.95,36.0,36.3,415,,,
2002-02-26,36.0,37.5,36.0,36.3,1645,,,
2002-02-27,36.0,36.35,35.5,35.55,1220,,,
2002-02-28,37.0,37.0,34.0,34.0,1675,,,
2002-03-01,36.4,36.4,36.4,36.4,100,,,
2002-03-04,37.35,37.35,36.0,36.0,1150,,,
2002-03-05,36.0,37.5,36.0,36.9,1085,,,
2002-03-06,36.1,36.1,35.8,35.85,600,,,
2002-03-07,36.75,37.0,36.5,36.75,717,,,
2002-03-08,37.2,39.7,37.2,39.7,3219,,,
2002-03-11,40.75,42.5,37.5,41.7,4610,,,
2002-03-12,40.2,41.15,39.5,40.65,5366,,,
2002-03-13,41.0,41.25,40.0,40.0,1455,,,
2002-03-14,39.0,40.4,38.25,40.25,1440,,,
2002-03-15,40.3,40.5,39.25,39.6,1705,,,
2002-03-18,41.45,41.5,39.6,40.2,5120,,,
2002-03-19,40.0,40.75,39.0,39.4,1900,,,
2002-03-20,39.55,39.55,38.05,38.5,4563,,,
2002-03-21,37.5,37.5,35.5,35.75,1993,,,
2002-03-22,37.5,37.5,32.9,33.5,4635,,,
2002-03-26,33.75,34.75,33.75,34.5,1550,,,
2002-03-27,34.75,35.5,34.5,35.5,210,,,
2002-03-28,35.5,36.45,35.0,36.45,479,,,
2002-04-01,37.5,37.5,35.7,35.7,250,,,
2002-04-02,36.5,36.5,36.5,36.5,100,,,
2002-04-03,35.0,35.05,35.0,35.0,105,,,
2002-04-04,35.5,35.75,35.05,35.1,800,,,
2002-04-05,36.0,36.0,35.5,35.5,105,,,
2002-04-08,35.75,35.9,35.55,35.6,410,,,
2002-04-09,35.5,36.0,35.25,36.0,545,,,
2002-04-10,36.0,36.4,35.6,36.4,370,,,
2002-04-11,36.25,37.4,36.0,36.75,1616,,,
2002-04-12,36.5,36.6,36.25,36.55,586,,,
2002-04-15,36.5,36.5,34.8,34.9,6825,,,
2002-04-16,35.0,35.0,34.75,35.0,1700,,,
2002-04-17,35.0,36.35,34.5,35.0,5619,,,
2002-04-18,35.0,35.1,35.0,35.0,425,,,
2002-04-19,35.65,35.65,35.05,35.25,325,,,
2002-04-22,35.0,35.5,35.0,35.5,85,,,
2002-04-23,35.5,36.0,35.05,36.0,570,,,
2002-04-24,35.1,35.25,35.05,35.05,110,,,
2002-04-25,36.45,36.45,35.1,35.15,140,,,
2002-04-26,35.4,35.85,35.4,35.85,115,,,
2002-04-29,35.5,35.5,35.5,35.5,140,,,
2002-04-30,33.6,35.0,33.6,35.0,456,,,
2002-05-02,35.0,35.75,34.25,35.65,761,,,
2002-05-03,35.1,35.1,34.75,34.75,250,,,
2002-05-06,35.95,36.15,35.0,36.0,2201,,,
2002-05-07,37.45,39.0,35.75,38.1,5164,,,
2002-05-08,39.5,40.7,39.0,39.1,3935,,,
2002-05-09,40.0,40.45,38.05,38.9,1601,,,
2002-05-10,38.15,38.5,37.75,38.0,1204,,,
2002-05-13,36.0,37.5,36.0,37.0,1615,,,
2002-05-14,36.8,36.9,36.75,36.75,718,,,
2002-05-15,36.25,36.25,35.8,35.8,200,,,
2002-05-16,35.5,35.5,35.0,35.2,700,,,
2002-05-17,34.55,36.2,34.5,35.55,563,,,
2002-05-20,33.05,35.85,33.05,34.05,545,,,
2002-05-21,33.25,33.5,32.7,32.9,1509,,,
2002-05-22,32.5,34.5,32.5,34.0,480,,,
2002-05-23,33.3,33.3,33.25,33.25,280,,,
2002-05-24,35.0,35.5,35.0,35.5,350,,,
2002-05-27,35.5,35.5,33.55,34.45,378,,,
2002-05-28,37.2,37.2,33.05,33.05,1211,,,
2002-05-29,35.5,35.5,33.0,34.5,301,,,
2002-05-30,32.5,33.25,32.5,33.25,60,,,
2002-05-31,35.45,35.45,32.85,34.0,172,,,
2002-06-03,34.0,34.0,33.7,33.7,300,,,
2002-06-04,35.0,35.2,34.0,34.15,710,,,
2002-06-05,35.0,35.0,34.0,34.9,1221,,,
2002-06-06,33.8,33.8,33.8,33.8,102,,,
2002-06-07,35.45,35.45,35.45,35.45,1,,,
2002-06-10,35.9,35.9,35.9,35.9,1,,,
2002-06-11,33.65,35.5,33.6,35.2,800,,,
2002-06-12,35.0,35.0,34.25,34.45,545,,,
2002-06-13,35.0,35.05,34.95,34.95,550,,,
2002-06-14,34.95,34.95,34.0,34.4,1340,,,
2002-06-17,36.45,36.45,35.25,36.0,1176,,,
2002-06-18,38.85,38.85,35.6,36.5,796,,,
2002-06-19,36.0,36.25,35.5,36.0,2100,,,
2002-06-20,35.75,35.75,35.0,35.75,405,,,
2002-06-21,34.1,36.75,34.1,34.9,1912,,,
2002-06-24,34.1,36.0,34.1,35.6,401,,,
2002-06-25,36.5,36.75,36.25,36.65,180,,,
2002-06-26,36.25,36.95,36.0,36.0,550,,,
2002-06-27,35.5,36.0,35.2,35.4,570,,,
2002-06-28,35.0,35.15,35.0,35.15,200,,,
2002-07-01,36.75,37.0,35.5,36.15,800,,,
2002-07-02,37.5,39.75,37.5,38.85,6915,,,
2002-07-03,39.85,40.5,39.0,39.3,3735,,,
2002-07-04,40.4,40.45,38.65,38.8,3461,,,
2002-07-05,39.5,40.9,38.75,40.0,4354,,,
2002-07-08,40.5,40.5,39.55,39.95,1980,,,
2002-07-09,40.0,40.0,39.0,39.0,1525,,,
2002-07-10,39.1,39.4,37.85,38.3,1550,,,
2002-07-11,38.3,38.9,37.6,37.9,228,,,
2002-07-12,38.0,39.0,37.8,38.8,1225,,,
2002-07-15,38.0,39.5,38.0,38.15,655,,,
2002-07-16,38.7,40.0,37.5,37.5,2489,,,
2002-07-17,37.5,38.5,36.4,36.65,1765,,,
2002-07-18,33.85,37.5,33.85,37.2,1001,,,
2002-07-19,36.5,37.0,36.5,36.9,430,,,
2002-07-22,36.5,37.2,36.05,36.1,750,,,
2002-07-23,36.4,36.5,36.0,36.25,345,,,
2002-07-24,36.0,36.5,36.0,36.1,245,,,
2002-07-25,36.1,36.15,36.1,36.1,449,,,
2002-07-26,36.5,36.5,35.5,35.5,440,,,
2002-07-29,35.5,35.5,34.75,35.0,620,,,
2002-07-30,37.4,37.4,34.25,36.35,414,,,
2002-07-31,34.5,35.0,34.4,35.0,880,,,
2002-08-01,35.0,36.2,35.0,36.2,40,,,
2002-08-02,33.5,34.5,33.5,34.3,435,,,
2002-08-05,33.5,33.7,32.85,33.6,915,,,
2002-08-06,33.5,33.5,33.25,33.25,250,,,
2002-08-07,33.1,33.5,32.65,33.25,1565,,,
2002-08-08,33.5,33.5,32.9,32.9,200,,,
2002-08-09,33.65,33.65,32.85,32.85,300,,,
2002-08-12,33.65,33.7,33.65,33.7,35,,,
2002-08-13,33.9,33.9,33.9,33.9,25,,,
2002-08-14,33.9,33.9,33.9,33.9,100,,,
2002-08-16,33.75,35.0,33.75,34.0,400,,,
2002-08-20,34.0,34.9,34.0,34.2,415,,,
2002-08-21,34.0,34.0,34.0,34.0,100,,,
2002-08-22,34.5,35.0,34.2,35.0,400,,,
2002-08-23,36.0,36.0,34.55,34.55,250,,,
2002-08-26,35.1,35.25,34.3,34.5,1695,,,
2002-08-27,34.4,34.4,34.4,34.4,600,,,
2002-08-28,34.85,35.0,34.85,35.0,1000,,,
2002-08-29,34.5,34.65,34.5,34.65,225,,,
2002-08-30,34.55,35.15,34.55,34.6,1075,,,
2002-09-03,34.0,34.0,34.0,34.0,50,,,
2002-09-04,33.75,33.75,33.75,33.75,400,,,
2002-09-05,33.5,33.5,33.5,33.5,100,,,
2002-09-06,35.0,35.0,34.0,34.0,150,,,
2002-09-11,32.75,32.75,32.15,32.15,1164,,,
2002-09-12,32.25,32.75,31.5,31.6,1050,,,
2002-09-13,32.6,32.6,31.5,31.9,480,,,
2002-09-16,32.0,32.0,30.75,30.75,825,,,
2002-09-17,30.75,30.75,29.95,29.95,2350,,,
2002-09-18,30.75,30.75,29.3,30.25,1330,,,
2002-09-19,30.25,30.25,30.25,30.25,150,,,
2002-09-20,31.0,31.0,29.95,30.05,601,,,
2002-09-23,30.4,30.5,30.25,30.25,319,,,
2002-09-24,29.5,29.5,29.0,29.1,401,,,
2002-09-25,29.1,30.2,28.75,29.05,685,,,
2002-09-26,30.0,30.6,30.0,30.6,250,,,
2002-09-27,30.0,30.25,30.0,30.0,750,,,
2002-09-30,30.0,30.0,29.0,29.0,1220,,,
2002-10-03,30.0,30.5,28.5,29.0,800,,,
2002-10-04,28.35,29.5,28.35,29.4,22,,,
2002-10-07,29.5,30.0,29.4,30.0,650,,,
2002-10-08,30.1,30.1,30.0,30.0,3484,,,
2002-10-09,30.0,30.25,29.95,30.0,1150,,,
2002-10-10,29.0,30.0,29.0,30.0,200,,,
2002-10-11,30.4,30.4,30.4,30.4,100,,,
2002-10-14,31.0,31.1,29.9,30.0,478,,,
2002-10-16,29.75,29.75,29.75,29.75,150,,,
2002-10-17,29.5,29.5,29.5,29.5,50,,,
2002-10-18,30.2,30.25,30.2,30.25,2,,,
2002-10-21,30.4,30.4,29.5,30.3,251,,,
2002-10-23,30.15,30.25,30.15,30.25,325,,,
2002-10-24,29.35,29.35,29.35,29.35,500,,,
2002-10-25,30.25,30.25,29.2,29.25,340,,,
2002-10-28,30.0,30.0,30.0,30.0,420,,,
2002-10-29,29.6,30.4,29.5,30.4,1200,,,
2002-10-30,29.6,29.7,29.0,29.0,2800,,,
2002-11-01,29.0,29.0,29.0,29.0,1003,,,
2002-11-04,29.0,29.0,27.5,27.5,5110,,,
2002-11-05,27.45,27.45,26.25,26.45,450,,,
2002-11-07,25.0,26.7,25.0,26.5,437,,,
2002-11-08,25.5,25.5,25.0,25.05,1350,,,
2002-11-11,25.0,25.05,25.0,25.0,360,,,
2002-11-12,25.5,25.5,25.5,25.5,100,,,
2002-11-13,24.1,25.5,23.85,25.5,925,,,
2002-11-14,25.05,25.25,24.5,25.25,600,,,
2002-11-15,26.1,26.1,25.0,25.05,480,,,
2002-11-18,25.0,25.0,24.3,24.45,800,,,
2002-11-20,24.55,25.45,24.5,24.5,625,,,
2002-11-21,25.5,25.5,24.8,24.8,95,,,
2002-11-22,25.25,25.5,25.0,25.0,450,,,
2002-11-25,25.1,25.15,24.9,25.05,910,,,
2002-11-26,25.75,26.3,25.0,25.0,320,,,
2002-11-27,25.0,25.0,24.75,24.9,200,,,
2002-11-28,25.5,25.5,25.0,25.0,670,,,
2002-11-29,25.45,25.5,25.0,25.5,380,,,
2002-12-02,25.0,26.45,25.0,26.35,700,,,
2002-12-03,26.5,26.5,24.75,24.8,2195,,,
2002-12-04,25.0,25.25,24.7,25.0,851,,,
2002-12-05,25.05,25.25,25.0,25.0,400,,,
2002-12-06,25.95,25.95,24.75,24.75,650,,,
2002-12-09,26.45,26.45,24.85,25.05,1560,,,
2002-12-10,24.75,25.9,24.75,25.75,4500,,,
2002-12-11,25.25,25.95,25.25,25.95,300,,,
2002-12-12,26.45,26.45,24.9,25.1,2333,,,
2002-12-13,25.5,25.5,25.0,25.0,270,,,
2002-12-16,25.0,25.5,24.8,24.85,750,,,
2002-12-17,26.45,26.45,24.8,24.9,1060,,,
2002-12-18,25.8,25.8,25.0,25.05,760,,,
2002-12-19,25.2,25.25,25.0,25.0,400,,,
2002-12-20,25.0,25.0,24.85,24.85,60,,,
2002-12-23,24.5,25.0,24.5,24.8,1400,,,
2002-12-24,25.45,25.45,24.75,24.75,745,,,
2002-12-26,25.7,25.75,24.65,25.0,345,,,
2002-12-27,25.0,25.2,24.75,25.15,1065,,,
2002-12-30,25.1,25.45,24.8,24.8,500,,,
2002-12-31,25.0,25.1,25.0,25.05,525,,,
2003-01-01,25.25,25.25,25.25,25.25,100,,,
2003-01-02,25.95,26.75,25.9,26.6,750,,,
2003-01-03,26.6,26.7,26.5,26.7,600,,,
2003-01-06,26.75,27.35,26.5,26.8,1010,,,
2003-01-07,27.2,27.5,27.2,27.25,1005,,,
2003-01-08,26.55,27.1,26.55,27.05,600,,,
2003-01-09,27.25,27.4,27.25,27.4,115,,,
2003-01-10,27.25,27.25,26.7,27.1,450,,,
2003-01-13,26.0,26.0,26.0,26.0,100,,,
2003-01-14,27.5,27.5,26.15,26.75,500,,,
2003-01-15,26.5,27.1,26.25,26.75,190,,,
2003-01-16,27.0,27.0,26.5,26.5,130,,,
2003-01-17,27.0,27.0,26.5,26.5,335,,,
2003-01-20,27.4,27.4,26.5,26.5,125,,,
2003-01-21,26.95,27.25,26.95,27.25,350,,,
2003-01-22,25.75,27.25,25.75,27.0,270,,,
2003-01-23,26.95,27.0,26.6,27.0,300,,,
2003-01-24,27.25,27.25,26.1,26.1,206,,,
2003-01-27,25.3,25.3,25.3,25.3,90,,,
2003-01-28,25.0,26.0,25.0,25.0,640,,,
2003-01-29,27.25,27.5,27.25,27.5,870,,,
2003-01-30,29.85,30.25,27.5,28.6,3360,,,
2003-01-31,29.0,29.0,25.75,26.25,3203,,,
2003-02-03,26.25,27.0,26.25,26.6,501,,,
2003-02-04,26.4,26.9,26.1,26.5,420,,,
2003-02-05,26.0,26.9,26.0,26.9,300,,,
2003-02-06,26.5,26.5,26.5,26.5,230,,,
2003-02-07,26.5,26.75,26.5,26.6,700,,,
2003-02-10,26.0,26.0,25.9,25.9,400,,,
2003-02-11,26.25,26.25,25.0,25.45,1561,,,
2003-02-12,25.9,25.9,25.35,25.35,70,,,
2003-02-14,26.0,26.1,25.25,25.25,2201,,,
2003-02-17,26.0,26.5,26.0,26.1,656,,,
2003-02-18,26.0,26.0,25.55,25.7,500,,,
2003-02-19,26.25,26.25,25.1,25.5,400,,,
2003-02-20,25.25,25.5,25.0,25.0,630,,,
2003-02-21,25.5,25.5,25.0,25.05,950,,,
2003-02-24,25.7,26.0,25.2,25.2,220,,,
2003-02-25,26.0,26.0,25.25,25.25,235,,,
2003-02-26,25.9,25.95,25.05,25.05,600,,,
2003-02-27,23.1,25.95,23.1,25.95,260,,,
2003-02-28,27.2,27.2,26.0,26.25,115,,,
2003-03-03,26.4,26.4,26.25,26.4,150,,,
2003-03-04,25.3,25.3,25.3,25.3,50,,,
2003-03-05,25.5,26.2,25.0,26.0,400,,,
2003-03-06,28.45,28.45,27.0,27.7,4210,,,
2003-03-07,28.0,28.05,26.5,27.0,3862,,,
2003-03-10,27.5,27.5,27.35,27.4,90,,,
2003-03-11,27.3,27.5,26.25,27.2,1180,,,
2003-03-12,27.45,27.45,25.9,26.3,1000,,,
2003-03-13,26.4,26.6,26.4,26.6,200,,,
2003-03-17,25.6,26.5,25.25,25.25,2465,,,
2003-03-19,26.0,26.5,25.3,26.05,475,,,
2003-03-20,25.25,25.75,25.25,25.55,940,,,
2003-03-21,25.55,26.0,25.3,25.65,2800,,,
2003-03-22,25.8,26.4,25.8,26.4,200,,,
2003-03-24,28.45,28.45,25.8,25.95,500,,,
2003-03-25,26.7,26.7,26.0,26.6,310,,,
2003-03-26,26.0,26.5,25.3,26.05,7839,,,
2003-03-27,26.0,26.8,26.0,26.55,1050,,,
2003-03-28,26.25,26.75,26.25,26.5,95,,,
2003-03-31,25.2,25.75,24.05,25.75,1883,,,
2003-04-01,25.45,25.45,23.55,23.9,803,,,
2003-04-02,24.0,24.0,23.75,23.75,195,,,
2003-04-03,21.75,24.0,21.75,24.0,471,,,
2003-04-04,23.95,23.95,23.4,23.45,54,,,
2003-04-07,24.05,24.05,23.25,24.0,350,,,
2003-04-08,24.0,24.1,24.0,24.1,200,,,
2003-04-09,24.0,24.5,24.0,24.5,1315,,,
2003-04-10,24.5,25.2,23.5,23.5,300,,,
2003-04-11,24.5,24.5,24.5,24.5,100,,,
2003-04-15,24.5,25.0,24.0,24.0,200,,,
2003-04-16,23.75,24.95,23.75,23.75,5820,,,
2003-04-17,24.25,24.5,23.6,24.5,273,,,
2003-04-22,24.5,24.5,23.75,23.75,380,,,
2003-04-23,25.0,25.0,24.1,24.1,200,,,
2003-04-24,23.65,23.7,23.65,23.7,300,,,
2003-04-25,24.05,24.05,23.75,23.75,150,,,
2003-04-28,24.1,24.75,23.7,23.7,350,,,
2003-04-29,23.6,23.6,23.6,23.6,98,,,
2003-04-30,23.5,23.5,23.5,23.5,200,,,
2003-05-02,23.5,23.5,23.5,23.5,50,,,
2003-05-05,23.0,23.45,22.6,22.6,176,,,
2003-05-06,23.5,23.5,23.5,23.5,190,,,
2003-05-07,23.95,24.0,23.95,24.0,148,,,
2003-05-09,23.5,23.5,23.3,23.3,950,,,
2003-05-13,23.15,24.0,23.15,24.0,425,,,
2003-05-14,25.0,25.0,23.25,23.5,1275,,,
2003-05-15,24.7,25.0,24.7,25.0,250,,,
2003-05-16,25.55,25.55,24.05,24.05,290,,,
2003-05-19,24.1,24.1,23.55,24.1,411,,,
2003-05-21,24.0,24.0,24.0,24.0,50,,,
2003-05-22,24.5,25.75,24.5,24.95,399,,,
2003-05-23,25.75,27.45,25.55,26.1,791,,,
2003-05-26,25.6,25.6,25.6,25.6,50,,,
2003-05-27,25.5,26.5,25.5,25.6,658,,,
2003-05-28,26.0,26.5,25.6,25.65,870,,,
2003-05-29,24.05,25.0,24.05,25.0,135,,,
2003-05-30,25.75,25.75,25.5,25.6,150,,,
2003-06-02,24.55,26.4,24.5,26.0,2763,,,
2003-06-03,25.0,25.0,24.5,25.0,300,,,
2003-06-04,25.0,25.5,25.0,25.0,603,,,
2003-06-05,25.5,26.25,24.5,24.55,1016,,,
2003-06-06,24.5,26.0,24.5,25.8,700,,,
2003-06-09,25.75,25.75,25.75,25.75,50,,,
2003-06-10,26.5,26.7,25.25,25.25,500,,,
2003-06-11,25.0,26.0,25.0,26.0,200,,,
2003-06-12,26.75,26.75,26.25,26.25,400,,,
2003-06-13,26.0,26.0,26.0,26.0,550,,,
2003-06-16,26.5,26.5,25.75,25.75,150,,,
2003-06-17,26.1,27.05,26.0,26.9,1115,,,
2003-06-18,28.45,28.45,26.5,26.5,450,,,
2003-06-19,24.0,26.5,24.0,26.5,400,,,
2003-06-20,26.05,27.5,26.05,27.1,550,,,
2003-06-23,28.5,28.7,27.6,28.0,1891,,,
2003-06-24,28.2,28.2,27.6,28.1,612,,,
2003-06-25,28.0,29.5,27.8,27.85,1092,,,
2003-06-26,27.0,28.9,27.0,28.3,1950,,,
2003-06-27,28.0,28.5,27.5,27.55,1480,,,
2003-06-30,26.85,29.25,24.8,25.85,5013,,,
2003-07-01,25.25,25.5,24.55,24.8,2750,,,
2003-07-02,25.0,25.5,24.35,25.0,3390,,,
2003-07-03,24.3,26.0,24.3,25.25,1638,,,
2003-07-04,25.0,25.5,24.4,24.5,1305,,,
2003-07-07,25.7,25.7,24.25,25.2,650,,,
2003-07-08,24.5,27.1,24.5,26.95,4469,,,
2003-07-09,26.5,26.95,26.5,26.85,2049,,,
2003-07-10,26.75,26.75,26.0,26.0,400,,,
2003-07-11,26.1,27.0,25.25,26.7,1203,,,
2003-07-14,26.75,27.5,25.1,25.8,1326,,,
2003-07-15,25.75,25.9,25.5,25.6,851,,,
2003-07-16,24.2,26.0,23.75,25.0,491,,,
2003-07-17,25.05,26.5,24.55,25.0,574,,,
2003-07-18,26.0,26.0,24.75,25.0,856,,,
2003-07-21,25.05,25.05,24.3,24.5,465,,,
2003-07-22,25.0,25.0,23.4,24.05,970,,,
2003-07-23,24.05,24.8,23.75,23.8,725,,,
2003-07-24,24.15,25.2,24.05,24.05,600,,,
2003-07-25,25.0,25.0,23.0,24.0,2948,,,
2003-07-28,23.1,23.8,22.35,22.5,6188,,,
2003-07-29,24.5,24.5,22.25,22.5,3267,,,
2003-07-30,23.7,23.7,22.0,22.65,2330,,,
2003-07-31,23.5,23.5,21.05,22.1,1836,,,
2003-08-01,22.4,22.9,21.75,22.0,1933,,,
2003-08-04,21.0,21.0,19.8,20.25,3268,,,
2003-08-05,20.0,22.3,20.0,22.3,1190,,,
2003-08-06,22.75,24.0,22.5,22.95,4020,,,
2003-08-07,23.8,23.9,22.7,23.2,2102,,,
2003-08-08,23.0,23.0,21.05,22.45,2096,,,
2003-08-11,22.65,22.75,22.5,22.5,4571,,,
2003-08-12,22.7,24.0,22.55,23.55,2358,,,
2003-08-13,23.35,23.9,22.35,22.85,780,,,
2003-08-14,22.5,23.75,22.5,23.55,2935,,,
2003-08-18,22.8,24.0,22.75,23.15,1583,,,
2003-08-19,24.0,24.0,22.75,22.75,1000,,,
2003-08-20,22.5,24.2,22.5,23.25,1730,,,
2003-08-21,23.3,23.3,23.25,23.25,962,,,
2003-08-22,21.5,22.9,21.5,22.65,974,,,
2003-08-25,22.5,22.6,22.0,22.0,800,,,
2003-08-27,23.5,23.5,22.5,23.0,627,,,
2003-08-28,23.55,23.55,22.7,22.7,1400,,,
2003-08-29,22.5,22.5,22.0,22.0,950,,,
2003-09-01,21.55,22.4,21.5,22.05,1617,,,
2003-09-02,22.5,22.5,20.5,22.2,4360,,,
2003-09-03,22.5,22.75,22.4,22.75,450,,,
2003-09-04,22.9,23.0,22.1,22.25,815,,,
2003-09-05,22.1,22.75,22.05,22.1,1247,,,
2003-09-08,22.4,22.4,22.0,22.0,976,,,
2003-09-09,22.75,22.75,21.4,21.6,470,,,
2003-09-10,21.6,21.6,21.4,21.4,525,,,
2003-09-11,21.75,22.0,21.5,21.5,685,,,
2003-09-12,22.0,22.0,21.0,21.1,770,,,
2003-09-15,21.25,21.25,20.75,21.0,858,,,
2003-09-17,22.0,22.0,20.9,21.1,4448,,,
2003-09-18,20.5,21.0,20.5,20.5,993,,,
2003-09-19,21.4,21.4,20.5,20.5,771,,,
2003-09-22,20.2,20.25,20.2,20.2,265,,,
2003-09-23,20.5,20.5,20.25,20.4,100,,,
2003-09-25,20.5,20.9,20.5,20.5,865,,,
2003-09-26,20.7,20.75,20.5,20.75,282,,,
2003-09-29,20.55,20.6,20.5,20.6,380,,,
2003-09-30,20.4,20.4,20.25,20.25,825,,,
2003-10-01,18.5,20.4,18.5,19.9,956,,,
2003-10-03,20.0,20.0,19.55,19.9,1025,,,
2003-10-06,20.5,20.5,20.5,20.5,1000,,,
2003-10-07,19.95,20.5,19.95,20.5,1639,,,
2003-10-08,20.65,20.65,20.1,20.2,990,,,
2003-10-09,21.0,21.25,20.5,20.5,366,,,
2003-10-10,20.5,21.45,20.0,21.4,570,,,
2003-10-13,20.2,21.25,20.2,21.25,564,,,
2003-10-14,21.0,21.5,20.65,20.65,1043,,,
2003-10-15,21.6,21.9,20.75,21.55,1562,,,
2003-10-16,21.0,21.25,20.4,20.6,2224,,,
2003-10-20,20.65,21.7,20.65,21.25,603,,,
2003-10-21,21.1,22.8,21.1,22.3,649,,,
2003-10-22,21.25,21.75,21.25,21.4,308,,,
2003-10-23,21.15,21.15,21.15,21.15,500,,,
2003-10-24,20.9,20.9,20.9,20.9,50,,,
2003-10-25,21.95,21.95,21.75,21.75,130,,,
2003-10-27,22.75,23.25,21.15,21.15,450,,,
2003-10-28,21.0,21.5,21.0,21.45,250,,,
2003-10-29,21.5,21.5,20.65,21.5,750,,,
2003-10-30,22.5,22.5,21.0,21.1,1705,,,
2003-10-31,21.9,22.0,21.0,21.85,400,,,
2003-11-03,22.75,22.75,22.1,22.1,550,,,
2003-11-04,22.4,22.4,22.25,22.25,825,,,
2003-11-05,21.0,22.4,21.0,21.95,475,,,
2003-11-06,21.5,22.5,21.5,22.5,625,,,
2003-11-07,21.85,22.5,21.85,22.5,673,,,
2003-11-10,22.75,22.75,22.75,22.75,50,,,
2003-11-11,22.75,23.25,21.7,22.7,721,,,
2003-11-12,22.1,23.1,22.1,22.2,500,,,
2003-11-13,22.75,22.9,22.55,22.6,2100,,,
2003-11-14,23.0,23.0,22.6,22.95,1426,,,
2003-11-15,22.25,23.5,22.25,23.25,340,,,
2003-11-17,22.55,22.55,22.5,22.55,150,,,
2003-11-18,22.5,24.25,22.5,23.5,2724,,,
2003-11-19,22.25,23.0,22.25,22.8,950,,,
2003-11-20,23.0,23.05,22.75,23.0,640,,,
2003-11-21,22.75,22.75,21.95,21.95,1600,,,
2003-11-24,23.35,23.35,23.35,23.35,150,,,
2003-11-25,23.7,23.7,22.55,23.6,825,,,
2003-11-27,24.0,25.9,24.0,25.35,3848,,,
2003-11-28,26.5,26.6,25.5,26.1,5066,,,
2003-12-01,27.0,28.4,26.55,27.6,5596,,,
2003-12-02,27.5,27.5,26.85,27.0,2547,,,
2003-12-03,27.2,27.2,26.5,27.2,202,,,
2003-12-04,27.3,27.3,26.1,26.85,1597,,,
2003-12-05,26.0,27.1,26.0,26.5,2274,,,
2003-12-08,27.4,27.8,27.4,27.6,661,,,
2003-12-09,28.0,29.0,28.0,29.0,1579,,,
2003-12-10,30.0,31.9,30.0,31.9,5418,,,
2003-12-11,35.1,35.1,32.0,32.4,8426,,,
2003-12-12,33.5,34.0,32.0,33.05,7841,,,
2003-12-15,34.1,34.9,33.15,34.75,2988,,,
2003-12-16,37.5,37.5,34.0,34.25,3149,,,
2003-12-17,34.0,34.5,33.5,34.1,1212,,,
2003-12-18,33.0,34.55,32.5,33.6,6620,,,
2003-12-19,33.95,36.0,33.0,33.5,6124,,,
2003-12-22,34.0,34.4,33.75,33.9,1671,,,
2003-12-23,34.0,34.0,32.55,32.6,5820,,,
2003-12-24,32.5,33.7,32.5,32.6,1074,,,
2003-12-26,31.5,34.0,31.5,32.75,3274,,,
2003-12-29,31.75,33.0,30.5,32.35,2033,,,
2003-12-30,32.5,32.5,31.0,31.0,3700,,,
2003-12-31,30.0,31.9,29.55,29.75,4385,,,
2004-01-01,30.3,30.3,28.75,29.2,1092,,,
2004-01-02,30.4,30.9,29.5,29.85,8552,,,
2004-01-05,30.0,30.0,28.55,28.9,3540,,,
2004-01-06,29.7,29.7,27.75,27.75,575,,,
2004-01-07,28.0,29.5,27.7,29.0,2270,,,
2004-01-08,30.0,30.5,29.5,29.5,4560,,,
2004-01-09,29.9,29.9,29.0,29.0,2090,,,
2004-01-12,27.8,28.9,27.5,28.4,2600,,,
2004-01-13,29.95,29.95,28.2,28.75,800,,,
2004-01-14,28.5,29.4,28.5,29.4,440,,,
2004-01-15,28.0,28.1,28.0,28.1,250,,,
2004-01-16,27.95,28.0,25.75,26.4,1999,,,
2004-01-19,26.0,28.0,26.0,27.05,760,,,
2004-01-20,27.95,29.4,27.5,28.0,1513,,,
2004-01-21,28.55,29.5,28.3,28.5,11201,,,
2004-01-22,28.95,29.95,26.05,27.4,4050,,,
2004-01-23,27.95,28.5,27.95,28.25,1625,,,
2004-01-27,30.9,31.1,30.25,31.1,2410,,,
2004-01-28,34.0,34.0,29.75,31.1,6102,,,
2004-01-29,31.1,31.1,30.75,30.75,1295,,,
2004-01-30,31.4,31.4,29.05,29.4,1151,,,
2004-02-03,31.2,31.2,28.1,28.1,441,,,
2004-02-04,28.1,28.1,27.2,27.6,1329,,,
2004-02-05,29.0,30.0,28.05,28.5,1071,,,
2004-02-06,29.85,29.85,27.75,28.1,377,,,
2004-02-09,29.0,29.5,28.5,29.4,595,,,
2004-02-10,29.0,29.0,29.0,29.0,100,,,
2004-02-11,29.0,29.0,28.2,28.2,290,,,
2004-02-12,27.75,29.3,27.75,29.3,270,,,
2004-02-13,29.2,29.3,29.2,29.3,200,,,
2004-02-16,29.25,30.5,28.95,29.75,1389,,,
2004-02-17,30.35,30.5,29.8,30.2,1100,,,
2004-02-18,29.5,29.6,29.5,29.5,750,,,
2004-02-19,30.2,30.2,30.2,30.2,50,,,
2004-02-20,27.55,29.75,27.2,28.95,320,,,
2004-02-23,29.25,29.5,28.0,28.25,1000,,,
2004-02-24,31.2,31.2,27.5,28.9,1003,,,
2004-02-25,29.05,29.55,28.5,28.85,480,,,
2004-02-26,28.5,30.95,28.5,29.5,977,,,
2004-02-27,29.25,30.5,29.25,29.3,250,,,
2004-03-01,30.0,30.0,28.7,28.75,775,,,
2004-03-03,29.5,30.0,28.9,29.6,892,,,
2004-03-04,28.5,28.5,27.75,27.75,125,,,
2004-03-05,28.05,28.05,27.75,27.75,250,,,
2004-03-08,28.05,28.4,27.0,27.75,653,,,
2004-03-09,26.8,29.75,26.8,29.75,425,,,
2004-03-10,28.5,28.5,28.5,28.5,10,,,
2004-03-11,27.55,29.1,27.55,29.0,400,,,
2004-03-12,26.5,27.35,26.5,27.35,1000,,,
2004-03-15,27.35,27.35,27.1,27.1,300,,,
2004-03-16,27.5,27.5,27.35,27.35,325,,,
2004-03-17,26.5,26.65,26.5,26.6,110,,,
2004-03-19,26.05,26.05,25.75,25.8,427,,,
2004-03-22,25.75,25.75,25.3,25.3,508,,,
2004-03-23,25.25,25.95,25.25,25.3,825,,,
2004-03-25,26.0,26.0,26.0,26.0,150,,,
2004-03-26,26.5,26.5,26.5,26.5,350,,,
2004-04-01,27.45,27.5,27.45,27.45,350,,,
2004-04-02,27.0,27.5,27.0,27.5,550,,,
2004-04-05,26.2,27.5,26.2,27.5,100,,,
2004-04-06,27.1,27.15,27.1,27.15,225,,,
2004-04-07,26.75,27.1,26.75,27.1,350,,,
2004-04-08,27.5,27.5,26.5,26.5,350,,,
2004-04-12,26.1,26.1,26.1,26.1,100,,,
2004-04-13,27.0,27.0,26.75,26.75,400,,,
2004-04-15,27.0,27.0,27.0,27.0,100,,,
2004-04-16,26.0,27.5,26.0,27.45,1370,,,
2004-04-19,26.1,26.95,26.1,26.95,300,,,
2004-04-21,25.7,26.8,25.55,26.0,540,,,
2004-04-22,26.4,26.5,25.25,26.5,621,,,
2004-04-23,26.5,26.5,25.8,25.8,925,,,
2004-04-27,25.5,26.5,25.5,25.55,1156,,,
2004-04-28,25.5,25.5,25.5,25.5,95,,,
2004-04-29,25.55,25.55,25.5,25.5,200,,,
2004-05-03,26.0,26.0,25.25,25.25,625,,,
2004-05-04,25.0,25.0,24.6,24.6,500,,,
2004-05-05,25.5,25.5,25.25,25.25,565,,,
2004-05-06,24.75,26.0,24.25,24.25,707,,,
2004-05-07,24.5,25.2,24.0,24.3,480,,,
2004-05-10,23.6,23.6,23.05,23.1,402,,,
2004-05-11,22.1,22.1,21.0,22.0,652,,,
2004-05-12,22.5,22.5,22.5,22.5,145,,,
2004-05-14,21.2,23.0,21.2,21.65,300,,,
2004-05-17,20.25,20.25,20.0,20.0,1000,,,
2004-05-18,21.9,21.9,21.9,21.9,300,,,
2004-05-19,21.9,21.9,20.75,20.75,651,,,
2004-05-21,20.5,20.75,20.5,20.75,225,,,
2004-05-24,21.6,21.6,19.8,20.9,402,,,
2004-05-25,20.5,20.5,19.05,19.2,3650,,,
2004-05-26,20.9,20.9,20.0,20.0,1050,,,
2004-05-27,20.9,20.9,20.0,20.0,785,,,
2004-05-28,21.35,21.35,20.0,20.0,952,,,
2004-05-31,20.45,20.5,20.25,20.25,820,,,
2004-06-01,21.35,21.35,21.0,21.15,300,,,
2004-06-02,20.4,20.4,20.3,20.3,640,,,
2004-06-03,20.0,21.0,20.0,20.5,780,,,
2004-06-07,20.5,21.3,20.5,21.3,250,,,
2004-06-10,19.6,19.65,19.6,19.65,75,,,
2004-06-11,19.75,19.75,19.75,19.75,50,,,
2004-06-16,19.5,19.5,18.3,18.35,1042,,,
2004-06-17,19.0,19.4,17.5,17.5,1232,,,
2004-06-18,18.5,18.85,18.0,18.8,1720,,,
2004-06-21,20.0,20.0,19.45,19.45,200,,,
2004-06-22,18.4,19.9,18.4,19.5,330,,,
2004-06-23,19.7,19.7,19.0,19.0,400,,,
2004-06-24,18.55,18.55,18.55,18.55,1030,,,
2004-06-25,18.5,19.0,18.5,19.0,300,,,
2004-06-28,17.1,20.5,17.1,19.2,423,,,
2004-06-29,20.4,20.4,18.75,20.3,716,,,
2004-06-30,18.65,19.5,18.65,19.5,51,,,
2004-07-01,19.5,19.9,19.5,19.7,650,,,
2004-07-02,18.05,20.9,18.05,19.5,597,,,
2004-07-05,19.0,20.0,19.0,19.95,277,,,
2004-07-06,19.5,20.4,19.5,20.35,450,,,
2004-07-07,19.6,20.5,19.5,19.5,951,,,
2004-07-08,20.25,20.75,19.8,19.8,875,,,
2004-07-09,20.0,20.5,20.0,20.5,300,,,
2004-07-12,20.0,20.0,20.0,20.0,100,,,
2004-07-13,20.0,20.0,20.0,20.0,65,,,
2004-07-19,20.75,21.0,20.75,21.0,150,,,
2004-07-21,19.75,19.75,19.65,19.65,200,,,
2004-07-22,18.9,20.1,18.9,19.55,200,,,
2004-07-23,20.0,20.4,19.6,20.2,850,,,
2004-07-26,18.3,20.4,18.3,19.5,1662,,,
2004-07-30,21.0,21.45,21.0,21.45,1420,,,
2004-08-02,23.4,23.6,22.5,23.6,3204,,,
2004-08-03,25.5,25.5,23.5,23.7,5107,,,
2004-08-04,23.3,23.6,23.3,23.3,800,,,
2004-08-05,25.5,25.65,24.0,25.55,5953,,,
2004-08-06,25.0,26.25,24.45,25.6,6411,,,
2004-08-09,26.6,26.9,25.5,26.9,7701,,,
2004-08-10,27.9,29.6,27.9,29.4,5739,,,
2004-08-11,29.5,32.4,29.0,30.6,24419,,,
2004-08-12,30.5,31.35,30.0,30.2,21417,,,
2004-08-13,30.8,30.85,28.75,29.1,2295,,,
2004-08-16,27.6,28.9,27.5,28.0,802,,,
2004-08-17,27.5,29.0,27.5,28.1,1545,,,
2004-08-18,27.9,28.5,27.9,28.0,865,,,
2004-08-19,28.1,29.95,28.0,28.5,1903,,,
2004-08-20,29.35,29.45,27.65,28.25,2488,,,
2004-08-23,28.95,30.7,28.95,30.0,4991,,,
2004-08-24,30.9,31.25,29.5,29.7,2490,,,
2004-08-25,29.75,30.0,28.3,28.5,1662,,,
2004-08-26,28.0,29.6,27.05,28.25,1063,,,
2004-08-27,28.95,29.0,28.0,28.15,1566,,,
2004-08-30,28.55,28.7,28.2,28.4,2310,,,
2004-08-31,27.5,29.0,27.5,28.4,1126,,,
2004-09-01,29.2,29.5,28.3,28.55,2500,,,
2004-09-02,30.0,30.9,27.4,27.7,2530,,,
2004-09-03,29.5,29.5,27.75,28.65,1351,,,
2004-09-06,28.5,29.1,28.25,28.25,1267,,,
2004-09-07,29.4,29.45,28.0,29.0,677,,,
2004-09-08,28.3,29.1,28.3,28.7,300,,,
2004-09-09,29.0,29.75,28.5,29.0,3480,,,
2004-09-10,28.5,28.5,28.25,28.5,480,,,
2004-09-13,28.25,28.45,28.25,28.3,637,,,
2004-09-14,28.0,28.9,28.0,28.6,1000,,,
2004-09-15,27.15,28.95,27.0,28.5,2545,,,
2004-09-16,27.1,29.0,27.1,28.4,776,,,
2004-09-17,29.7,29.7,28.3,28.45,2530,,,
2004-09-20,28.85,29.0,28.25,28.25,1255,,,
2004-09-21,29.0,29.1,27.6,28.7,755,,,
2004-09-22,29.25,29.7,29.0,29.2,1850,,,
2004-09-23,29.0,29.1,29.0,29.1,300,,,
2004-09-24,28.5,28.9,28.5,28.9,100,,,
2004-09-27,30.7,30.7,28.6,28.6,650,,,
2004-09-28,28.0,28.0,28.0,28.0,100,,,
2004-09-29,28.5,28.5,28.0,28.25,2551,,,
2004-09-30,28.5,29.0,28.05,28.2,1250,,,
2004-10-01,28.5,28.65,28.5,28.65,150,,,
2004-10-04,28.5,28.9,28.1,28.9,550,,,
2004-10-05,28.45,28.5,27.5,27.5,903,,,
2004-10-06,27.8,28.5,27.8,28.2,400,,,
2004-10-07,28.5,29.0,28.25,28.95,690,,,
2004-10-08,29.5,29.8,28.9,29.3,1745,,,
2004-10-09,30.25,32.25,29.4,32.15,3830,,,
2004-10-11,33.5,35.4,29.55,31.6,10132,,,
2004-10-12,34.7,34.7,29.0,29.55,3472,,,
2004-10-14,29.5,32.5,29.0,31.95,3894,,,
2004-10-15,32.0,33.45,30.1,32.4,17921,,,
2004-10-18,32.75,33.75,32.0,32.3,6895,,,
2004-10-19,32.75,33.0,31.5,31.65,2814,,,
2004-10-20,32.35,32.35,29.75,30.0,2853,,,
2004-10-21,31.0,31.5,30.5,30.5,1314,,,
2004-10-25,30.05,30.15,30.0,30.0,682,,,
2004-10-26,30.25,30.25,30.1,30.25,494,,,
2004-10-27,30.5,31.6,29.5,31.4,2423,,,
2004-10-28,31.95,32.75,31.05,32.1,4658,,,
2004-10-29,31.5,31.5,28.9,29.0,5195,,,
2004-11-01,29.5,30.75,29.25,29.7,3177,,,
2004-11-02,30.7,30.7,29.45,30.0,1957,,,
2004-11-03,29.25,30.5,28.65,29.2,2687,,,
2004-11-04,28.6,30.75,28.6,29.15,4621,,,
2004-11-05,28.75,29.0,28.5,29.0,685,,,
2004-11-08,29.5,29.8,27.75,28.6,1820,,,
2004-11-09,29.0,29.1,28.0,28.25,2727,,,
2004-11-10,28.25,30.5,28.25,29.4,3061,,,
2004-11-11,30.7,30.7,28.6,29.75,820,,,
2004-11-16,30.1,35.0,30.1,34.1,15538,,,
2004-11-17,36.0,40.95,35.55,40.95,36087,,,
2004-11-18,44.5,49.15,42.3,49.15,132622,,,
2004-11-19,53.0,54.1,49.25,49.9,219576,,,
2004-11-22,50.35,54.9,46.15,54.15,88260,,,
2004-11-23,56.0,59.0,55.05,57.1,118837,,,
2004-11-24,62.5,62.5,53.0,53.7,60807,,,
2004-11-25,54.2,56.75,51.6,52.65,42284,,,
2004-11-29,53.3,54.2,50.1,51.45,26076,,,
2004-11-30,53.0,54.2,49.0,49.5,24912,,,
2004-12-01,51.5,51.5,46.0,48.45,24635,,,
2004-12-02,50.0,50.0,47.6,48.0,16533,,,
2004-12-03,46.0,48.5,45.0,45.2,12387,,,
2004-12-06,45.0,49.25,45.0,46.9,22956,,,
2004-12-07,47.9,49.0,47.0,47.75,17507,,,
2004-12-08,49.4,49.5,46.0,46.7,12617,,,
2004-12-09,46.5,47.75,46.5,47.4,10863,,,
2004-12-10,47.6,47.6,46.0,46.3,12554,,,
2004-12-13,46.05,49.7,45.75,47.65,28294,,,
2004-12-14,47.5,48.0,46.6,46.9,15693,,,
2004-12-15,47.15,48.5,46.55,47.15,15899,,,
2004-12-16,48.95,48.95,47.0,47.75,14870,,,
2004-12-17,47.0,47.15,45.0,45.8,18778,,,
2004-12-20,45.85,46.75,45.65,45.65,3803,,,
2004-12-21,47.2,48.45,46.0,46.25,7010,,,
2004-12-22,46.1,47.5,46.05,46.85,4053,,,
2004-12-23,46.95,47.0,46.1,46.25,2577,,,
2004-12-24,46.3,47.0,45.55,46.5,1816,,,
2004-12-27,48.45,48.45,44.6,45.35,1308,,,
2004-12-28,45.05,46.0,45.05,45.6,1830,,,
2004-12-29,46.25,46.25,44.0,44.0,1915,,,
2004-12-30,44.0,45.5,44.0,45.2,2415,,,
2004-12-31,45.0,45.0,43.55,44.4,1178,,,
2005-01-03,45.45,45.5,43.0,44.25,793,,,
2005-01-04,44.5,45.3,42.6,43.15,4382,,,
2005-01-05,44.95,46.95,43.5,44.25,7888,,,
2005-01-06,42.75,44.75,42.75,43.65,3450,,,
2005-01-07,44.55,44.55,43.0,43.4,1550,,,
2005-01-10,43.5,45.55,43.0,43.7,4652,,,
2005-01-11,44.3,44.3,42.5,43.0,4230,,,
2005-01-12,42.5,44.5,42.5,42.65,2889,,,
2005-01-13,42.5,42.75,42.4,42.75,400,,,
2005-01-14,43.5,43.5,41.75,42.9,625,,,
2005-01-17,42.75,43.5,42.55,43.15,2074,,,
2005-01-18,42.75,43.5,42.75,43.4,1354,,,
2005-01-19,43.9,43.9,43.2,43.2,1082,,,
2005-01-20,42.5,42.8,42.5,42.5,1200,,,
2005-01-24,41.5,42.6,41.5,42.2,2075,,,
2005-01-25,42.5,42.5,42.0,42.0,1350,,,
2005-01-27,43.75,49.5,42.55,47.55,7504,,,
2005-01-28,48.25,56.0,48.25,54.7,56917,,,
2005-01-31,57.1,58.8,55.7,56.3,44682,,,
2005-02-01,55.1,57.2,54.25,55.15,14324,,,
2005-02-02,56.4,56.4,52.05,54.0,4407,,,
2005-02-03,53.65,56.0,53.65,54.3,7335,,,
2005-02-04,55.4,55.5,54.0,54.5,5894,,,
2005-02-07,57.0,64.65,57.0,63.3,71469,,,
2005-02-08,65.0,73.7,65.0,72.5,177773,,,
2005-02-09,73.5,80.0,71.55,77.15,131916,,,
2005-02-10,78.3,78.35,73.3,75.6,43905,,,
2005-02-11,74.75,76.95,71.0,71.4,24740,,,
2005-02-14,72.45,72.45,70.0,70.65,9638,,,
2005-02-15,70.75,70.8,67.6,68.05,6576,,,
2005-02-16,69.5,71.0,68.8,70.2,8450,,,
2005-02-17,69.5,71.4,68.5,69.7,7748,,,
2005-02-18,70.7,71.95,69.0,69.4,6792,,,
2005-02-21,71.95,72.0,65.0,67.1,4556,,,
2005-02-22,67.5,69.5,67.5,68.1,4711,,,
2005-02-23,68.5,69.0,67.5,67.6,2057,,,
2005-02-24,67.65,69.1,67.65,69.0,1883,,,
2005-02-25,70.0,71.45,69.6,70.1,5302,,,
2005-02-28,72.1,74.0,70.1,70.5,3724,,,
2005-03-01,69.25,70.0,66.5,67.55,3842,,,
2005-03-02,69.0,70.0,68.75,68.95,2161,,,
2005-03-03,69.95,72.45,69.0,69.8,5165,,,
2005-03-04,70.85,71.0,68.05,68.4,3580,,,
2005-03-07,70.65,70.65,68.55,69.95,4608,,,
2005-03-08,69.0,69.5,68.5,68.8,2109,,,
2005-03-09,69.0,69.3,66.4,67.15,14011,,,
2005-03-10,66.1,67.5,65.8,66.1,12220,,,
2005-03-11,68.0,72.75,68.0,72.75,22814,,,
2005-03-14,77.35,80.0,75.0,76.1,69156,,,
2005-03-15,78.0,78.5,70.0,71.95,40941,,,
2005-03-16,72.4,74.0,66.25,69.8,26537,,,
2005-03-17,68.75,76.8,68.5,75.15,48490,,,
2005-03-18,75.5,78.45,70.25,72.3,30676,,,
2005-03-21,70.0,73.45,69.0,71.4,12240,,,
2005-03-22,70.0,71.5,68.0,68.65,16258,,,
2005-03-23,69.0,70.75,66.5,67.65,16124,,,
2005-03-24,69.0,69.0,62.6,63.6,17115,,,
2005-03-28,65.5,66.5,64.75,65.2,13005,,,
2005-03-29,66.4,66.4,61.5,62.7,13160,,,
2005-03-30,65.0,66.8,62.0,63.25,15974,,,
2005-03-31,66.15,66.3,63.8,64.25,14461,,,
2005-04-01,66.0,69.75,64.95,67.35,18507,,,
2005-04-04,68.45,69.0,65.25,66.5,13695,,,
2005-04-05,65.8,67.7,65.8,66.1,11848,,,
2005-04-06,67.4,67.5,63.5,67.0,13252,,,
2005-04-07,68.5,68.5,66.0,66.8,12115,,,
2005-04-08,67.0,68.5,66.0,66.6,22640,,,
2005-04-11,67.0,67.0,64.9,65.7,10107,,,
2005-04-12,66.4,66.75,65.0,65.3,18897,,,
2005-04-13,68.0,68.0,65.3,65.4,12469,,,
2005-04-15,64.8,65.0,63.5,64.0,12738,,,
2005-04-18,62.5,64.0,61.5,63.85,9487,,,
2005-04-19,64.5,65.95,62.5,63.5,11494,,,
2005-04-20,63.5,64.0,61.5,61.5,15378,,,
2005-04-21,63.5,64.7,61.0,63.5,11300,,,
2005-04-22,64.5,66.95,62.55,63.55,15477,,,
2005-04-25,63.45,65.0,61.1,61.6,17608,,,
2005-04-26,61.5,63.0,61.5,61.75,11494,,,
2005-04-27,62.5,74.0,62.5,72.25,59768,,,
2005-04-28,72.75,77.0,70.0,72.9,55006,,,
2005-04-29,72.0,72.0,68.0,68.95,18723,,,
2005-05-02,69.0,70.0,68.0,69.45,11516,,,
2005-05-03,67.5,69.0,66.0,66.7,11592,,,
2005-05-04,70.0,70.0,67.05,67.3,11757,,,
2005-05-05,69.0,69.95,68.5,69.5,13112,,,
2005-05-06,71.0,71.0,67.3,68.25,10991,,,
2005-05-09,67.55,70.2,67.55,69.25,13941,,,
2005-05-10,70.95,71.0,69.6,69.9,11084,,,
2005-05-11,70.0,71.95,69.5,69.8,13609,,,
2005-05-12,65.0,69.95,60.0,68.75,10221,,,
2005-05-13,70.5,78.65,70.45,72.25,35961,,,
2005-05-16,76.0,76.0,72.5,72.9,14350,,,
2005-05-17,74.5,74.5,70.2,70.45,12879,,,
2005-05-18,69.3,73.4,68.5,68.95,14414,,,
2005-05-19,70.0,71.0,69.0,70.1,13633,,,
2005-05-20,71.0,84.1,71.0,83.75,138941,,,
2005-05-23,87.5,100.5,87.5,100.5,287184,,,
2005-05-24,109.5,109.5,97.05,101.0,1094492,,,
2005-05-25,102.5,111.1,101.5,109.6,775575,,,
2005-05-26,108.35,109.4,104.1,105.7,322119,,,
2005-05-27,106.5,113.45,105.3,108.6,830594,,,
2005-05-30,109.5,109.5,100.5,101.7,315339,,,
2005-05-31,102.5,106.4,101.1,101.65,260526,,,
2005-06-01,102.0,105.7,101.5,102.55,183956,,,
2005-06-02,103.0,104.2,99.5,100.15,90889,,,
2005-06-03,100.65,105.6,100.65,103.4,157956,,,
2005-06-04,103.5,104.2,101.75,102.9,43268,,,
2005-06-06,103.4,105.7,101.5,102.65,83556,,,
2005-06-07,102.55,103.5,100.65,101.4,38402,,,
2005-06-08,102.35,103.4,98.5,100.65,42467,,,
2005-06-09,101.5,103.5,99.3,102.1,42556,,,
2005-06-10,102.5,103.25,99.05,99.9,32402,,,
2005-06-13,100.0,103.0,99.55,101.6,44966,,,
2005-06-14,102.0,102.0,100.15,101.0,23437,,,
2005-06-15,102.0,102.0,100.0,100.6,18044,,,
2005-06-16,100.6,101.5,98.75,99.3,22749,,,
2005-06-17,100.15,100.15,92.0,95.9,25768,,,
2005-06-20,96.7,100.0,94.5,97.25,28879,,,
2005-06-21,97.7,98.9,96.5,98.35,10677,,,
2005-06-22,99.0,106.8,99.0,103.0,67479,,,
2005-06-23,103.45,106.0,99.5,104.4,63739,,,
2005-06-24,104.5,114.85,103.5,114.4,350169,,,
2005-06-27,115.0,122.45,111.75,112.95,337109,,,
2005-06-28,113.5,115.2,107.5,108.15,90560,,,
2005-06-29,109.95,117.0,107.5,115.2,223095,,,
2005-06-30,116.25,126.5,116.0,117.6,744896,,,
2005-07-01,118.0,123.25,116.6,121.1,271405,,,
2005-07-04,122.55,125.0,120.4,121.9,282414,,,
2005-07-05,122.55,123.1,116.55,117.5,98385,,,
2005-07-06,119.0,120.9,114.5,115.2,94456,,,
2005-07-07,115.7,121.25,106.5,108.8,206009,,,
2005-07-08,110.95,113.9,109.25,112.6,77225,,,
2005-07-11,113.5,114.45,111.75,112.8,44009,,,
2005-07-12,112.8,113.7,108.0,109.9,27578,,,
2005-07-13,111.0,111.5,109.0,110.0,21487,,,
2005-07-14,110.1,114.4,103.1,112.65,32817,,,
2005-07-15,113.0,116.9,113.0,115.1,24370,,,
2005-07-18,117.2,123.25,117.1,121.95,72360,,,
2005-07-19,123.9,125.5,121.5,122.05,66598,,,
2005-07-20,123.95,123.95,120.1,121.8,19682,,,
2005-07-21,122.85,128.25,122.1,124.1,56448,,,
2005-07-22,125.0,127.4,123.5,126.1,40241,,,
2005-07-25,127.0,128.5,121.5,122.0,29999,,,
2005-07-26,122.5,122.5,111.5,114.25,74801,,,
2005-07-27,115.0,115.0,112.5,114.4,11744,,,
2005-07-29,117.5,118.5,114.5,116.6,16603,,,
2005-08-01,117.5,117.7,114.0,114.7,6451,,,
2005-08-02,115.0,117.5,112.5,113.55,13854,,,
2005-08-03,113.5,114.5,111.0,111.6,7486,,,
2005-08-04,108.0,113.5,108.0,109.8,5494,,,
2005-08-05,110.0,114.5,110.0,113.65,10391,,,
2005-08-08,118.1,118.1,112.3,112.9,10403,,,
2005-08-09,111.0,113.0,110.0,110.2,4045,,,
2005-08-10,114.5,116.0,110.75,112.9,24640,,,
2005-08-11,116.25,116.75,113.2,114.6,7215,,,
2005-08-12,108.0,115.5,108.0,110.95,8365,,,
2005-08-16,112.0,112.0,109.0,109.55,4682,,,
2005-08-17,110.5,111.5,108.5,109.3,5676,,,
2005-08-18,101.2,112.45,101.2,106.9,27531,,,
2005-08-19,108.4,108.4,106.0,106.55,2996,,,
2005-08-22,107.0,108.0,103.5,103.8,7745,,,
2005-08-23,105.5,106.0,100.0,101.05,6787,,,
2005-08-24,100.0,101.0,98.3,98.45,7321,,,
2005-08-25,100.75,100.9,97.5,98.8,6552,,,
2005-08-26,100.5,108.4,100.5,108.0,24755,,,
2005-08-29,111.6,111.6,106.5,108.1,11489,,,
2005-08-30,108.2,111.9,108.15,108.65,9073,,,
2005-08-31,108.6,108.6,106.5,107.8,13278,,,
2005-09-01,108.5,109.3,105.0,106.0,14377,,,
2005-09-02,107.5,109.0,104.0,106.5,19468,,,
2005-09-05,107.75,111.35,107.5,108.25,21866,,,
2005-09-06,110.0,112.25,106.0,107.0,13893,,,
2005-09-08,98.0,109.9,98.0,106.8,14752,,,
2005-09-09,107.0,107.5,101.75,102.0,15499,,,
2005-09-12,104.0,107.2,104.0,104.9,19727,,,
2005-09-13,106.5,107.0,105.5,105.8,13573,,,
2005-09-14,106.0,107.5,104.0,104.8,15957,,,
2005-09-15,106.0,106.0,102.0,104.15,20845,,,
2005-09-16,104.0,105.45,102.5,102.9,17737,,,
2005-09-19,100.3,111.5,100.3,106.8,37711,,,
2005-09-20,102.5,109.45,102.5,104.7,29908,,,
2005-09-21,104.45,104.45,98.0,101.0,8534,,,
2005-09-22,97.5,101.45,93.0,94.15,9920,,,
2005-09-23,88.25,97.5,88.25,93.9,3546,,,
2005-09-26,99.0,103.3,97.8,101.45,10067,,,
2005-09-27,102.5,106.25,102.0,104.7,21751,,,
2005-09-28,104.5,106.7,101.0,102.3,5956,,,
2005-09-29,108.25,112.55,102.5,111.95,80213,,,
2005-09-30,112.5,112.5,104.1,106.2,34268,,,
2005-10-03,103.65,107.4,103.5,104.8,11023,,,
2005-10-04,106.25,107.0,104.0,104.5,10836,,,
2005-10-05,104.0,105.95,103.0,104.0,9143,,,
2005-10-06,100.0,105.0,100.0,101.2,13361,,,
2005-10-07,102.0,102.75,98.5,99.6,5447,,,
2005-10-10,100.3,100.5,97.55,98.1,9968,,,
2005-10-11,97.8,98.95,97.5,98.3,12317,,,
2005-10-13,97.5,100.0,97.5,98.6,1741,,,
2005-10-14,98.0,99.0,94.0,94.3,2046,,,
2005-10-17,94.0,94.5,90.75,92.9,2575,,,
2005-10-18,100.0,100.0,85.1,93.05,1395,,,
2005-10-19,88.5,88.5,83.75,84.55,13000,,,
2005-10-20,87.5,90.0,79.3,80.2,11132,,,
2005-10-21,81.0,83.25,78.0,82.2,2937,,,
2005-10-24,82.5,82.5,79.0,79.9,1390,,,
2005-10-25,79.5,82.1,79.5,81.5,3478,,,
2005-10-26,81.5,82.5,79.5,80.2,2238,,,
2005-10-27,82.0,82.0,77.0,77.5,2057,,,
2005-10-28,77.5,81.0,74.5,77.95,3936,,,
2005-10-31,78.9,80.5,77.6,79.6,1795,,,
2005-11-01,81.0,82.0,80.0,80.3,1150,,,
2005-11-02,80.6,80.6,80.6,80.6,10,,,
2005-11-07,83.0,84.5,82.5,84.0,1053,,,
2005-11-08,84.0,85.65,82.5,83.0,730,,,
2005-11-09,84.75,85.5,82.5,82.75,1851,,,
2005-11-10,85.95,85.95,81.2,83.8,861,,,
2005-11-11,85.25,85.9,83.05,83.8,2431,,,
2005-11-14,85.0,87.0,83.5,86.15,1345,,,
2005-11-16,87.5,87.5,86.0,87.05,2966,,,
2005-11-17,88.5,88.5,85.0,86.0,1242,,,
2005-11-18,84.5,86.75,84.5,85.95,1763,,,
2005-11-21,87.0,87.0,84.5,84.5,750,,,
2005-11-22,89.7,89.7,79.3,84.2,1982,,,
2005-11-23,82.75,83.5,82.5,82.5,340,,,
2005-11-24,82.5,83.5,81.5,82.4,281,,,
2005-11-25,82.7,82.8,80.0,81.9,382,,,
2005-11-26,84.9,84.9,80.1,82.4,438,,,
2005-11-28,83.5,85.0,81.0,82.0,1206,,,
2005-11-29,83.0,83.0,80.5,81.55,558,,,
2005-11-30,82.0,83.0,80.3,81.1,909,,,
2005-12-01,80.05,82.25,80.05,81.5,636,,,
2005-12-02,81.0,82.5,80.5,81.0,825,,,
2005-12-05,82.4,83.0,79.2,79.5,889,,,
2005-12-06,81.0,81.5,79.2,79.7,1459,,,
2005-12-07,81.0,81.0,79.2,79.4,1110,,,
2005-12-08,80.95,81.3,80.0,80.2,1118,,,
2005-12-09,80.5,82.0,79.0,79.35,3366,,,
2005-12-12,81.95,87.3,79.5,87.3,4050,,,
2005-12-13,91.0,96.05,91.0,94.05,126865,,,
2005-12-14,94.5,95.3,85.7,86.4,22834,,,
2005-12-15,88.5,88.5,82.45,83.2,22574,,,
2005-12-16,84.5,86.5,83.6,84.2,10038,,,
2005-12-19,84.25,86.75,83.75,86.2,5442,,,
2005-12-20,86.5,86.9,84.0,84.25,3641,,,
2005-12-21,84.5,84.9,82.75,83.5,3077,,,
2005-12-22,82.5,85.5,81.5,82.2,3514,,,
2005-12-23,83.4,83.75,80.05,80.15,3845,,,
2005-12-26,81.35,81.45,78.15,78.5,1713,,,
2005-12-27,77.55,81.2,76.3,80.05,4033,,,
2005-12-28,81.8,86.7,81.0,83.15,13073,,,
2005-12-29,83.2,85.5,82.5,82.95,2694,,,
2005-12-30,83.0,84.45,82.5,82.95,1026,,,
2006-01-02,83.0,86.75,83.0,85.95,18355,,,
2006-01-03,87.5,94.55,84.1,94.55,106230,,,
2006-01-04,96.15,99.0,90.5,93.25,89712,,,
2006-01-05,93.5,93.5,89.5,91.2,8333,,,
2006-01-06,90.95,93.7,88.25,90.25,8932,,,
2006-01-09,90.2,90.25,88.55,88.8,1414,,,
2006-01-10,88.25,89.0,86.25,86.65,2011,,,
2006-01-12,88.0,89.45,86.0,87.1,1607,,,
2006-01-13,89.5,89.5,85.0,85.4,1680,,,
2006-01-16,86.05,93.9,86.05,93.5,16495,,,
2006-01-17,100.5,100.5,92.05,94.8,41029,,,
2006-01-18,94.45,94.45,90.65,91.2,8981,,,
2006-01-19,92.95,94.1,90.05,91.95,10983,,,
2006-01-20,92.35,97.0,91.5,93.5,19263,,,
2006-01-23,88.0,93.95,88.0,91.25,9710,,,
2006-01-24,91.95,94.55,90.0,93.6,7318,,,
2006-01-25,94.5,94.95,92.05,92.85,18643,,,
2006-01-27,92.8,92.95,90.5,91.4,4238,,,
2006-01-30,93.5,93.5,86.5,87.7,4953,,,
2006-01-31,87.5,87.9,85.95,85.95,1440,,,
2006-02-01,85.9,86.5,82.0,83.2,2338,,,
2006-02-02,84.0,85.25,82.5,83.2,2908,,,
2006-02-03,84.4,84.4,81.95,82.1,1950,,,
2006-02-06,90.0,90.0,82.0,84.1,3554,,,
2006-02-07,84.9,87.5,83.75,85.8,60941,,,
2006-02-08,86.75,91.0,86.0,87.35,17783,,,
2006-02-10,88.9,93.9,87.0,90.7,42645,,,
2006-02-13,94.0,94.0,89.75,90.35,12771,,,
2006-02-14,91.4,92.4,88.0,89.55,5173,,,
2006-02-15,89.0,89.25,88.5,89.15,8355,,,
2006-02-16,88.5,90.45,80.6,83.8,67705,,,
2006-02-17,90.0,92.2,84.0,92.2,310482,,,
2006-02-20,94.5,98.1,90.3,92.4,100441,,,
2006-02-21,93.4,94.4,87.5,89.85,30193,,,
2006-02-22,90.7,96.1,90.7,94.6,26817,,,
2006-02-23,94.5,96.95,93.0,93.85,43822,,,
2006-02-24,93.5,103.25,92.5,102.9,240510,,,
2006-02-27,104.7,107.0,101.05,102.3,139219,,,
2006-02-28,103.0,109.5,99.5,106.7,125531,,,
2006-03-01,108.0,108.0,96.05,96.05,349117,,,
2006-03-02,95.5,103.0,90.15,99.55,175477,,,
2006-03-03,103.0,106.0,100.0,102.15,236449,,,
2006-03-06,103.15,105.0,100.5,101.95,121737,,,
2006-03-07,103.5,103.8,100.5,102.7,51341,,,
2006-03-08,102.6,103.4,97.6,98.4,35685,,,
2006-03-09,100.0,102.0,97.5,99.2,27818,,,
2006-03-10,99.0,109.0,98.75,100.1,423550,,,
2006-03-13,101.65,103.25,93.1,94.35,217352,,,
2006-03-14,95.0,96.25,95.0,95.1,34309,,,
2006-03-16,95.75,97.45,95.0,95.2,24016,,,
2006-03-17,96.5,96.6,94.25,94.45,13058,,,
2006-03-20,99.0,99.0,95.0,95.5,8368,,,
2006-03-21,96.5,97.2,95.5,95.9,8862,,,
2006-03-22,95.5,97.5,92.7,93.65,12835,,,
2006-03-23,95.95,95.95,92.5,92.65,8809,,,
2006-03-24,90.0,94.5,90.0,91.9,11058,,,
2006-03-27,96.45,99.5,92.55,98.8,88056,,,
2006-03-28,99.5,101.0,95.5,98.0,59383,,,
2006-03-29,99.8,102.0,94.6,95.35,66337,,,
2006-03-30,96.0,97.2,95.0,95.15,18482,,,
2006-03-31,95.0,96.7,94.55,95.05,6479,,,
2006-04-03,97.4,103.5,92.6,93.9,182957,,,
2006-04-04,94.0,97.4,94.0,96.4,36136,,,
2006-04-05,98.4,99.95,96.65,98.8,61825,,,
2006-04-07,100.0,102.5,95.5,96.35,63432,,,
2006-04-10,98.9,98.9,94.25,95.1,33090,,,
2006-04-12,96.45,96.45,90.55,91.3,39037,,,
2006-04-13,47.0,47.0,43.05,44.6,24694,,,
2006-04-17,43.3,49.1,43.3,46.15,36121,,,
2006-04-18,45.5,46.4,44.2,44.6,12564,,,
2006-04-19,43.55,44.7,42.5,42.8,9883,,,
2006-04-20,41.75,43.0,41.65,42.7,6888,,,
2006-04-21,42.5,44.75,41.5,41.65,8964,,,
2006-04-24,40.55,42.5,40.55,41.15,6820,,,
2006-04-25,41.45,41.45,40.5,40.8,2189,,,
2006-04-26,42.5,42.5,39.0,41.2,6903,,,
2006-04-27,41.25,41.95,41.0,41.1,9977,,,
2006-04-28,41.0,41.5,39.0,40.95,5545,,,
2006-04-29,41.0,41.8,40.75,41.6,6593,,,
2006-05-02,42.45,44.4,39.0,41.45,13544,,,
2006-05-03,42.2,42.2,41.0,41.15,5760,,,
2006-05-04,41.1,42.1,41.1,41.6,3982,,,
2006-05-05,41.5,42.1,41.25,41.6,6453,,,
2006-05-08,47.5,47.5,41.5,42.6,6110,,,
2006-05-09,42.5,42.9,41.4,41.5,6176,,,
2006-05-10,40.55,42.1,40.55,41.9,7062,,,
2006-05-11,42.0,42.35,41.6,41.7,2153,,,
2006-05-12,42.45,42.45,41.25,41.5,2642,,,
2006-05-15,41.5,42.0,39.1,39.7,4473,,,
2006-05-16,39.95,39.95,36.1,37.1,7358,,,
2006-05-17,38.0,41.5,38.0,39.5,8037,,,
2006-05-18,39.5,39.5,36.3,37.2,4191,,,
2006-05-19,35.15,42.2,35.0,35.6,5172,,,
2006-05-22,28.55,35.1,28.5,30.4,7416,,,
2006-05-23,32.35,33.25,30.0,31.75,6983,,,
2006-05-24,32.0,36.0,32.0,34.2,5036,,,
2006-05-25,34.45,35.5,33.6,35.0,2615,,,
2006-05-26,35.7,36.0,34.5,35.25,4122,,,
2006-05-29,34.5,35.5,29.5,34.75,4839,,,
2006-05-30,35.15,35.5,34.4,35.1,784,,,
2006-05-31,34.5,34.5,31.75,33.0,1576,,,
2006-06-01,32.5,33.35,32.15,32.6,1482,,,
2006-06-02,27.5,32.9,27.5,31.1,2522,,,
2006-06-05,30.5,31.0,30.0,30.25,648,,,
2006-06-06,28.0,30.0,28.0,29.0,6597,,,
2006-06-07,27.0,29.0,23.6,25.6,4253,,,
2006-06-08,25.3,25.3,20.5,20.7,22833,,,
2006-06-09,20.5,24.5,19.1,24.15,9639,,,
2006-06-12,24.25,26.5,21.0,25.05,17066,,,
2006-06-13,22.5,24.4,22.5,23.55,13863,,,
2006-06-14,23.5,25.3,22.6,23.6,7551,,,
2006-06-15,22.5,27.6,21.0,26.25,11763,,,
2006-06-16,28.0,29.5,26.55,28.6,12507,,,
2006-06-19,27.5,27.95,26.25,27.1,9584,,,
2006-06-20,26.3,27.0,25.65,26.1,5507,,,
2006-06-21,26.5,27.75,26.4,27.0,13578,,,
2006-06-22,27.25,28.9,27.25,27.7,5369,,,
2006-06-23,27.25,27.5,26.0,26.85,8186,,,
2006-06-25,26.5,27.0,26.2,26.55,1432,,,
2006-06-26,26.0,26.5,25.85,26.0,4084,,,
2006-06-27,28.0,28.5,25.5,26.2,3591,,,
2006-06-28,24.0,26.25,24.0,25.7,1688,,,
2006-06-29,25.5,26.25,25.5,26.0,2183,,,
2006-06-30,26.0,28.0,26.0,26.8,4886,,,
2006-07-03,27.5,27.5,26.0,26.65,1187,,,
2006-07-04,26.0,27.1,26.0,26.6,2532,,,
2006-07-05,26.2,26.75,26.2,26.75,1205,,,
2006-07-06,27.45,27.6,26.2,26.75,9336,,,
2006-07-07,29.0,29.0,27.1,27.65,14759,,,
2006-07-10,26.5,27.75,26.5,26.8,6680,,,
2006-07-11,26.7,26.7,25.8,25.95,1922,,,
2006-07-12,24.75,25.9,24.75,25.3,2434,,,
2006-07-13,25.5,25.85,25.35,25.5,2558,,,
2006-07-14,24.8,25.5,24.75,25.5,2711,,,
2006-07-17,25.0,25.7,25.0,25.15,2826,,,
2006-07-18,24.75,25.0,24.25,24.3,2301,,,
2006-07-19,24.3,25.0,24.05,24.25,2761,,,
2006-07-20,24.05,25.2,23.6,24.0,1063,,,
2006-07-21,23.0,23.8,22.55,22.9,1975,,,
2006-07-24,21.6,22.95,21.5,22.4,1583,,,
2006-07-25,21.05,22.9,21.0,22.2,3341,,,
2006-07-26,22.0,23.0,22.0,23.0,3378,,,
2006-07-27,23.25,23.5,22.25,22.9,1288,,,
2006-07-28,23.45,23.5,22.6,23.05,1673,,,
2006-07-31,22.6,23.7,22.6,23.7,676,,,
2006-08-01,24.0,24.0,22.7,23.3,1261,,,
2006-08-02,22.75,23.4,22.75,23.15,1987,,,
2006-08-03,22.75,24.2,22.6,23.9,4425,,,
2006-08-04,24.5,24.5,23.3,23.7,1984,,,
2006-08-07,23.25,23.7,19.5,23.2,2688,,,
2006-08-08,22.85,23.9,22.4,23.1,2140,,,
2006-08-09,22.6,23.85,22.6,23.55,2738,,,
2006-08-10,24.4,26.0,24.25,25.5,5298,,,
2006-08-11,27.0,27.0,25.5,26.05,7154,,,
2006-08-14,25.75,27.75,25.55,27.3,10809,,,
2006-08-16,28.1,28.45,27.4,27.4,6874,,,
2006-08-17,27.75,27.75,26.0,26.6,3745,,,
2006-08-18,25.5,27.0,25.5,26.6,2663,,,
2006-08-21,26.6,26.7,25.5,26.2,2204,,,
2006-08-22,26.2,26.6,25.2,26.25,2506,,,
2006-08-23,25.5,27.5,25.5,25.9,3484,,,
2006-08-24,26.0,26.05,25.1,26.0,1435,,,
2006-08-25,26.5,26.95,25.5,26.1,2174,,,
2006-08-28,26.5,26.5,25.0,25.75,3044,,,
2006-08-29,26.1,27.0,25.75,26.05,4925,,,
2006-08-30,26.8,26.8,25.75,26.4,3576,,,
2006-08-31,25.15,26.6,25.15,25.9,2241,,,
2006-09-01,25.6,26.2,25.6,25.9,3706,,,
2006-09-04,26.0,26.0,25.05,25.9,2754,,,
2006-09-05,25.5,26.2,25.5,25.9,1875,,,
2006-09-06,25.7,26.0,25.0,25.7,2539,,,
2006-09-07,26.0,27.0,26.0,26.8,6909,,,
2006-09-08,26.9,28.6,26.75,27.9,16786,,,
2006-09-11,28.5,30.0,26.5,27.7,15086,,,
2006-09-12,27.25,27.75,26.8,27.2,5000,,,
2006-09-13,27.95,28.0,27.2,27.35,6305,,,
2006-09-14,27.25,28.35,27.1,27.55,7978,,,
2006-09-15,27.5,27.6,26.35,26.55,3150,,,
2006-09-18,26.5,27.5,26.45,26.55,3450,,,
2006-09-19,27.45,27.45,26.25,26.35,2260,,,
2006-09-20,25.0,26.7,25.0,26.1,1995,,,
2006-09-21,26.0,26.6,25.9,26.1,4425,,,
2006-09-22,27.0,27.0,25.4,25.7,2557,,,
2006-09-25,25.75,25.95,25.5,25.75,2175,,,
2006-09-26,26.0,26.0,25.1,25.25,1975,,,
2006-09-27,25.25,25.7,25.25,25.45,2819,,,
2006-09-28,25.0,25.5,24.8,25.0,4198,,,
2006-09-29,25.25,25.7,25.0,25.2,2623,,,
2006-10-03,25.9,25.9,24.5,24.7,2169,,,
2006-10-04,25.0,25.2,24.15,24.35,3008,,,
2006-10-05,24.7,29.2,24.7,29.2,30240,,,
2006-10-06,30.5,35.1,30.3,35.1,136648,,,
2006-10-09,38.8,38.8,32.8,33.7,156099,,,
2006-10-10,34.3,34.5,32.25,32.6,35497,,,
2006-10-11,32.6,33.8,31.0,31.35,36650,,,
2006-10-12,31.95,32.5,30.0,30.85,24504,,,
2006-10-13,31.7,32.0,31.0,31.2,7141,,,
2006-10-16,32.4,32.4,30.85,31.1,6713,,,
2006-10-17,30.75,30.9,30.0,30.35,2149,,,
2006-10-18,30.5,31.35,30.1,30.85,5232,,,
2006-10-19,31.0,31.45,30.1,30.5,2122,,,
2006-10-20,31.0,32.5,30.0,31.2,8050,,,
2006-10-21,31.0,31.2,30.95,31.1,1700,,,
2006-10-23,31.0,31.1,30.5,30.7,2793,,,
2006-10-26,30.5,31.4,29.55,30.1,3837,,,
2006-10-27,30.95,30.95,29.75,29.85,7194,,,
2006-10-30,30.5,31.0,29.75,30.0,1970,,,
2006-10-31,29.75,29.75,27.5,27.75,15176,,,
2006-11-01,29.4,29.4,28.1,28.3,2870,,,
2006-11-02,28.65,29.2,28.5,28.9,8306,,,
2006-11-03,28.5,28.6,26.5,26.8,15418,,,
2006-11-06,27.25,31.0,26.7,29.2,32820,,,
2006-11-07,30.95,30.95,29.15,29.2,7780,,,
2006-11-08,28.25,29.25,27.6,28.1,24583,,,
2006-11-09,28.5,29.6,28.0,28.6,6043,,,
2006-11-10,28.5,28.5,27.6,27.8,4271,,,
2006-11-13,27.5,29.0,27.5,28.4,9180,,,
2006-11-14,30.75,30.75,27.6,28.0,4600,,,
2006-11-15,28.05,28.05,27.0,27.45,2671,,,
2006-11-16,27.05,28.0,27.0,27.25,2060,,,
2006-11-17,27.05,27.05,25.6,25.8,4471,,,
2006-11-20,25.6,27.4,25.55,27.1,8842,,,
2006-11-21,26.3,27.2,26.25,26.75,1679,,,
2006-11-22,27.0,27.0,26.2,27.0,4280,,,
2006-11-23,31.5,31.5,26.25,26.6,2914,,,
2006-11-24,26.9,31.95,26.2,29.9,209202,,,
2006-11-27,31.55,31.55,29.1,29.5,166044,,,
2006-11-28,29.65,29.7,28.0,29.0,10837,,,
2006-11-29,29.6,31.05,29.25,30.55,25408,,,
2006-11-30,31.0,31.4,30.0,30.2,19250,,,
2006-12-01,29.0,30.9,29.0,29.8,16595,,,
2006-12-04,29.8,30.2,29.0,29.7,13049,,,
2006-12-05,29.4,30.5,29.0,29.45,6907,,,
2006-12-06,29.15,29.75,28.25,28.5,5766,,,
2006-12-07,28.0,28.8,28.0,28.2,2088,,,
2006-12-08,28.6,32.6,28.0,30.75,24683,,,
2006-12-11,31.0,31.2,29.1,29.75,12263,,,
2006-12-12,29.95,30.25,27.5,27.8,13690,,,
2006-12-13,29.0,29.0,27.5,28.5,4804,,,
2006-12-14,29.0,29.25,27.8,28.95,3760,,,
2006-12-15,30.45,32.4,30.25,30.7,35681,,,
2006-12-18,30.7,30.75,29.2,30.1,5028,,,
2006-12-19,29.3,29.7,28.9,29.15,4271,,,
2006-12-20,29.2,29.75,29.1,29.75,2523,,,
2006-12-21,29.75,30.0,29.35,29.5,2392,,,
2006-12-22,30.0,30.25,29.35,29.75,4618,,,
2006-12-26,30.5,31.0,29.5,29.5,3749,,,
2006-12-27,29.6,31.0,29.25,29.5,13875,,,
2006-12-28,29.25,30.75,29.25,30.5,3248,,,
2006-12-29,30.85,36.35,30.5,34.1,73478,,,
2007-01-02,34.95,35.9,34.0,34.6,46493,,,
2007-01-03,35.0,35.75,33.85,34.15,26105,,,
2007-01-04,34.75,34.95,33.0,33.2,9817,,,
2007-01-05,33.35,34.85,32.9,34.0,10686,,,
2007-01-08,34.75,34.75,32.5,32.65,5320,,,
2007-01-09,33.05,34.25,32.75,33.5,8825,,,
2007-01-10,31.25,35.5,31.25,33.75,27698,,,
2007-01-11,34.95,34.95,33.6,34.0,5887,,,
2007-01-12,34.0,34.75,34.0,34.05,4945,,,
2007-01-15,34.5,36.0,34.5,34.65,11513,,,
2007-01-16,35.95,35.95,34.0,34.1,12748,,,
2007-01-17,34.5,35.45,34.0,35.2,8951,,,
2007-01-18,35.4,41.95,35.25,38.8,112147,,,
2007-01-19,39.5,40.25,37.5,37.5,27871,,,
2007-01-22,38.5,39.2,36.5,37.1,14613,,,
2007-01-23,37.05,40.5,37.05,38.8,27082,,,
2007-01-24,39.0,39.7,38.25,38.5,6065,,,
2007-01-25,39.7,40.75,38.5,40.3,20252,,,
2007-01-29,40.0,40.0,37.5,38.55,8294,,,
2007-01-31,38.5,39.5,37.8,38.35,12529,,,
2007-02-01,38.1,39.15,37.55,37.75,8609,,,
2007-02-02,38.0,39.8,38.0,39.15,27696,,,
2007-02-05,39.1,39.5,37.75,38.8,11759,,,
2007-02-06,39.1,39.1,37.5,37.75,10087,,,
2007-02-07,37.05,39.5,37.05,38.65,25355,,,
2007-02-08,38.25,39.0,37.85,38.0,5006,,,
2007-02-09,38.25,38.25,37.5,37.6,4974,,,
2007-02-12,36.5,36.75,35.15,35.6,5841,,,
2007-02-13,35.25,36.25,34.5,34.75,24953,,,
2007-02-14,35.0,35.95,34.5,35.2,9580,,,
2007-02-15,36.5,36.75,35.6,35.8,2500,,,
2007-02-19,36.25,41.0,35.5,37.9,29149,,,
2007-02-20,39.45,41.0,37.5,37.65,8872,,,
2007-02-21,38.45,38.45,36.75,37.0,3134,,,
2007-02-22,37.0,37.0,35.8,36.0,4676,,,
2007-02-23,35.55,35.6,34.55,34.8,8185,,,
2007-02-26,34.75,35.0,34.0,34.5,4595,,,
2007-02-27,37.0,37.0,35.0,35.1,6911,,,
2007-02-28,36.0,36.45,34.5,35.0,10105,,,
2007-03-01,35.9,35.9,34.25,34.9,10284,,,
2007-03-02,34.25,34.75,33.6,33.9,2764,,,
2007-03-05,31.05,32.5,28.5,28.8,15746,,,
2007-03-06,32.5,32.5,28.8,29.4,11285,,,
2007-03-07,30.5,31.2,28.4,28.6,4905,,,
2007-03-08,28.25,30.0,28.25,29.25,2040,,,
2007-03-09,30.2,32.25,29.8,30.3,13544,,,
2007-03-12,30.75,31.75,30.5,30.6,1721,,,
2007-03-13,31.0,31.8,30.85,31.5,1552,,,
2007-03-14,31.25,31.25,29.5,29.95,2054,,,
2007-03-15,30.4,32.0,29.75,30.5,5014,,,
2007-03-16,30.0,30.0,29.5,29.75,2725,,,
2007-03-19,29.5,29.5,29.05,29.5,2859,,,
2007-03-20,29.6,30.5,29.15,29.15,408,,,
2007-03-21,30.0,31.25,29.1,30.9,22089,,,
2007-03-22,31.0,31.0,29.75,30.35,1587,,,
2007-03-23,30.7,30.7,30.1,30.55,562,,,
2007-03-26,29.05,30.4,29.05,29.9,2743,,,
2007-03-28,30.0,30.0,28.75,29.5,17417,,,
2007-03-29,29.0,29.7,29.0,29.0,1541,,,
2007-03-30,31.2,31.2,28.9,29.2,2088,,,
2007-04-02,29.25,29.25,28.5,28.6,2221,,,
2007-04-03,28.6,29.0,28.6,29.0,677,,,
2007-04-04,29.1,29.95,29.0,29.95,306,,,
2007-04-05,30.0,30.4,29.95,29.95,610,,,
2007-04-09,30.0,31.1,29.8,30.2,2751,,,
2007-04-10,30.0,32.5,30.0,30.9,2401,,,
2007-04-11,31.1,34.5,30.6,31.3,5787,,,
2007-04-12,31.05,31.5,30.25,31.4,1055,,,
2007-04-13,31.0,31.0,30.9,30.9,400,,,
2007-04-16,31.75,31.9,30.2,30.5,2117,,,
2007-04-17,30.5,31.25,30.0,30.2,795,,,
2007-04-18,31.0,31.0,30.25,30.25,220,,,
2007-04-19,30.05,30.05,29.6,29.7,1709,,,
2007-04-20,30.5,30.5,29.5,29.75,2591,,,
2007-04-23,30.05,30.25,29.75,29.8,600,,,
2007-04-24,28.25,30.0,28.25,29.65,494,,,
2007-04-25,29.75,30.65,29.75,29.8,3520,,,
2007-04-26,29.6,30.45,29.6,30.45,170,,,
2007-04-27,30.7,30.8,29.2,29.75,5328,,,
2007-04-30,28.65,29.4,28.6,29.25,1510,,,
2007-05-03,29.2,29.5,28.75,29.2,5033,,,
2007-05-04,28.9,29.0,28.75,29.0,2480,,,
2007-05-07,28.75,30.5,28.7,28.9,2288,,,
2007-05-08,28.55,28.55,28.5,28.5,530,,,
2007-05-09,29.35,29.35,28.4,28.4,1200,,,
2007-05-10,29.5,29.5,29.0,29.0,1464,,,
2007-05-11,28.5,28.6,28.25,28.5,726,,,
2007-05-14,28.5,29.0,28.1,28.25,2467,,,
2007-05-15,28.0,29.5,28.0,29.3,1669,,,
2007-05-16,29.0,29.0,28.5,28.6,1299,,,
2007-05-17,28.55,29.0,28.5,28.5,1740,,,
2007-05-18,28.4,29.25,28.3,29.1,1896,,,
2007-05-21,29.0,29.5,28.85,29.25,4851,,,
2007-05-22,28.6,30.0,28.6,29.55,1086,,,
2007-05-23,29.6,32.5,29.6,31.0,12585,,,
2007-05-24,31.5,32.95,31.1,31.6,10436,,,
2007-05-25,30.4,32.4,30.4,30.6,1282,,,
2007-05-28,30.6,31.5,30.6,31.05,1734,,,
2007-05-29,30.75,31.5,30.1,30.8,3770,,,
2007-05-30,32.5,32.5,30.5,30.7,3197,,,
2007-05-31,29.65,30.75,29.6,30.25,1354,,,
2007-06-01,30.05,30.5,30.0,30.2,550,,,
2007-06-04,29.6,29.9,29.55,29.6,1094,,,
2007-06-05,29.85,33.0,29.85,30.6,2206,,,
2007-06-06,31.25,31.5,30.5,30.5,492,,,
2007-06-07,30.4,31.2,29.9,30.0,910,,,
2007-06-08,29.9,30.1,29.55,29.6,995,,,
2007-06-11,30.4,30.4,28.0,28.6,6582,,,
2007-06-12,28.55,32.5,28.0,29.1,6085,,,
2007-06-13,28.6,29.2,28.25,28.35,1875,,,
2007-06-14,28.7,29.35,28.3,28.4,1420,,,
2007-06-15,28.95,33.2,28.95,31.65,69583,,,
2007-06-18,32.4,34.9,31.85,33.3,94926,,,
2007-06-19,32.75,33.1,31.55,31.85,22696,,,
2007-06-20,33.0,33.0,31.6,31.8,3475,,,
2007-06-21,33.0,38.15,33.0,38.15,213255,,,
2007-06-22,38.15,44.25,37.5,42.05,643724,,,
2007-06-25,42.6,43.0,40.3,41.5,139143,,,
2007-06-26,41.05,41.9,40.4,40.65,41535,,,
2007-06-27,40.5,40.5,39.0,39.25,31890,,,
2007-06-28,40.0,47.15,40.0,47.15,368625,,,
2007-06-29,50.0,55.4,46.15,52.5,1268802,,,
2007-07-02,53.2,53.8,50.25,50.6,263346,,,
2007-07-03,50.95,55.25,48.4,54.4,480849,,,
2007-07-04,55.0,59.85,54.95,59.85,457732,,,
2007-07-05,61.7,65.85,57.25,64.6,560757,,,
2007-07-06,66.0,68.25,59.05,61.0,396169,,,
2007-07-09,61.3,63.45,60.3,61.1,167220,,,
2007-07-10,60.0,63.75,60.0,60.5,90561,,,
2007-07-11,59.1,62.45,58.6,59.15,59678,,,
2007-07-12,60.0,61.75,56.0,57.15,74531,,,
2007-07-13,58.0,60.45,55.5,56.45,116118,,,
2007-07-16,57.5,58.0,55.8,56.2,31319,,,
2007-07-17,57.45,59.0,55.6,57.0,60708,,,
2007-07-18,57.75,59.2,56.1,56.7,38123,,,
2007-07-19,57.5,59.0,57.0,57.45,27430,,,
2007-07-20,58.0,61.0,57.3,58.5,113441,,,
2007-07-23,62.5,62.5,56.5,57.1,27443,,,
2007-07-24,62.5,62.5,55.1,55.4,22748,,,
2007-07-25,55.5,55.6,52.5,53.1,25736,,,
2007-07-26,54.2,56.95,53.5,54.5,26994,,,
2007-07-27,52.3,57.0,52.1,52.7,48374,,,
2007-07-30,53.0,54.0,49.75,50.6,18322,,,
2007-07-31,51.0,51.4,49.5,50.1,27493,,,
2007-08-01,49.5,49.5,45.75,46.3,16284,,,
2007-08-02,46.5,47.5,45.1,45.4,14349,,,
2007-08-03,46.95,49.9,45.55,48.35,39748,,,
2007-08-06,45.15,47.0,45.0,45.8,19096,,,
2007-08-07,47.25,47.95,46.0,46.25,10823,,,
2007-08-08,47.85,48.9,47.0,48.1,11069,,,
2007-08-09,49.7,49.7,45.6,46.2,12224,,,
2007-08-10,44.5,46.0,44.5,45.65,11684,,,
2007-08-13,46.5,48.5,46.0,46.9,7742,,,
2007-08-14,47.0,47.0,45.5,46.25,8494,,,
2007-08-16,45.0,45.5,43.25,43.7,10979,,,
2007-08-17,43.75,44.1,41.1,41.6,10944,,,
2007-08-20,43.5,45.8,42.5,45.25,33889,,,
2007-08-21,47.0,49.0,40.75,41.25,48140,,,
2007-08-22,42.0,43.5,40.75,41.65,10757,,,
2007-08-23,42.25,43.9,40.0,40.7,10130,,,
2007-08-24,41.0,42.5,41.0,41.65,11774,,,
2007-08-27,43.0,44.9,42.3,43.65,9716,,,
2007-08-28,41.0,43.1,41.0,42.6,2943,,,
2007-08-29,42.4,46.85,41.75,46.85,27223,,,
2007-08-30,50.45,51.55,49.0,51.55,16965,,,
2007-08-31,54.15,54.15,50.6,51.3,77629,,,
2007-09-03,51.3,52.4,49.5,50.05,10244,,,
2007-09-04,49.6,51.4,48.25,49.6,20325,,,
2007-09-05,49.0,49.75,47.3,47.85,3041,,,
2007-09-06,48.0,49.5,47.55,47.85,2466,,,
2007-09-07,47.5,48.05,45.5,45.8,15424,,,
2007-09-10,45.55,47.35,44.0,46.4,7174,,,
2007-09-11,48.45,48.75,47.0,48.75,7012,,,
2007-09-12,51.2,51.2,50.0,51.2,88355,,,
2007-09-13,51.5,52.5,49.15,51.0,24607,,,
2007-09-14,51.15,51.5,48.5,48.5,10767,,,
2007-09-17,49.4,49.4,48.0,48.6,4711,,,
2007-09-18,48.95,50.0,47.0,48.05,3375,,,
2007-09-19,48.5,48.95,47.0,47.6,7605,,,
2007-09-20,47.75,48.5,47.5,47.65,1818,,,
2007-09-21,47.05,47.9,45.5,46.2,9643,,,
2007-09-24,48.25,48.25,45.75,46.9,6085,,,
2007-09-25,46.55,49.25,44.8,49.25,17267,,,
2007-09-26,50.85,51.75,50.1,51.75,69650,,,
2007-09-27,52.4,54.35,49.25,54.35,64715,,,
2007-09-28,56.0,56.0,52.1,52.9,29537,,,
2007-10-01,51.0,54.0,50.5,52.25,11068,,,
2007-10-03,54.0,54.0,49.65,49.8,15187,,,
2007-10-04,50.5,50.5,47.75,49.5,4772,,,
2007-10-05,47.5,49.0,47.05,47.3,5546,,,
2007-10-08,46.55,46.75,44.95,44.95,5765,,,
2007-10-09,43.25,47.2,43.25,47.2,9611,,,
2007-10-10,47.5,49.0,46.5,47.5,38801,,,
2007-10-11,47.5,48.5,45.6,45.7,6033,,,
2007-10-12,46.25,48.0,44.0,47.9,238495,,,
2007-10-15,50.0,50.0,46.5,47.8,20049,,,
2007-10-16,46.55,47.25,46.5,47.0,5476,,,
2007-10-17,46.5,46.5,45.0,45.8,3297,,,
2007-10-18,47.5,47.5,44.55,45.7,4996,,,
2007-10-19,46.0,46.25,43.5,44.65,9214,,,
2007-10-22,44.5,46.0,44.5,44.6,4684,,,
2007-10-23,46.3,46.8,46.3,46.5,6648,,,
2007-10-24,48.0,48.0,45.1,45.4,8755,,,
2007-10-25,45.55,46.25,44.5,44.65,6176,,,
2007-10-26,44.5,46.9,43.4,46.2,3709,,,
2007-10-29,46.15,46.25,45.5,45.85,4192,,,
2007-10-30,44.75,46.5,44.75,46.1,14226,,,
2007-10-31,45.0,46.25,44.5,45.3,4776,,,
2007-11-01,46.45,46.45,43.1,43.6,14120,,,
2007-11-02,42.8,44.35,42.5,42.7,7855,,,
2007-11-05,42.5,44.7,42.5,43.6,4083,,,
2007-11-06,45.1,45.75,42.5,42.75,9563,,,
2007-11-07,41.5,43.5,41.5,43.4,19293,,,
2007-11-08,44.0,47.75,41.75,44.5,21828,,,
2007-11-09,46.25,46.5,44.1,46.15,2185,,,
2007-11-12,47.5,50.5,45.0,48.6,17121,,,
2007-11-13,47.75,49.5,47.0,48.0,6582,,,
2007-11-14,48.1,49.0,47.0,47.1,28260,,,
2007-11-15,48.0,48.0,44.1,46.15,28469,,,
2007-11-16,44.75,48.9,44.75,45.95,34251,,,
2007-11-19,48.0,48.0,46.25,46.3,33725,,,
2007-11-20,47.35,48.0,45.5,45.7,9656,,,
2007-11-21,45.25,47.45,43.5,44.15,6665,,,
2007-11-22,43.9,44.45,40.0,42.05,29916,,,
2007-11-23,43.7,43.7,42.1,42.6,1677,,,
2007-11-26,42.5,43.95,41.75,42.05,3811,,,
2007-11-27,42.0,42.95,41.5,41.9,8793,,,
2007-11-28,45.0,45.0,42.0,42.5,5036,,,
2007-11-29,43.0,43.0,42.0,42.1,6587,,,
2007-11-30,44.5,44.5,42.0,42.5,12541,,,
2007-12-03,44.7,45.4,42.5,44.65,15279,,,
2007-12-04,45.05,46.5,45.0,45.9,11535,,,
2007-12-05,47.1,48.5,46.0,46.0,8245,,,
2007-12-06,47.25,50.6,46.75,50.6,96395,,,
2007-12-07,53.0,55.65,51.05,52.2,62636,,,
2007-12-10,52.5,53.0,50.0,50.9,22346,,,
2007-12-11,51.0,54.75,50.0,52.0,44291,,,
2007-12-12,48.5,54.45,48.5,52.85,30240,,,
2007-12-13,54.5,58.0,53.5,56.7,43215,,,
2007-12-14,59.0,59.5,55.2,56.0,70257,,,
2007-12-17,57.5,60.5,55.1,56.95,140216,,,
2007-12-18,57.0,58.0,54.25,55.4,15149,,,
2007-12-19,57.0,59.75,55.1,56.4,45892,,,
2007-12-20,56.5,58.1,52.6,53.75,21461,,,
2007-12-24,56.5,56.6,53.7,54.7,9852,,,
2007-12-26,56.5,59.95,56.5,58.4,47994,,,
2007-12-27,59.5,59.5,56.55,57.2,11065,,,
2007-12-28,57.0,57.5,55.5,56.1,18437,,,
2007-12-31,57.2,58.0,55.0,55.65,21773,,,
2008-01-01,56.2,61.25,56.2,60.8,74954,,,
2008-01-02,61.5,62.5,57.5,59.9,45967,,,
2008-01-03,61.0,62.0,57.6,58.1,19981,,,
2008-01-04,60.95,60.95,57.85,59.0,28376,,,
2008-01-07,57.0,69.45,57.0,67.85,179962,,,
2008-01-08,70.0,74.0,62.5,64.8,122451,,,
2008-01-09,52.6,64.25,52.6,60.5,23572,,,
2008-01-10,61.5,62.5,54.05,55.0,20528,,,
2008-01-11,57.4,57.4,50.5,54.95,18592,,,
2008-01-14,60.5,64.1,60.0,62.4,83867,,,
2008-01-15,66.3,66.3,59.0,60.0,25524,,,
2008-01-16,58.0,60.0,56.0,57.3,13593,,,
2008-01-17,59.75,62.0,57.6,58.15,22054,,,
2008-01-18,57.0,60.0,55.0,55.4,8157,,,
2008-01-21,51.15,53.3,44.3,45.45,16313,,,
2008-01-22,45.0,45.0,36.4,38.0,7560,,,
2008-01-23,37.55,40.0,31.5,38.0,16255,,,
2008-01-24,44.9,44.9,33.15,36.0,11507,,,
2008-01-25,37.75,41.0,30.0,34.65,52639,,,
2008-01-28,36.95,41.55,36.6,41.0,40643,,,
2008-01-29,42.2,42.85,39.0,40.0,26834,,,
2008-01-30,40.25,41.3,38.75,39.15,13511,,,
2008-01-31,37.0,39.75,36.05,36.75,14201,,,
2008-02-01,38.0,38.5,35.05,37.5,12857,,,
2008-02-04,39.05,40.5,38.0,38.6,21867,,,
2008-02-05,37.6,43.5,37.6,42.55,38275,,,
2008-02-06,42.5,45.45,38.55,44.15,28943,,,
2008-02-07,44.15,50.0,44.15,45.1,56303,,,
2008-02-08,46.0,47.0,40.0,42.65,29991,,,
2008-02-11,41.05,43.2,39.5,39.65,13288,,,
2008-02-12,35.8,40.7,35.8,37.05,6891,,,
2008-02-13,38.0,39.0,36.0,37.1,11688,,,
2008-02-14,40.0,40.45,37.8,39.6,4978,,,
2008-02-15,39.0,41.0,38.0,40.75,6926,,,
2008-02-18,42.3,44.2,41.55,43.0,22438,,,
2008-02-19,43.5,43.75,42.6,43.0,8818,,,
2008-02-20,44.1,44.1,41.1,41.65,4802,,,
2008-02-21,42.0,42.9,41.5,42.3,4249,,,
2008-02-22,42.1,42.1,40.5,40.6,3035,,,
2008-02-25,39.55,41.4,38.95,41.1,3564,,,
2008-02-26,44.55,44.55,40.85,41.9,6765,,,
2008-02-27,42.0,43.5,40.85,41.8,5269,,,
2008-02-28,43.5,43.5,40.55,41.85,4076,,,
2008-02-29,43.4,45.45,41.25,42.9,51986,,,
2008-03-03,41.0,41.9,39.8,40.0,7577,,,
2008-03-04,40.5,41.0,38.25,39.5,10040,,,
2008-03-05,40.0,40.0,37.75,38.7,11412,,,
2008-03-07,37.5,37.5,32.55,33.05,20906,,,
2008-03-10,39.0,39.0,32.5,33.25,6537,,,
2008-03-11,33.5,39.0,33.5,37.9,20880,,,
2008-03-12,38.5,44.5,38.0,40.4,74052,,,
2008-03-13,39.0,39.0,36.25,36.5,11064,,,
2008-03-14,37.5,38.9,36.05,37.25,9891,,,
2008-03-17,35.1,36.95,34.0,35.4,7447,,,
2008-03-18,37.0,37.0,31.6,34.4,7446,,,
2008-03-19,36.0,36.0,31.75,33.75,28708,,,
2008-03-24,32.65,32.75,29.75,30.15,26109,,,
2008-03-25,31.25,33.45,31.0,31.4,16249,,,
2008-03-26,32.0,32.6,31.5,32.4,7714,,,
2008-03-27,31.6,34.5,31.25,32.9,11879,,,
2008-03-28,33.05,35.5,33.05,34.4,12440,,,
2008-03-31,31.25,35.5,31.25,33.8,4413,,,
2008-04-01,34.95,34.95,33.6,33.8,158,,,
2008-04-02,35.0,35.1,33.9,34.0,6265,,,
2008-04-03,34.5,36.0,33.55,35.6,4296,,,
2008-04-04,35.5,35.5,34.0,34.1,4748,,,
2008-04-07,34.5,35.5,28.4,34.9,3468,,,
2008-04-08,34.4,35.35,34.4,34.9,1556,,,
2008-04-09,35.0,37.8,35.0,37.6,9759,,,
2008-04-10,38.45,39.05,37.0,37.5,5924,,,
2008-04-11,38.0,38.0,36.5,36.55,2591,,,
2008-04-15,36.0,38.25,36.0,36.9,3151,,,
2008-04-16,36.5,42.5,36.5,40.05,40038,,,
2008-04-17,41.25,42.35,40.5,42.0,14408,,,
2008-04-21,42.25,42.25,40.5,41.65,4828,,,
2008-04-22,41.1,43.25,41.1,42.2,7617,,,
2008-04-23,42.0,42.5,41.5,41.55,1066,,,
2008-04-24,42.0,42.25,41.25,41.25,1911,,,
2008-04-25,40.75,43.25,40.75,41.8,4250,,,
2008-04-28,41.5,43.25,41.5,41.95,3032,,,
2008-04-29,42.5,43.0,42.25,42.75,3360,,,
2008-04-30,42.25,42.25,41.55,41.75,2746,,,
2008-05-02,42.0,42.5,39.0,40.65,4396,,,
2008-05-05,40.25,40.25,39.05,39.7,12542,,,
2008-05-06,39.05,40.5,39.0,39.1,1295,,,
2008-05-07,39.0,39.65,33.15,38.5,10134,,,
2008-05-08,38.0,38.5,37.5,38.25,1439,,,
2008-05-09,38.0,38.5,35.15,36.6,2656,,,
2008-05-12,35.65,36.0,34.25,35.65,6891,,,
2008-05-13,36.25,40.0,36.25,39.5,9410,,,
2008-05-14,40.0,40.0,38.5,39.6,1185,,,
2008-05-15,39.0,39.0,38.0,38.65,1937,,,
2008-05-16,39.45,39.45,38.0,38.2,1281,,,
2008-05-20,38.75,39.0,38.0,38.05,939,,,
2008-05-21,38.0,38.9,37.9,38.05,633,,,
2008-05-22,39.0,39.0,37.3,37.5,4848,,,
2008-05-23,38.25,38.75,36.0,36.25,4508,,,
2008-05-26,36.0,37.0,35.55,35.65,681,,,
2008-05-27,35.75,36.5,34.5,35.0,3099,,,
2008-05-28,36.2,39.0,34.5,36.75,3425,,,
2008-05-29,37.1,37.1,35.5,35.8,2738,,,
2008-05-30,36.25,36.25,35.2,35.25,1081,,,
2008-06-02,35.1,35.1,34.5,34.5,255,,,
2008-06-03,33.25,34.5,33.0,34.15,2186,,,
2008-06-04,34.0,34.25,32.0,32.45,4210,,,
2008-06-05,32.5,32.9,31.6,32.0,1526,,,
2008-06-06,32.25,33.25,31.0,32.1,3184,,,
2008-06-09,30.5,31.75,28.5,31.6,4112,,,
2008-06-10,31.0,32.2,30.7,31.3,1204,,,
2008-06-11,31.75,31.75,30.0,30.7,2228,,,
2008-06-12,31.4,32.0,30.7,31.95,1946,,,
2008-06-13,33.0,37.95,32.75,34.4,13442,,,
2008-06-16,35.5,36.5,34.6,35.15,3459,,,
2008-06-17,36.0,36.0,34.6,35.9,648,,,
2008-06-18,36.0,36.0,32.5,34.0,2542,,,
2008-06-19,34.3,34.3,32.5,33.0,2112,,,
2008-06-20,32.0,33.4,32.0,32.25,1226,,,
2008-06-23,32.0,32.0,30.4,30.6,1706,,,
2008-06-24,29.5,30.7,29.5,30.5,971,,,
2008-06-25,30.5,30.6,29.5,30.4,727,,,
2008-06-26,30.7,36.0,30.25,33.25,3436,,,
2008-06-27,32.25,32.25,30.0,30.5,1899,,,
2008-06-30,29.65,29.95,27.0,28.0,6739,,,
2008-07-01,28.0,28.5,25.75,25.95,938,,,
2008-07-02,27.5,27.5,24.7,25.0,13081,,,
2008-07-03,24.5,26.4,24.0,24.4,1912,,,
2008-07-04,24.5,27.75,24.15,26.75,3136,,,
2008-07-07,27.05,27.5,26.5,26.6,913,,,
2008-07-08,25.5,27.4,25.5,27.2,1069,,,
2008-07-09,26.5,28.35,26.5,27.9,3840,,,
2008-07-10,27.2,28.25,22.55,27.9,1920,,,
2008-07-11,28.0,28.0,26.25,26.7,2991,,,
2008-07-14,26.5,28.0,26.5,27.9,5126,,,
2008-07-15,28.0,28.0,26.5,27.2,1912,,,
2008-07-16,27.5,28.0,26.75,26.9,2506,,,
2008-07-17,27.5,28.0,25.1,25.9,9219,,,
2008-07-18,25.6,26.95,25.25,25.5,4606,,,
2008-07-21,25.75,27.4,25.75,27.1,16941,,,
2008-07-22,27.5,28.7,26.6,27.9,148018,,,
2008-07-23,28.95,29.75,28.25,29.35,7402,,,
2008-07-24,29.75,30.0,27.5,28.7,212241,,,
2008-07-25,29.4,29.4,28.0,28.5,3857,,,
2008-07-28,29.0,31.5,28.15,30.5,14081,,,
2008-07-29,30.9,31.45,29.55,29.85,4051,,,
2008-07-30,30.5,32.4,30.1,31.5,5902,,,
2008-07-31,31.5,32.75,31.1,32.1,8185,,,
2008-08-01,32.45,34.5,32.15,34.0,8559,,,
2008-08-04,33.9,36.5,33.75,35.5,11773,,,
2008-08-05,35.1,38.5,35.1,37.6,13725,,,
2008-08-06,44.25,44.9,38.55,39.4,27074,,,
2008-08-07,38.5,39.95,36.5,36.7,7166,,,
2008-08-08,35.8,37.3,35.3,35.8,6089,,,
2008-08-11,37.5,37.5,36.0,37.25,2291,,,
2008-08-12,37.4,37.4,35.1,35.75,2438,,,
2008-08-13,36.5,42.35,35.0,40.15,216849,,,
2008-08-14,40.9,41.9,36.5,37.2,113839,,,
2008-08-18,36.5,36.75,35.0,35.75,32098,,,
2008-08-19,34.05,36.2,34.05,35.75,8703,,,
2008-08-20,35.5,37.5,35.5,36.0,10750,,,
2008-08-21,35.55,36.25,34.55,35.0,28459,,,
2008-08-22,33.4,35.7,33.4,35.0,3606,,,
2008-08-25,34.5,36.95,34.5,35.0,61897,,,
2008-08-26,34.5,35.0,34.1,34.5,2200,,,
2008-08-27,34.0,35.75,33.6,34.65,11861,,,
2008-08-28,34.0,35.0,33.9,34.0,38248,,,
2008-08-29,28.0,35.55,28.0,34.3,3595,,,
2008-09-01,34.0,34.7,33.5,33.85,3021,,,
2008-09-02,34.25,35.4,34.25,34.7,36499,,,
2008-09-04,35.0,37.25,34.1,34.95,37101,,,
2008-09-05,35.2,35.2,34.0,34.0,1665,,,
2008-09-08,36.75,36.75,34.0,34.25,1482,,,
2008-09-09,33.65,34.25,33.6,34.1,890,,,
2008-09-10,34.9,35.0,32.6,33.3,2669,,,
2008-09-11,33.1,33.5,32.9,33.4,15870,,,
2008-09-12,33.5,33.95,32.25,32.45,1923,,,
2008-09-15,30.05,32.75,28.0,28.6,4986,,,
2008-09-16,27.5,29.0,27.5,28.85,5088,,,
2008-09-17,31.0,31.0,27.25,27.7,5872,,,
2008-09-18,27.5,28.0,26.25,27.4,6409,,,
2008-09-19,28.5,29.25,28.0,28.75,4946,,,
2008-09-22,28.1,31.45,27.5,30.5,6395,,,
2008-09-23,30.35,30.35,29.5,30.0,4440,,,
2008-09-24,29.0,30.75,29.0,30.65,3161,,,
2008-09-25,30.0,30.65,29.75,30.0,2033,,,
2008-09-26,30.0,30.25,27.5,29.65,4192,,,
2008-09-29,27.25,30.0,25.75,28.25,18120,,,
2008-09-30,24.5,30.4,24.5,28.45,11179,,,
2008-10-01,29.0,31.0,29.0,30.0,10638,,,
2008-10-03,29.0,29.05,28.5,28.6,1773,,,
2008-10-06,26.0,29.95,26.0,28.25,17572,,,
2008-10-07,29.4,29.4,26.5,28.0,12399,,,
2008-10-08,25.5,27.35,22.5,25.8,30607,,,
2008-10-10,22.5,26.0,22.5,24.2,3902,,,
2008-10-13,24.0,27.0,23.7,26.25,1803,,,
2008-10-14,27.0,27.0,24.55,25.0,3269,,,
2008-10-15,23.2,26.25,23.2,24.85,43059,,,
2008-10-16,20.05,25.25,20.05,24.45,4548,,,
2008-10-17,25.0,25.9,22.0,24.4,76873,,,
2008-10-20,23.0,23.5,20.75,21.85,5391,,,
2008-10-21,21.3,23.7,21.3,23.0,35144,,,
2008-10-22,23.0,23.5,22.55,22.9,240,,,
2008-10-23,20.2,22.5,19.1,21.0,1382,,,
2008-10-24,22.4,22.4,16.8,18.5,17526,,,
2008-10-27,18.0,18.5,17.0,18.0,64835,,,
2008-10-28,19.0,20.0,19.0,19.6,1747,,,
2008-10-29,20.0,20.0,18.0,18.5,3189,,,
2008-10-31,19.0,19.2,18.1,18.85,1209,,,
2008-11-03,19.85,20.75,19.55,20.05,2662,,,
2008-11-04,20.9,22.0,20.1,21.7,6639,,,
2008-11-05,21.5,21.5,19.5,19.9,4532,,,
2008-11-06,19.0,20.5,18.75,19.25,3701,,,
2008-11-07,18.0,20.2,18.0,20.05,13229,,,
2008-11-10,20.05,20.4,19.8,19.9,107,,,
2008-11-11,19.0,19.3,17.6,18.2,4253,,,
2008-11-12,19.45,19.55,18.0,18.5,3128,,,
2008-11-14,18.0,18.0,16.8,17.5,1378,,,
2008-11-17,17.5,18.0,16.9,17.0,4045,,,
2008-11-18,17.0,17.0,16.0,16.25,2603,,,
2008-11-19,15.5,17.0,15.5,16.1,4311,,,
2008-11-20,15.5,17.0,15.5,16.5,1245,,,
2008-11-21,15.8,17.45,15.75,16.0,1133,,,
2008-11-24,16.25,17.2,16.0,16.05,1135,,,
2008-11-25,16.05,17.2,15.5,15.8,1668,,,
2008-11-26,16.25,16.95,14.1,14.6,5523,,,
2008-11-28,15.0,15.5,14.5,14.95,1391,,,
2008-12-01,15.5,16.0,14.8,15.15,1406,,,
2008-12-02,14.95,17.9,14.5,15.25,13652,,,
2008-12-03,16.0,16.5,15.15,16.0,1902,,,
2008-12-04,16.65,17.0,16.25,16.75,1509,,,
2008-12-05,17.2,18.2,16.8,17.3,1833,,,
2008-12-08,17.25,17.5,16.55,17.5,689,,,
2008-12-10,17.25,17.6,15.5,17.55,5813,,,
2008-12-11,17.25,17.5,16.5,17.0,12911,,,
2008-12-12,17.25,18.35,17.05,18.3,10721,,,
2008-12-15,19.0,20.45,18.0,18.2,2605,,,
2008-12-16,18.8,19.0,18.0,18.7,1663,,,
2008-12-17,20.9,20.9,18.75,20.0,8391,,,
2008-12-18,19.75,20.15,18.95,19.3,2478,,,
2008-12-19,20.25,20.35,19.5,19.5,1009,,,
2008-12-22,19.5,20.45,19.5,20.0,1044,,,
2008-12-23,19.75,19.75,19.5,19.5,538,,,
2008-12-24,19.25,20.2,17.5,19.0,7910,,,
2008-12-26,18.05,18.75,17.75,17.95,428,,,
2008-12-29,17.65,19.35,17.65,19.0,181,,,
2008-12-30,17.55,18.75,17.55,18.2,1165,,,
2008-12-31,18.6,18.65,18.0,18.05,301,,,
2009-01-01,19.0,19.25,18.5,19.0,333,,,
2009-01-02,20.0,20.0,19.35,19.4,35,,,
2009-01-05,19.5,19.5,19.5,19.5,134,,,
2009-01-06,19.95,20.5,19.1,20.35,1513,,,
2009-01-07,20.0,20.2,17.5,17.5,2041,,,
2009-01-09,15.5,17.0,15.5,17.0,3021,,,
2009-01-12,17.5,17.5,16.5,17.1,1512,,,
2009-01-14,17.5,18.0,16.5,17.9,5848,,,
2009-01-15,17.5,17.5,16.5,17.3,484,,,
2009-01-16,19.0,19.45,17.0,17.5,1105,,,
2009-01-19,16.75,17.0,16.75,17.0,557,,,
2009-01-20,17.0,17.0,16.5,16.75,641,,,
2009-01-21,16.75,16.75,16.25,16.5,7757,,,
2009-01-22,19.45,19.45,15.3,16.95,494,,,
2009-01-23,16.75,16.75,15.9,16.4,1144,,,
2009-01-27,14.95,17.25,14.95,15.55,2315,,,
2009-01-28,15.75,16.75,15.75,16.5,1076,,,
2009-01-29,16.25,16.25,15.75,16.25,77,,,
2009-01-30,16.05,17.5,16.05,17.2,538,,,
2009-02-02,17.0,17.25,16.5,16.5,117,,,
2009-02-03,16.75,17.25,16.75,17.15,270,,,
2009-02-04,17.25,17.5,15.1,15.6,1447,,,
2009-02-05,16.0,16.75,15.8,16.15,470,,,
2009-02-06,16.55,17.5,16.25,16.4,548,,,
2009-02-09,16.4,16.5,16.4,16.5,503,,,
2009-02-10,16.75,19.5,16.75,18.85,9295,,,
2009-02-11,18.75,18.75,16.6,18.1,14945,,,
2009-02-12,17.65,18.4,17.5,17.55,986,,,
2009-02-13,17.75,19.0,17.75,18.0,221,,,
2009-02-16,19.75,19.75,17.5,17.5,1086,,,
2009-02-17,17.75,18.5,17.25,17.9,115,,,
2009-02-18,17.25,18.0,17.0,17.25,1114,,,
2009-02-19,18.5,18.5,17.5,17.9,150,,,
2009-02-20,17.75,17.75,16.5,17.25,2214,,,
2009-02-24,17.0,17.95,17.0,17.75,410,,,
2009-02-25,17.75,17.75,17.25,17.25,9,,,
2009-02-26,16.5,17.5,15.1,17.05,761,,,
2009-02-27,16.75,17.25,16.5,17.25,732,,,
2009-03-02,17.25,17.75,16.15,16.55,2430,,,
2009-03-03,16.05,17.5,16.05,17.5,141,,,
2009-03-04,17.0,17.4,16.5,16.5,218,,,
2009-03-05,18.4,18.4,16.25,16.25,2103,,,
2009-03-06,16.25,16.5,15.5,16.0,406,,,
2009-03-09,16.5,16.6,16.5,16.5,202,,,
2009-03-12,16.0,16.05,15.5,15.65,1183,,,
2009-03-13,15.75,16.5,15.75,16.25,2669,,,
2009-03-16,16.25,16.45,16.0,16.05,3654,,,
2009-03-17,15.8,16.45,15.8,16.2,5174,,,
2009-03-18,16.5,17.5,16.0,16.2,3650,,,
2009-03-19,17.2,17.2,15.6,15.8,1924,,,
2009-03-20,15.6,16.7,15.6,16.5,3817,,,
2009-03-23,16.75,17.0,16.55,16.55,483,,,
2009-03-24,16.5,17.5,16.5,17.2,2152,,,
2009-03-25,17.2,19.85,16.5,17.5,1405,,,
2009-03-26,17.0,17.5,16.65,17.0,302,,,
2009-03-27,17.25,18.0,16.3,16.5,1533,,,
2009-03-30,16.0,17.0,15.6,17.0,76451,,,
2009-03-31,16.75,17.25,16.55,17.2,310,,,
2009-04-01,17.55,18.0,17.0,17.2,772,,,
2009-04-02,18.0,18.0,17.05,17.1,2668,,,
2009-04-06,17.6,18.5,17.6,18.4,1430,,,
2009-04-08,18.45,19.35,18.25,19.0,3319,,,
2009-04-09,19.0,20.25,16.35,19.3,12647,,,
2009-04-13,20.75,21.0,20.2,20.25,2194,,,
2009-04-15,20.0,24.35,19.5,23.6,15267,,,
2009-04-16,23.25,24.85,21.65,22.9,6951,,,
2009-04-17,22.5,25.5,22.5,24.45,3369,,,
2009-04-20,25.0,26.1,24.5,24.95,13881,,,
2009-04-21,25.95,25.95,24.0,25.0,12502,,,
2009-04-22,25.0,25.35,23.0,23.7,9483,,,
2009-04-23,23.5,27.45,23.5,26.7,9174,,,
2009-04-24,26.25,26.6,24.5,26.3,15385,,,
2009-04-27,25.75,26.5,24.65,24.65,2508,,,
2009-04-28,24.25,26.0,24.25,24.55,9192,,,
2009-04-29,24.75,26.2,24.75,25.5,960,,,
2009-05-04,25.95,25.95,25.25,25.35,1623,,,
2009-05-05,25.25,25.7,24.25,24.8,385,,,
2009-05-06,24.0,25.4,24.0,24.2,1677,,,
2009-05-07,24.0,25.25,24.0,24.25,61,,,
2009-05-08,24.7,24.7,23.25,24.0,938,,,
2009-05-11,23.6,24.0,23.1,24.0,5417,,,
2009-05-12,23.75,24.0,22.5,23.85,327,,,
2009-05-13,23.75,23.9,21.7,22.75,1278,,,
2009-05-14,23.0,23.5,22.25,22.5,1260,,,
2009-05-15,22.55,23.5,22.5,22.5,827,,,
2009-05-19,23.5,24.8,23.5,24.8,128,,,
2009-05-20,25.25,26.5,23.25,26.4,2155,,,
2009-05-21,26.8,27.9,26.5,26.75,4606,,,
2009-05-22,26.75,27.25,26.0,26.6,5061,,,
2009-05-25,28.75,29.0,27.25,28.15,2730,,,
2009-05-26,30.85,30.85,27.5,27.5,2550,,,
2009-05-27,27.75,28.5,27.5,27.9,1678,,,
2009-05-28,27.75,28.5,27.5,27.8,1531,,,
2009-05-29,28.25,30.0,28.2,29.0,9500,,,
2009-06-01,30.5,31.95,30.0,31.45,15865,,,
2009-06-02,31.5,31.5,30.0,30.7,6011,,,
2009-06-03,29.3,31.25,29.25,29.6,5500,,,
2009-06-04,30.0,30.15,28.0,30.1,10423,,,
2009-06-05,32.4,32.4,28.75,29.5,5585,,,
2009-06-08,29.5,30.4,27.0,27.95,6509,,,
2009-06-09,26.55,27.4,26.5,27.4,7347,,,
2009-06-10,29.45,29.45,26.55,26.9,3248,,,
2009-06-11,27.0,27.65,25.5,27.15,2527,,,
2009-06-12,27.3,27.3,25.5,25.55,2632,,,
2009-06-15,24.85,26.95,24.55,24.8,2560,,,
2009-06-16,22.95,26.2,22.95,25.45,895,,,
2009-06-17,24.75,25.6,24.1,24.5,4913,,,
2009-06-18,24.5,24.5,22.05,22.75,5751,,,
2009-06-19,23.5,25.0,22.15,24.8,5859,,,
2009-06-22,24.75,25.7,23.6,24.1,1152,,,
2009-06-23,25.0,25.0,22.0,23.4,10491,,,
2009-06-24,24.25,25.7,23.25,25.4,2681,,,
2009-06-25,25.4,27.0,25.4,25.75,3466,,,
2009-06-26,25.5,25.9,24.5,25.2,2203,,,
2009-06-29,25.5,26.25,24.3,24.85,2097,,,
2009-06-30,24.55,25.0,23.5,24.05,3756,,,
2009-07-01,24.25,24.35,23.1,23.9,1777,,,
2009-07-02,24.25,25.25,23.75,24.0,1107,,,
2009-07-03,24.25,24.9,24.25,24.75,11,,,
2009-07-06,25.25,25.25,22.55,23.0,4468,,,
2009-07-07,24.0,24.0,22.0,23.05,1060,,,
2009-07-08,22.5,24.25,21.9,23.7,2286,,,
2009-07-09,27.45,27.45,22.5,22.9,2921,,,
2009-07-10,22.5,23.95,22.4,22.5,2096,,,
2009-07-13,22.5,23.5,22.5,22.5,5941,,,
2009-07-14,22.5,23.5,22.25,23.1,822,,,
2009-07-15,23.5,27.4,23.25,25.5,40330,,,
2009-07-16,27.4,30.5,26.0,26.3,15269,,,
2009-07-17,27.0,27.5,26.0,26.5,4477,,,
2009-07-20,26.6,27.25,26.4,27.0,2413,,,
2009-07-21,26.5,28.0,26.4,27.7,5622,,,
2009-07-22,28.0,28.0,27.0,27.5,6328,,,
2009-07-23,28.0,28.0,27.0,27.45,8909,,,
2009-07-24,26.6,27.5,25.5,25.55,19591,,,
2009-07-27,25.75,27.25,25.75,26.85,7424,,,
2009-07-28,25.65,27.4,25.65,26.75,7309,,,
2009-07-29,26.2,27.3,26.05,27.15,8728,,,
2009-07-30,26.1,27.75,26.1,27.25,2050,,,
2009-07-31,27.75,27.75,26.6,26.85,1415,,,
2009-08-03,26.5,29.85,26.5,29.3,6979,,,
2009-08-04,30.0,34.5,29.25,31.5,29152,,,
2009-08-05,32.4,32.4,30.0,30.65,2498,,,
2009-08-06,30.3,31.0,29.9,30.0,3546,,,
2009-08-07,29.25,30.05,28.75,28.85,2383,,,
2009-08-10,28.25,28.4,27.7,27.7,3399,,,
2009-08-11,28.75,28.75,27.5,28.45,2833,,,
2009-08-12,27.25,28.75,26.55,28.4,11865,,,
2009-08-13,29.25,33.05,28.4,32.0,44845,,,
2009-08-14,31.25,31.9,30.8,31.8,7164,,,
2009-08-17,31.25,31.25,30.0,30.05,4114,,,
2009-08-18,30.0,30.9,29.9,30.1,1116,,,
2009-08-19,29.1,30.9,29.1,30.6,2996,,,
2009-08-20,29.75,30.45,29.5,30.1,2805,,,
2009-08-21,29.05,31.45,29.05,30.7,7701,,,
2009-08-24,30.05,31.5,30.05,30.55,7687,,,
2009-08-25,30.25,33.25,30.25,31.9,23249,,,
2009-08-26,31.5,33.6,31.25,32.2,14951,,,
2009-08-27,32.5,32.5,31.3,31.45,1762,,,
2009-08-28,32.75,32.9,31.85,32.2,3315,,,
2009-08-31,31.25,32.5,31.25,31.75,1196,,,
2009-09-01,32.0,32.7,30.5,30.9,8662,,,
2009-09-02,31.0,31.9,30.6,30.8,1729,,,
2009-09-03,30.75,33.5,30.75,32.8,7467,,,
2009-09-04,33.0,33.95,31.5,31.75,4002,,,
2009-09-07,33.25,35.0,32.5,33.8,23500,,,
2009-09-08,34.4,37.45,34.4,36.65,36404,,,
2009-09-09,36.0,37.4,34.75,35.6,13918,,,
2009-09-10,35.0,42.75,34.6,39.3,611051,,,
2009-09-11,39.45,39.7,36.0,36.6,46786,,,
2009-09-14,36.45,38.25,35.05,36.45,37971,,,
2009-09-15,37.1,37.1,36.3,36.4,9779,,,
2009-09-16,36.5,37.1,36.0,36.4,26420,,,
2009-09-17,36.0,38.4,33.75,35.95,32960,,,
2009-09-18,36.25,36.6,34.25,34.85,17535,,,
2009-09-22,35.0,36.0,34.1,35.25,12501,,,
2009-09-23,35.9,36.0,34.05,34.3,11596,,,
2009-09-24,34.0,37.5,33.6,36.45,37210,,,
2009-09-25,36.0,36.5,34.5,35.15,9123,,,
2009-09-29,35.25,35.9,34.5,35.1,3481,,,
2009-09-30,34.8,36.0,34.8,35.45,6452,,,
2009-10-01,35.1,35.25,34.0,34.6,5284,,,
2009-10-05,34.6,35.35,33.25,33.65,6978,,,
2009-10-06,35.9,35.9,32.15,32.45,2976,,,
2009-10-07,34.5,34.5,32.25,32.6,7068,,,
2009-10-08,33.75,34.25,32.25,33.15,1921,,,
2009-10-09,33.1,34.75,32.5,33.75,13556,,,
2009-10-12,33.25,34.5,33.05,34.0,5368,,,
2009-10-14,33.25,34.45,33.05,34.2,1533,,,
2009-10-15,33.5,34.4,33.25,34.0,3801,,,
2009-10-16,34.5,38.0,34.5,37.15,18410,,,
2009-10-17,37.5,37.5,36.05,36.5,4567,,,
2009-10-20,37.0,39.0,36.8,37.5,15573,,,
2009-10-21,37.0,37.2,35.0,35.75,2846,,,
2009-10-22,35.9,36.0,34.5,34.9,1192,,,
2009-10-23,35.0,36.2,35.0,35.5,2011,,,
2009-10-26,35.75,35.75,33.3,34.2,1125,,,
2009-10-27,33.0,36.5,32.0,34.25,1578,,,
2009-10-28,34.0,35.45,31.3,33.9,3291,,,
2009-10-29,33.75,34.35,32.55,33.5,3492,,,
2009-10-30,32.5,34.6,32.5,33.05,1672,,,
2009-11-03,32.55,33.0,31.75,32.6,2642,,,
2009-11-04,32.0,33.45,32.0,32.5,4081,,,
2009-11-05,32.85,34.4,32.55,33.9,1836,,,
2009-11-06,33.5,34.0,33.0,33.0,2116,,,
2009-11-09,33.5,33.9,32.5,32.75,811,,,
2009-11-10,32.5,34.0,32.5,33.25,634,,,
2009-11-11,33.0,33.5,32.5,33.25,3920,,,
2009-11-12,34.0,34.5,33.5,34.0,2139,,,
2009-11-13,33.5,34.4,33.25,33.5,1031,,,
2009-11-16,33.5,34.5,33.5,33.7,1917,,,
2009-11-17,33.5,35.0,33.15,34.75,10495,,,
2009-11-18,36.4,36.4,34.6,35.7,6755,,,
2009-11-19,35.5,36.35,34.5,34.75,3638,,,
2009-11-20,35.0,36.0,35.0,35.5,7175,,,
2009-11-23,38.8,38.8,35.5,35.8,13353,,,
2009-11-24,36.0,36.0,34.6,34.75,739,,,
2009-11-25,34.6,35.0,33.75,34.1,2664,,,
2009-11-26,34.05,35.0,34.05,34.2,1928,,,
2009-11-27,33.15,35.0,33.15,34.6,1512,,,
2009-11-30,33.75,35.25,33.75,34.75,2526,,,
2009-12-01,35.0,35.0,34.25,34.75,1001,,,
2009-12-02,35.0,35.0,34.0,34.6,3009,,,
2009-12-03,35.0,35.5,34.5,34.55,1903,,,
2009-12-04,34.75,35.5,34.55,35.1,1365,,,
2009-12-07,35.0,35.0,34.5,34.5,806,,,
2009-12-08,34.25,35.0,34.25,34.5,1656,,,
2009-12-09,34.5,36.0,34.5,35.95,5547,,,
2009-12-10,36.2,36.5,34.75,35.1,6032,,,
2009-12-11,34.6,35.5,34.25,34.6,940,,,
2009-12-14,34.5,35.0,34.5,35.0,225,,,
2009-12-15,34.8,35.0,34.8,34.95,2205,,,
2009-12-16,35.0,39.0,35.0,36.7,10419,,,
2009-12-17,36.6,37.5,35.75,36.0,11343,,,
2009-12-18,36.25,38.95,36.25,37.25,10190,,,
2009-12-21,37.35,39.3,37.25,38.7,6611,,,
2009-12-22,41.3,46.45,39.3,42.7,164476,,,
2009-12-23,42.0,43.3,40.65,40.9,27405,,,
2009-12-24,41.9,43.7,39.5,42.9,30489,,,
2009-12-29,43.0,45.0,42.0,42.5,10869,,,
2009-12-30,42.0,51.0,41.25,50.4,175737,,,
2009-12-31,51.95,52.5,46.5,47.5,154379,,,
2010-01-04,48.5,57.0,48.5,55.8,258567,,,
2010-01-05,59.5,60.8,55.0,56.1,641404,,,
2010-01-06,56.65,56.65,53.5,54.3,65337,,,
2010-01-07,54.5,56.5,53.1,53.9,55227,,,
2010-01-08,54.0,56.0,48.5,48.7,98323,,,
2010-01-11,49.95,51.0,46.25,47.65,176213,,,
2010-01-12,48.25,49.0,46.25,46.6,51490,,,
2010-01-13,44.3,46.9,44.3,46.45,20951,,,
2010-01-14,47.9,48.0,46.0,46.6,14802,,,
2010-01-15,47.2,47.2,45.1,45.4,16684,,,
2010-01-18,45.75,49.5,45.75,48.4,61732,,,
2010-01-19,49.0,51.5,49.0,49.7,52489,,,
2010-01-20,50.5,51.0,49.25,49.6,22186,,,
2010-01-21,49.0,50.0,47.75,48.3,19139,,,
2010-01-22,46.0,47.95,45.5,46.8,11127,,,
2010-01-25,47.0,49.2,47.0,48.75,19203,,,
2010-01-27,47.6,48.7,44.0,44.1,20928,,,
2010-01-28,45.5,45.5,43.55,44.1,9069,,,
2010-01-29,44.0,45.9,42.5,45.25,10938,,,
2010-02-01,44.0,48.5,44.0,46.5,15177,,,
2010-02-02,47.75,47.75,45.0,45.1,9967,,,
2010-02-03,46.5,46.5,45.05,45.5,5781,,,
2010-02-04,45.05,45.75,44.05,44.25,3965,,,
2010-02-05,43.25,43.5,41.0,42.1,9827,,,
2010-02-06,41.15,42.5,41.15,42.35,527,,,
2010-02-08,42.0,42.8,41.1,42.55,2775,,,
2010-02-09,42.0,44.0,41.25,41.5,5507,,,
2010-02-10,41.75,43.0,41.5,41.75,4061,,,
2010-02-11,41.75,43.5,41.0,43.0,4093,,,
2010-02-15,41.5,43.7,41.35,41.75,4102,,,
2010-02-16,42.0,42.0,40.75,41.1,2702,,,
2010-02-17,41.3,44.0,41.3,42.3,18027,,,
2010-02-18,41.75,43.0,41.6,41.95,3465,,,
2010-02-19,41.5,41.95,41.0,41.5,1966,,,
2010-02-22,41.5,42.25,38.75,39.2,11197,,,
2010-02-23,39.5,41.0,39.0,39.2,3501,,,
2010-02-24,39.0,39.55,39.0,39.25,2231,,,
2010-02-25,39.25,39.25,38.0,38.25,7042,,,
2010-02-26,38.0,38.5,37.5,37.7,3878,,,
2010-03-02,38.0,39.5,37.75,39.3,3039,,,
2010-03-03,40.0,40.2,39.4,39.6,11203,,,
2010-03-04,39.5,39.6,39.0,39.55,2706,,,
2010-03-05,40.0,40.45,38.6,39.0,5536,,,
2010-03-08,40.25,40.25,39.25,39.3,3569,,,
2010-03-09,38.75,40.0,38.3,39.4,2468,,,
2010-03-10,39.9,39.9,38.75,39.15,4697,,,
2010-03-11,40.0,40.0,38.5,38.8,87044,,,
2010-03-12,39.25,41.0,39.25,40.0,7769,,,
2010-03-15,40.25,40.25,38.15,38.7,5807,,,
2010-03-16,41.5,41.5,38.85,39.5,4434,,,
2010-03-17,38.5,40.9,38.5,39.65,9135,,,
2010-03-18,39.5,39.5,38.3,38.55,6767,,,
2010-03-19,38.75,39.0,37.5,37.5,2930,,,
2010-03-22,37.75,38.25,37.1,37.4,4175,,,
2010-03-23,37.75,37.9,37.0,37.05,1411,,,
2010-03-25,37.7,37.7,36.25,36.75,5966,,,
2010-03-26,37.0,38.0,36.8,37.45,17924,,,
2010-03-29,37.5,38.25,37.5,38.0,3035,,,
2010-03-30,38.0,38.6,37.4,37.45,3431,,,
2010-03-31,38.25,38.5,37.35,37.9,1765,,,
2010-04-01,39.0,39.25,38.0,38.7,2822,,,
2010-04-05,38.75,39.9,38.75,38.85,4849,,,
2010-04-06,40.0,40.0,38.75,38.8,4462,,,
2010-04-07,39.25,39.7,38.8,39.15,1897,,,
2010-04-08,38.75,46.55,38.6,45.1,124388,,,
2010-04-09,46.6,49.65,45.6,48.2,243195,,,
2010-04-12,48.2,48.2,44.85,45.6,27410,,,
2010-04-13,46.25,46.5,43.5,43.9,9618,,,
2010-04-15,44.5,44.9,42.6,43.3,5940,,,
2010-04-16,42.0,44.95,42.0,42.5,29548,,,
2010-04-19,43.0,46.25,42.55,44.15,62738,,,
2010-04-20,44.5,52.0,44.5,50.2,221606,,,
2010-04-21,50.5,52.35,49.0,49.55,170101,,,
2010-04-22,49.75,51.0,48.0,48.8,28924,,,
2010-04-23,48.05,50.65,48.05,48.8,67687,,,
2010-04-26,49.45,50.5,49.0,49.65,26657,,,
2010-04-27,50.1,57.3,45.7,53.7,542536,,,
2010-04-28,53.0,53.7,48.1,48.6,192103,,,
2010-04-29,49.2,49.9,48.15,49.1,46820,,,
2010-04-30,49.5,51.9,48.6,49.35,70147,,,
2010-05-03,49.4,49.4,47.35,47.9,17862,,,
2010-05-04,48.5,49.25,45.8,46.0,35318,,,
2010-05-05,44.5,46.0,44.15,45.0,11982,,,
2010-05-06,44.5,46.65,44.5,45.4,10697,,,
2010-05-07,43.2,44.9,42.05,42.4,12213,,,
2010-05-10,43.0,43.5,41.75,42.9,17166,,,
2010-05-11,43.3,43.9,41.6,42.1,10065,,,
2010-05-12,41.8,43.25,41.8,42.1,6806,,,
2010-05-13,41.6,42.7,41.6,41.95,5484,,,
2010-05-14,42.5,42.5,40.25,40.75,4047,,,
2010-05-17,38.75,40.15,38.65,39.95,4056,,,
2010-05-18,39.5,40.75,38.6,39.95,4056,,,
2010-05-19,39.25,40.35,39.05,39.45,4139,,,
2010-05-20,39.0,40.5,39.0,40.0,10717,,,
2010-05-21,36.7,39.65,36.7,38.6,4834,,,
2010-05-24,39.5,42.0,37.0,37.8,5475,,,
2010-05-25,37.5,38.4,37.05,37.55,2957,,,
2010-05-26,37.0,38.0,37.0,37.45,3452,,,
2010-05-27,37.0,39.0,36.75,37.2,6208,,,
2010-05-28,37.0,38.75,37.0,38.4,1980,,,
2010-05-31,38.4,45.6,38.25,41.75,50737,,,
2010-06-01,41.25,43.9,41.1,41.4,15468,,,
2010-06-02,42.5,44.0,41.6,43.4,15470,,,
2010-06-03,43.75,44.25,43.25,43.6,7695,,,
2010-06-04,43.35,43.4,42.05,42.7,5280,,,
2010-06-07,39.0,42.0,39.0,41.4,1506,,,
2010-06-08,41.4,42.25,40.15,40.3,4525,,,
2010-06-09,41.1,41.1,39.25,39.9,4059,,,
2010-06-10,40.9,40.9,39.75,40.0,2377,,,
2010-06-11,41.5,42.0,40.0,40.5,6994,,,
2010-06-14,41.25,41.5,40.3,40.5,4259,,,
2010-06-15,41.0,41.7,40.7,41.3,1019,,,
2010-06-16,41.75,42.5,41.1,41.75,5057,,,
2010-06-17,42.25,42.25,41.0,41.15,675,,,
2010-06-18,41.0,42.0,40.5,41.1,564,,,
2010-06-21,42.35,42.75,41.4,41.65,4156,,,
2010-06-22,41.5,48.35,40.55,45.6,149058,,,
2010-06-23,45.45,52.0,44.5,50.5,226360,,,
2010-06-24,52.4,57.7,50.75,56.85,968933,,,
2010-06-25,57.35,59.1,54.1,55.25,449592,,,
2010-06-28,54.2,60.25,54.2,59.8,215619,,,
2010-06-29,59.95,60.4,53.8,54.05,255419,,,
2010-06-30,52.1,56.95,52.1,55.85,81044,,,
2010-07-01,55.9,57.45,55.0,56.4,84860,,,
2010-07-02,56.5,58.5,54.2,54.5,106326,,,
2010-07-05,55.0,57.0,55.0,56.1,14834,,,
2010-07-06,55.5,57.7,55.1,55.6,58282,,,
2010-07-07,55.95,57.3,55.0,55.1,20557,,,
2010-07-08,56.0,56.6,54.2,55.1,18108,,,
2010-07-09,55.1,58.9,55.1,57.15,123882,,,
2010-07-12,57.25,59.5,57.25,59.0,132389,,,
2010-07-13,59.5,62.1,59.4,59.9,181603,,,
2010-07-14,61.0,61.15,58.5,59.7,41451,,,
2010-07-15,60.6,62.5,60.6,61.0,231779,,,
2010-07-16,61.8,62.3,60.75,61.1,85363,,,
2010-07-19,61.6,61.95,60.25,61.05,51496,,,
2010-07-20,61.7,62.4,60.8,61.7,171241,,,
2010-07-21,62.4,63.75,62.1,62.85,234317,,,
2010-07-22,63.5,65.25,62.5,63.9,236607,,,
2010-07-23,64.5,65.75,63.5,64.6,204418,,,
2010-07-26,65.9,66.25,64.25,66.0,137999,,,
2010-07-27,66.45,69.5,65.65,68.65,182731,,,
2010-07-28,69.2,69.2,64.25,65.0,59498,,,
2010-07-29,63.7,65.25,62.55,63.95,57334,,,
2010-07-30,64.45,65.95,63.0,65.2,19434,,,
2010-08-02,66.0,66.7,64.55,64.9,15964,,,
2010-08-03,65.45,65.45,63.5,64.3,11366,,,
2010-08-04,63.0,64.9,61.75,63.5,14489,,,
2010-08-05,62.0,64.2,62.0,63.5,22990,,,
2010-08-06,64.0,68.45,62.1,67.6,126720,,,
2010-08-09,68.45,70.0,68.0,68.65,66781,,,
2010-08-10,70.05,71.0,68.65,70.0,59007,,,
2010-08-11,70.9,71.0,69.0,69.0,16047,,,
2010-08-12,68.5,69.5,67.5,68.2,8286,,,
2010-08-13,68.0,73.5,67.75,70.5,188093,,,
2010-08-16,71.45,71.95,68.0,68.5,39550,,,
2010-08-17,68.3,69.9,66.6,66.85,24020,,,
2010-08-18,66.95,68.75,65.5,66.8,20872,,,
2010-08-19,66.0,68.25,65.6,66.85,23752,,,
2010-08-20,67.4,67.4,65.7,65.75,13640,,,
2010-08-23,66.7,72.3,66.7,69.35,228494,,,
2010-08-24,68.75,72.0,68.05,69.5,49687,,,
2010-08-25,70.5,71.0,66.5,67.2,21342,,,
2010-08-26,68.4,68.4,66.1,66.55,11243,,,
2010-08-27,66.5,67.5,64.9,65.0,23181,,,
2010-08-30,66.0,67.3,65.0,65.4,9748,,,
2010-08-31,64.5,66.85,62.0,65.4,22203,,,
2010-09-01,65.3,68.4,65.3,67.6,34378,,,
2010-09-02,68.5,70.0,67.45,68.2,62192,,,
2010-09-03,68.25,69.25,67.3,67.8,28061,,,
2010-09-06,69.0,69.35,65.95,68.5,13236,,,
2010-09-07,69.9,71.0,67.25,69.15,58682,,,
2010-09-08,68.95,70.2,67.6,68.0,25764,,,
2010-09-09,67.85,68.8,66.6,68.2,11589,,,
2010-09-13,68.5,69.2,68.45,68.8,13954,,,
2010-09-14,69.2,69.9,66.5,67.3,15416,,,
2010-09-15,67.75,71.65,67.75,70.2,141889,,,
2010-09-16,70.0,71.5,70.0,70.7,28010,,,
2010-09-17,70.95,72.95,70.05,71.7,48563,,,
2010-09-20,71.95,72.25,70.1,70.75,21277,,,
2010-09-21,70.5,73.9,69.45,70.5,424147,,,
2010-09-22,70.35,71.85,69.75,70.65,58479,,,
2010-09-23,71.7,73.45,70.05,72.8,126871,,,
2010-09-24,73.5,73.85,70.15,70.8,93187,,,
2010-09-27,70.75,72.0,70.75,71.5,20152,,,
2010-09-28,71.0,72.5,71.0,72.0,16390,,,
2010-09-29,71.3,72.85,71.3,72.3,45143,,,
2010-09-30,71.5,72.2,69.0,70.15,6011,,,
2010-10-01,70.5,75.35,70.5,73.9,117382,,,
2010-10-04,73.0,78.0,73.0,74.85,92636,,,
2010-10-05,73.5,78.75,71.4,73.15,483091,,,
2010-10-06,74.5,75.4,71.75,72.1,63633,,,
2010-10-07,72.6,75.5,71.3,71.8,81269,,,
2010-10-08,72.3,73.0,70.55,72.6,45063,,,
2010-10-11,73.4,73.85,70.8,71.9,115876,,,
2010-10-12,72.45,72.9,70.9,71.7,24411,,,
2010-10-13,72.0,72.0,70.9,71.1,9824,,,
2010-10-14,71.75,71.75,68.15,69.8,13498,,,
2010-10-15,70.0,71.4,67.65,69.8,20082,,,
2010-10-18,70.3,70.95,68.65,69.65,12119,,,
2010-10-19,70.5,71.25,69.5,70.8,31004,,,
2010-10-20,71.0,73.4,70.5,71.4,57583,,,
2010-10-21,72.5,72.6,71.05,71.7,40289,,,
2010-10-22,72.5,74.75,72.05,73.2,50755,,,
2010-10-25,73.0,77.2,73.0,76.5,167552,,,
2010-10-26,77.5,79.0,75.6,76.4,83151,,,
2010-10-27,76.8,77.0,74.3,74.7,33469,,,
2010-10-28,73.05,75.7,73.05,74.3,42117,,,
2010-10-29,75.0,75.0,71.5,72.4,32707,,,
2010-11-01,72.5,74.3,71.6,72.35,49737,,,
2010-11-02,72.0,73.95,71.5,72.3,26782,,,
2010-11-03,71.5,74.0,71.5,73.1,32513,,,
2010-11-04,73.45,74.95,71.5,72.6,29004,,,
2010-11-05,74.45,74.9,73.25,74.1,36053,,,
2010-11-08,74.0,75.5,72.6,73.6,9568,,,
2010-11-09,73.7,74.2,72.65,73.4,30962,,,
2010-11-10,72.1,73.9,71.55,72.0,12899,,,
2010-11-11,72.1,74.95,70.1,71.9,90332,,,
2010-11-12,71.55,73.0,70.1,71.25,14312,,,
2010-11-15,71.5,72.35,69.6,70.4,8871,,,
2010-11-16,70.2,71.9,66.5,67.8,44378,,,
2010-11-18,69.0,69.75,66.5,67.8,35329,,,
2010-11-19,67.05,68.9,62.65,64.55,78272,,,
2010-11-22,67.4,70.0,64.1,68.9,63420,,,
2010-11-23,69.45,69.5,62.4,66.7,146408,,,
2010-11-24,65.3,67.4,64.7,65.35,2051,,,
2010-11-25,66.45,67.0,65.0,66.8,14308,,,
2010-11-26,65.2,65.2,55.65,61.0,128365,,,
2010-11-29,60.9,60.9,57.5,57.75,8527,,,
2010-11-30,59.4,59.7,55.7,59.55,45262,,,
2010-12-01,59.55,61.5,59.0,61.1,22876,,,
2010-12-02,62.3,62.3,60.5,61.6,26772,,,
2010-12-03,61.0,69.95,56.0,60.9,17218,,,
2010-12-06,59.6,62.0,59.6,59.9,8524,,,
2010-12-07,60.0,61.5,55.95,56.4,15182,,,
2010-12-08,57.5,57.5,54.0,56.4,9282,,,
2010-12-09,55.0,57.0,52.0,54.8,16086,,,
2010-12-10,52.5,58.5,43.9,43.9,194194,,,
2010-12-13,44.5,48.7,43.05,47.95,172593,,,
2010-12-14,49.9,51.3,47.6,50.95,86200,,,
2010-12-15,51.7,51.9,49.3,50.0,31196,,,
2010-12-16,51.0,51.0,49.3,49.8,4175,,,
2010-12-20,50.5,51.25,48.5,50.1,26333,,,
2010-12-21,50.0,55.7,50.0,54.2,180511,,,
2010-12-22,54.5,65.1,53.75,58.05,223056,,,
2010-12-23,57.6,59.95,56.65,57.15,47744,,,
2010-12-24,56.3,58.0,56.3,57.8,18204,,,
2010-12-27,58.0,58.0,55.6,56.1,11988,,,
2010-12-28,55.0,57.0,54.05,54.6,10274,,,
2010-12-29,51.7,56.7,51.7,55.3,6075,,,
2010-12-30,56.0,56.0,53.25,53.9,9918,,,
2010-12-31,54.0,55.75,53.0,55.1,38097,,,
2011-01-03,56.2,57.2,55.0,56.15,47924,,,
2011-01-04,56.95,56.95,55.25,56.1,51849,,,
2011-01-05,56.5,57.0,55.5,55.7,41105,,,
2011-01-06,57.2,57.7,56.1,56.8,57993,,,
2011-01-07,57.45,57.45,53.5,54.5,56585,,,
2011-01-10,56.0,56.0,51.0,52.5,25910,,,
2011-01-11,51.1,55.2,51.1,51.9,39061,,,
2011-01-12,52.5,53.5,49.5,50.75,30405,,,
2011-01-13,51.1,51.95,50.55,51.25,24008,,,
2011-01-14,51.0,52.25,49.5,50.9,23545,,,
2011-01-17,49.5,51.3,47.5,49.5,20903,,,
2011-01-18,52.3,52.3,49.0,50.0,20777,,,
2011-01-19,50.2,51.5,50.1,50.6,20486,,,
2011-01-20,50.7,52.2,50.0,51.55,34779,,,
2011-01-21,53.0,57.0,50.0,52.4,156816,,,
2011-01-24,53.2,53.2,51.5,51.8,25283,,,
2011-01-25,51.8,52.1,50.75,51.3,9378,,,
2011-01-27,51.5,55.5,50.1,51.25,61206,,,
2011-01-28,52.0,52.0,48.1,48.45,10313,,,
2011-01-31,47.0,48.5,46.1,47.3,15946,,,
2011-02-01,47.95,48.25,46.15,46.8,8085,,,
2011-02-02,47.0,50.5,46.75,48.1,6913,,,
2011-02-03,48.0,48.25,46.6,48.0,7023,,,
2011-02-04,48.25,49.9,46.2,46.8,5872,,,
2011-02-07,46.2,48.45,45.1,45.7,3839,,,
2011-02-08,45.5,46.3,41.1,42.3,7457,,,
2011-02-09,42.25,43.95,42.0,42.6,9239,,,
2011-02-10,42.6,44.95,39.6,42.5,7549,,,
2011-02-11,42.1,43.0,41.5,42.75,4292,,,
2011-02-14,43.5,45.5,43.5,44.9,6455,,,
2011-02-15,44.9,46.4,44.0,45.8,2804,,,
2011-02-16,45.5,47.5,45.3,46.85,14039,,,
2011-02-17,48.5,48.5,46.1,47.65,13178,,,
2011-02-18,45.5,48.5,45.0,45.65,2975,,,
2011-02-21,46.0,46.9,45.55,45.9,21878,,,
2011-02-22,45.1,47.0,44.5,46.1,6313,,,
2011-02-23,45.75,46.2,44.5,44.5,2682,,,
2011-02-24,45.3,45.5,42.75,43.4,5068,,,
2011-02-25,42.9,45.0,42.75,43.85,21849,,,
2011-02-28,44.85,44.85,42.1,42.6,12218,,,
2011-03-01,43.0,45.5,42.5,44.7,6102,,,
2011-03-03,44.5,45.3,44.25,44.45,1374,,,
2011-03-04,44.1,44.5,42.7,43.05,2833,,,
2011-03-07,43.25,43.25,41.5,42.0,21020,,,
2011-03-08,42.4,44.5,41.3,44.1,64691,,,
2011-03-09,47.5,50.0,46.0,46.4,11302,,,
2011-03-10,45.1,46.9,44.6,44.75,3800,,,
2011-03-11,44.5,46.35,43.5,44.3,13639,,,
2011-03-14,45.5,45.5,41.0,43.5,2273,,,
2011-03-15,43.9,44.25,43.0,43.25,1491,,,
2011-03-16,43.0,44.5,42.25,42.9,3472,,,
2011-03-17,42.6,45.0,42.1,42.2,8722,,,
2011-03-18,42.25,42.25,41.5,41.9,6643,,,
2011-03-21,41.5,42.4,41.0,42.0,2927,,,
2011-03-22,42.5,42.95,41.75,42.4,1917,,,
2011-03-23,42.0,43.5,42.0,43.0,5427,,,
2011-03-24,42.5,42.65,42.0,42.45,3453,,,
2011-03-25,42.95,43.15,42.5,42.75,8569,,,
2011-03-28,42.85,42.9,41.6,41.75,5146,,,
2011-03-29,42.1,44.0,41.75,42.5,8919,,,
2011-03-30,42.1,43.2,41.8,42.25,7263,,,
2011-03-31,43.0,43.05,42.0,42.25,20801,,,
2011-04-01,43.5,44.75,42.2,44.5,21418,,,
2011-04-04,44.0,46.75,43.5,46.4,8141,,,
2011-04-05,46.5,48.0,46.25,46.6,5271,,,
2011-04-06,46.7,48.5,46.45,48.05,12096,,,
2011-04-07,48.0,51.7,47.2,50.0,55281,,,
2011-04-08,51.5,52.0,49.25,49.6,33259,,,
2011-04-11,49.05,51.65,49.05,49.65,2941,,,
2011-04-13,49.55,51.0,49.55,49.7,4341,,,
2011-04-15,49.15,50.0,47.0,47.9,11865,,,
2011-04-18,51.0,51.0,46.5,47.4,6663,,,
2011-04-19,46.5,47.25,46.0,46.6,1047,,,
2011-04-20,47.0,48.0,42.8,46.1,15357,,,
2011-04-21,47.0,48.5,46.55,47.9,4699,,,
2011-04-25,48.4,49.75,48.4,49.05,7550,,,
2011-04-26,51.5,52.5,50.25,50.5,46261,,,
2011-04-27,50.55,50.55,49.6,49.7,12552,,,
2011-04-28,50.5,51.4,49.5,50.0,8428,,,
2011-04-29,50.0,50.0,47.5,47.8,9217,,,
2011-05-02,49.5,50.05,47.65,49.1,6100,,,
2011-05-03,49.1,49.4,48.05,48.5,7250,,,
2011-05-04,47.75,48.7,47.7,47.9,3159,,,
2011-05-05,48.5,49.2,47.9,48.1,8074,,,
2011-05-06,51.35,51.35,47.0,48.3,14725,,,
2011-05-09,48.85,49.0,47.25,47.7,2350,,,
2011-05-10,50.0,50.0,47.0,47.15,17596,,,
2011-05-11,48.95,49.0,43.5,44.75,10327,,,
2011-05-12,45.95,46.25,45.1,45.9,44315,,,
2011-05-13,45.9,47.0,45.75,45.9,11869,,,
2011-05-16,46.0,46.7,45.5,45.95,5477,,,
2011-05-17,45.5,45.55,44.15,44.6,4987,,,
2011-05-18,45.0,45.0,43.0,43.7,42092,,,
2011-05-19,46.5,46.5,43.15,43.4,7533,,,
2011-05-20,44.0,45.75,43.9,44.75,8626,,,
2011-05-23,45.1,45.85,43.0,43.65,13838,,,
2011-05-24,43.65,45.5,42.9,43.7,10672,,,
2011-05-25,43.0,43.8,43.0,43.15,811,,,
2011-05-26,43.0,43.7,42.5,43.4,6381,,,
2011-05-27,43.9,43.9,42.5,43.25,2940,,,
2011-05-30,44.2,44.2,42.5,42.8,1867,,,
2011-05-31,43.5,45.0,43.1,44.45,7756,,,
2011-06-01,45.5,45.5,43.75,44.6,5934,,,
2011-06-02,44.1,45.5,43.5,43.85,11099,,,
2011-06-03,43.5,45.0,43.5,44.25,2006,,,
2011-06-06,44.25,44.25,42.1,42.6,5083,,,
2011-06-07,43.1,43.7,42.6,43.35,1257,,,
2011-06-08,43.0,43.5,42.25,42.4,41558,,,
2011-06-09,42.7,44.0,41.5,41.7,26642,,,
2011-06-10,41.75,43.5,41.6,42.25,12255,,,
2011-06-13,42.25,42.5,40.9,41.45,12090,,,
2011-06-14,41.5,41.9,41.15,41.35,3414,,,
2011-06-15,41.35,41.5,40.1,40.75,4795,,,
2011-06-16,40.5,41.5,40.5,41.35,15792,,,
2011-06-17,41.25,41.5,40.1,40.5,23075,,,
2011-06-20,40.3,41.0,40.0,40.15,3611,,,
2011-06-21,40.5,41.25,40.25,40.5,1426,,,
2011-06-22,40.5,40.5,39.5,39.85,741,,,
2011-06-23,39.5,40.5,38.75,39.3,3028,,,
2011-06-24,39.5,40.5,39.0,39.9,2004,,,
2011-06-27,40.0,40.5,38.55,40.1,6164,,,
2011-06-28,40.25,41.0,39.3,40.65,15211,,,
2011-06-29,40.75,41.0,39.6,39.9,2425,,,
2011-06-30,40.25,40.25,39.5,39.75,2093,,,
2011-07-01,39.9,40.0,39.25,39.7,1839,,,
2011-07-04,43.35,43.35,40.0,41.5,8282,,,
2011-07-05,41.7,43.2,40.65,42.45,53803,,,
2011-07-06,42.5,42.5,41.6,42.0,5545,,,
2011-07-07,42.0,42.15,41.05,41.95,4123,,,
2011-07-08,42.3,42.3,41.0,41.9,5473,,,
2011-07-11,40.5,42.1,40.5,41.4,2460,,,
2011-07-12,41.0,42.0,41.0,41.65,1776,,,
2011-07-13,41.5,42.0,41.0,41.5,2736,,,
2011-07-14,42.5,42.5,41.0,41.5,4427,,,
2011-07-15,41.95,42.0,41.5,41.75,2018,,,
2011-07-18,41.5,42.45,41.5,42.0,5535,,,
2011-07-19,42.9,43.45,41.05,43.25,8809,,,
2011-07-20,43.9,45.5,42.6,42.75,43175,,,
2011-07-21,44.5,44.5,42.75,43.1,6844,,,
2011-07-22,43.2,44.0,42.55,43.2,35565,,,
2011-07-25,44.5,45.0,43.5,44.2,10264,,,
2011-07-26,44.2,44.25,42.2,43.15,5389,,,
2011-07-27,42.6,44.25,42.6,43.0,14664,,,
2011-07-28,43.45,43.45,41.7,42.3,7508,,,
2011-07-29,42.3,43.5,42.0,42.5,6925,,,
2011-08-01,43.75,44.25,42.5,43.5,51488,,,
2011-08-02,43.7,45.5,42.6,44.25,52269,,,
2011-08-03,45.7,46.0,43.25,45.4,87045,,,
2011-08-04,44.6,46.0,44.0,44.1,14215,,,
2011-08-05,42.5,44.25,38.5,43.4,19393,,,
2011-08-08,41.1,43.0,41.0,41.15,7239,,,
2011-08-09,39.75,41.75,39.55,40.5,8915,,,
2011-08-10,41.0,47.5,40.6,46.1,38089,,,
2011-08-11,48.0,48.0,43.25,44.2,41903,,,
2011-08-12,45.0,46.0,43.6,44.25,31497,,,
2011-08-16,45.5,45.5,43.5,43.75,5549,,,
2011-08-17,42.5,45.5,42.5,43.75,10008,,,
2011-08-18,43.0,44.9,42.25,42.7,10396,,,
2011-08-19,41.0,45.0,40.6,43.65,33139,,,
2011-08-22,44.0,44.75,43.0,44.3,3024,,,
2011-08-23,45.5,45.5,43.2,44.25,14271,,,
2011-08-24,43.75,44.75,41.5,42.8,5110,,,
2011-08-25,43.1,43.65,41.75,42.4,5810,,,
2011-08-26,42.75,44.0,40.5,40.95,8259,,,
2011-08-29,43.6,44.5,41.25,43.2,8718,,,
2011-08-30,38.65,46.9,38.65,45.9,41446,,,
2011-09-02,47.25,47.25,44.5,44.6,4266,,,
2011-09-05,43.5,44.85,42.8,43.55,7556,,,
2011-09-06,43.75,45.0,43.6,44.5,6546,,,
2011-09-07,43.7,45.5,43.5,44.0,20544,,,
2011-09-08,44.45,45.0,43.0,43.4,25207,,,
2011-09-09,43.5,44.1,42.75,42.95,10629,,,
2011-09-12,42.5,43.0,42.0,42.8,2551,,,
2011-09-13,43.7,43.95,42.75,42.8,4762,,,
2011-09-14,42.55,46.25,42.5,43.85,75590,,,
2011-09-15,43.6,44.9,43.5,44.0,17792,,,
2011-09-16,43.5,44.95,43.5,44.15,6958,,,
2011-09-19,43.05,44.65,43.05,44.25,4495,,,
2011-09-20,44.4,45.0,43.25,43.8,12952,,,
2011-09-21,44.25,45.7,43.9,44.15,28560,,,
2011-09-22,41.9,44.1,41.9,42.5,8597,,,
2011-09-23,43.1,43.1,41.5,41.6,6446,,,
2011-09-26,41.25,42.95,40.1,41.65,8449,,,
2011-09-27,41.95,42.75,41.3,41.9,11029,,,
2011-09-28,42.45,42.45,40.75,41.0,2669,,,
2011-09-29,41.45,43.5,40.75,42.7,5663,,,
2011-09-30,42.0,43.0,41.75,41.95,1474,,,
2011-10-03,41.0,42.5,41.0,41.3,419,,,
2011-10-04,40.5,41.9,39.75,40.25,3015,,,
2011-10-05,40.05,41.85,40.05,40.55,1684,,,
2011-10-07,41.0,42.2,41.0,41.25,1750,,,
2011-10-10,41.1,42.75,41.05,42.1,5498,,,
2011-10-11,41.6,43.25,41.4,41.8,10424,,,
2011-10-12,42.2,47.0,41.25,43.45,6710,,,
2011-10-13,44.25,44.25,41.85,42.15,1809,,,
2011-10-14,42.5,43.8,41.75,43.15,1890,,,
2011-10-17,43.5,43.5,41.8,42.0,6404,,,
2011-10-18,41.5,42.4,41.0,41.4,14447,,,
2011-10-19,42.7,43.85,41.95,42.2,3737,,,
2011-10-20,41.75,42.0,41.25,41.5,1527,,,
2011-10-21,42.0,42.7,41.7,41.75,4314,,,
2011-10-24,42.4,42.6,41.35,41.6,4747,,,
2011-10-25,41.75,43.4,40.9,42.25,48418,,,
2011-10-26,42.5,43.15,41.5,42.65,2360,,,
2011-10-28,42.6,43.1,41.8,42.0,1759,,,
2011-10-31,42.0,42.9,42.0,42.4,1174,,,
2011-11-01,42.0,42.25,41.5,41.5,486,,,
2011-11-02,42.45,42.9,41.65,42.15,1903,,,
2011-11-03,42.15,42.4,41.5,41.7,5572,,,
2011-11-04,41.8,43.0,41.8,42.65,1574,,,
2011-11-08,42.0,46.0,42.0,43.45,13208,,,
2011-11-09,43.25,43.9,42.9,43.35,8828,,,
2011-11-11,45.2,45.2,43.65,44.0,11950,,,
2011-11-14,44.5,45.0,43.75,43.75,3909,,,
2011-11-15,43.5,44.2,41.55,41.8,15805,,,
2011-11-16,41.3,43.4,41.3,42.9,6881,,,
2011-11-17,42.5,43.75,41.6,41.8,6162,,,
2011-11-18,41.25,42.4,40.5,42.0,14856,,,
2011-11-21,42.0,42.0,41.0,41.2,3132,,,
2011-11-22,44.1,44.1,40.6,41.55,3356,,,
2011-11-23,40.5,42.85,40.5,41.0,5082,,,
2011-11-24,40.6,42.0,40.5,41.65,4621,,,
2011-11-25,42.0,43.4,41.15,41.5,6203,,,
2011-11-28,43.0,44.5,42.1,43.8,6222,,,
2011-11-29,43.5,44.45,40.9,41.75,9775,,,
2011-11-30,42.5,42.5,41.5,42.0,1964,,,
2011-12-01,42.55,43.0,41.9,42.15,6605,,,
2011-12-02,42.0,43.5,41.75,42.75,4606,,,
2011-12-05,43.0,43.4,42.55,43.2,3652,,,
2011-12-07,43.0,43.5,42.5,43.25,5786,,,
2011-12-08,43.7,43.7,41.25,41.4,19343,,,
2011-12-09,40.8,42.35,40.8,41.8,3022,,,
2011-12-12,42.75,43.0,41.3,42.1,1488,,,
2011-12-13,41.75,42.5,41.2,41.4,5788,,,
2011-12-14,41.0,42.35,41.0,42.1,8477,,,
2011-12-15,41.5,42.4,40.55,41.0,22719,,,
2011-12-16,40.5,42.0,39.0,40.0,2939,,,
2011-12-19,40.5,40.85,39.25,40.1,3081,,,
2011-12-20,40.0,41.0,39.8,40.6,7259,,,
2011-12-21,40.05,40.9,40.0,40.45,955,,,
2011-12-22,40.4,41.5,40.3,41.2,2916,,,
2011-12-23,40.5,41.5,40.0,40.7,4457,,,
2011-12-26,41.0,42.0,40.5,41.7,3841,,,
2011-12-27,41.1,42.0,40.75,40.9,1445,,,
2011-12-28,40.75,40.75,40.0,40.0,1004,,,
2011-12-29,40.25,41.7,40.25,41.65,25,,,
2011-12-30,41.0,41.6,39.5,40.75,2294,,,
2012-01-02,41.2,43.2,40.1,40.4,1840,,,
2012-01-03,40.95,42.15,40.85,41.6,5618,,,
2012-01-04,41.6,42.5,41.6,41.9,9735,,,
2012-01-05,41.5,42.55,41.25,42.15,4500,,,
2012-01-06,41.75,42.6,41.0,41.7,4415,,,
2012-01-07,41.5,42.35,41.25,41.45,3268,,,
2012-01-09,41.6,42.0,41.6,41.75,1178,,,
2012-01-10,41.8,44.9,41.8,43.5,18504,,,
2012-01-11,43.5,43.75,43.1,43.75,1601,,,
2012-01-12,43.5,43.9,43.1,43.5,3765,,,
2012-01-13,43.5,44.65,43.4,44.0,7702,,,
2012-01-16,44.5,45.5,43.75,45.2,9028,,,
2012-01-17,45.9,47.5,45.75,46.95,16170,,,
2012-01-18,47.6,48.7,45.5,46.0,50972,,,
2012-01-19,45.7,48.25,45.7,46.95,29636,,,
2012-01-20,46.5,47.9,44.5,45.3,17209,,,
2012-01-23,44.5,50.0,44.5,49.3,72310,,,
2012-01-24,48.6,52.45,47.0,51.9,72541,,,
2012-01-25,51.0,53.5,50.5,52.7,22656,,,
2012-01-27,52.5,53.8,51.6,53.15,75480,,,
2012-01-30,53.0,54.5,52.55,52.9,9848,,,
2012-01-31,54.0,58.0,53.8,57.3,64670,,,
2012-02-01,58.2,62.0,53.25,54.0,491483,,,
2012-02-02,55.0,55.0,51.55,51.95,15329,,,
2012-02-03,52.25,54.4,51.0,51.6,25158,,,
2012-02-06,51.5,53.5,51.0,51.6,78103,,,
2012-02-07,53.7,53.7,50.8,52.2,37641,,,
2012-02-08,51.5,53.0,51.3,51.9,45732,,,
2012-02-09,51.5,53.5,51.5,51.85,24298,,,
2012-02-10,51.75,52.5,50.5,51.6,8668,,,
2012-02-13,52.9,53.25,51.3,52.3,4282,,,
2012-02-14,53.4,53.4,51.75,52.1,19675,,,
2012-02-15,52.95,53.5,51.8,52.5,19984,,,
2012-02-16,52.0,53.0,51.5,52.1,4752,,,
2012-02-17,52.5,56.5,52.1,54.05,49553,,,
2012-02-21,54.6,56.9,54.0,54.5,17027,,,
2012-02-22,55.0,55.45,52.5,52.8,4962,,,
2012-02-23,52.4,54.25,51.5,53.6,52988,,,
2012-02-24,53.5,54.5,53.1,54.0,7527,,,
2012-02-27,53.75,54.25,52.3,52.45,18637,,,
2012-02-28,51.5,56.8,51.5,55.6,59665,,,
2012-02-29,56.35,56.8,54.8,56.4,53965,,,
2012-03-01,56.0,56.0,54.0,55.1,7054,,,
2012-03-02,54.0,55.65,53.85,54.1,4656,,,
2012-03-03,53.65,56.15,53.65,55.8,241,,,
2012-03-05,54.95,55.5,53.5,53.5,2873,,,
2012-03-06,53.0,54.5,52.3,53.1,2868,,,
2012-03-07,52.5,52.9,51.6,52.5,1198,,,
2012-03-09,52.7,54.95,52.5,54.1,1809,,,
2012-03-12,54.25,54.25,52.0,53.15,3456,,,
2012-03-13,52.5,54.5,52.5,53.7,27109,,,
2012-03-14,53.9,54.2,52.65,53.0,1780,,,
2012-03-15,53.0,53.5,51.5,52.8,1724,,,
2012-03-16,53.45,53.65,50.65,51.0,6077,,,
2012-03-19,52.5,53.0,50.9,51.1,1111,,,
2012-03-20,53.0,53.0,50.75,51.5,3238,,,
2012-03-21,51.1,52.15,50.8,51.25,1414,,,
2012-03-22,52.0,52.7,50.55,50.85,814,,,
2012-03-23,50.8,53.2,50.1,51.4,7274,,,
2012-03-26,53.0,53.25,49.65,50.05,3907,,,
2012-03-27,50.0,52.05,48.5,50.1,4240,,,
2012-03-28,55.0,55.0,49.0,50.5,7888,,,
2012-03-29,50.0,51.5,50.0,50.9,325,,,
2012-03-30,50.5,51.85,50.5,50.7,2322,,,
2012-04-02,51.0,53.5,51.0,53.0,2809,,,
2012-04-03,52.5,53.6,51.65,53.35,1626,,,
2012-04-04,52.5,53.5,51.4,52.1,450,,,
2012-04-09,52.05,53.0,51.5,51.6,1387,,,
2012-04-10,53.0,53.0,50.6,50.6,1385,,,
2012-04-11,51.15,52.0,50.65,51.2,1059,,,
2012-04-12,50.6,52.0,48.75,50.15,11712,,,
2012-04-13,52.0,53.5,49.6,50.85,27273,,,
2012-04-16,51.5,52.5,51.05,51.7,12499,,,
2012-04-17,52.9,53.0,50.8,51.6,40250,,,
2012-04-18,50.65,53.25,50.65,53.0,24410,,,
2012-04-19,53.0,53.5,52.05,52.55,9389,,,
2012-04-20,52.25,52.5,51.15,52.15,13575,,,
2012-04-23,52.0,52.4,50.5,51.4,1695,,,
2012-04-24,51.0,52.0,50.6,51.4,12611,,,
2012-04-25,51.5,52.1,50.15,50.6,1557,,,
2012-04-26,51.2,51.2,50.0,50.6,1300,,,
2012-04-27,51.0,54.2,50.75,53.3,32439,,,
2012-04-30,53.5,56.8,53.05,55.9,11855,,,
2012-05-02,56.0,57.4,55.5,56.2,5341,,,
2012-05-03,55.25,59.45,55.25,58.3,36563,,,
2012-05-04,58.5,59.25,56.5,57.3,3632,,,
2012-05-07,55.55,57.0,53.5,56.6,3541,,,
2012-05-08,55.55,59.1,55.55,56.4,11941,,,
2012-05-09,57.0,57.0,55.6,56.0,5381,,,
2012-05-10,56.5,57.0,55.05,56.4,9453,,,
2012-05-11,56.25,56.5,55.75,56.2,5969,,,
2012-05-14,56.5,56.75,56.1,56.5,8863,,,
2012-05-15,56.5,58.0,56.5,57.25,5383,,,
2012-05-16,57.0,58.4,56.5,57.8,6091,,,
2012-05-17,57.5,58.4,57.25,57.8,8260,,,
2012-05-18,57.45,57.45,56.05,57.0,3420,,,
2012-05-21,56.55,59.0,55.0,58.15,4549,,,
2012-05-22,58.5,58.95,56.3,56.95,982,,,
2012-05-23,56.75,58.95,56.0,58.6,9850,,,
2012-05-24,58.0,59.0,57.5,58.75,2613,,,
2012-05-25,59.0,60.0,59.0,59.4,5407,,,
2012-05-28,59.15,60.0,59.15,59.45,2564,,,
2012-05-29,60.0,61.25,59.3,61.1,7412,,,
2012-05-30,60.5,61.35,59.75,60.9,4964,,,
2012-05-31,61.0,62.1,60.8,61.9,4606,,,
2012-06-01,61.5,64.15,61.5,63.6,14237,,,
2012-06-04,61.35,63.9,61.35,62.95,2293,,,
2012-06-05,62.6,63.45,62.15,62.4,4701,,,
2012-06-06,63.5,63.5,62.05,62.15,3264,,,
2012-06-07,62.5,64.0,61.75,63.5,1990,,,
2012-06-08,63.0,64.2,63.0,64.1,3473,,,
2012-06-11,64.3,66.2,64.3,65.15,7198,,,
2012-06-12,64.5,65.8,63.75,64.4,25099,,,
2012-06-13,64.1,65.25,64.1,64.8,1697,,,
2012-06-14,64.5,65.5,64.15,64.3,2174,,,
2012-06-15,64.0,64.75,62.1,64.1,7139,,,
2012-06-18,62.0,64.35,55.0,61.0,29053,,,
2012-06-19,60.5,61.1,59.1,60.8,655,,,
2012-06-20,60.45,62.65,60.3,61.5,4005,,,
2012-06-21,61.4,63.0,60.5,62.2,2445,,,
2012-06-22,61.5,64.0,60.65,63.45,3412,,,
2012-06-25,65.65,65.65,62.1,62.3,4345,,,
2012-06-26,63.5,63.5,62.0,62.1,3765,,,
2012-06-27,62.5,62.95,61.5,61.75,9442,,,
2012-06-28,64.5,64.5,62.3,62.7,4894,,,
2012-06-29,62.5,64.4,62.5,64.0,4638,,,
2012-07-02,64.5,64.5,62.9,64.15,1815,,,
2012-07-03,63.5,64.45,63.3,64.05,1127,,,
2012-07-04,64.1,65.0,63.8,64.7,6151,,,
2012-07-05,64.3,64.95,63.8,64.0,2357,,,
2012-07-06,63.75,64.5,63.75,64.0,838,,,
2012-07-09,63.5,64.0,62.1,63.1,283,,,
2012-07-10,64.5,65.0,63.15,64.7,4650,,,
2012-07-11,64.25,64.9,63.9,64.2,1344,,,
2012-07-12,63.9,63.9,62.55,62.95,1418,,,
2012-07-13,62.85,64.45,62.8,64.0,1806,,,
2012-07-16,64.15,64.15,62.8,63.8,1845,,,
2012-07-17,63.5,64.35,62.5,62.6,753,,,
2012-07-18,63.5,65.5,62.25,64.65,8679,,,
2012-07-19,64.75,64.9,63.3,63.6,7073,,,
2012-07-20,63.5,64.8,62.25,63.2,1182,,,
2012-07-23,66.0,67.2,63.05,63.35,1914,,,
2012-07-24,65.5,65.95,63.55,64.15,1648,,,
2012-07-25,65.0,65.0,63.0,63.85,1288,,,
2012-07-26,63.1,64.0,62.5,62.75,47910,,,
2012-07-27,64.0,64.0,61.0,62.4,10340,,,
2012-07-30,62.0,62.6,61.0,61.8,5948,,,
2012-07-31,62.0,62.0,60.0,60.55,4674,,,
2012-08-01,60.55,60.55,59.0,59.2,3413,,,
2012-08-02,62.5,62.5,58.6,60.4,2237,,,
2012-08-03,61.0,62.0,60.15,60.6,4109,,,
2012-08-06,60.9,61.0,59.1,59.15,1521,,,
2012-08-07,60.9,61.85,59.15,59.5,4148,,,
2012-08-08,63.0,63.0,58.25,58.7,11119,,,
2012-08-09,60.0,60.0,57.5,57.95,4782,,,
2012-08-10,57.5,60.0,57.5,59.0,1905,,,
2012-08-13,59.0,60.5,58.1,58.5,2696,,,
2012-08-14,60.0,62.0,58.6,60.9,15106,,,
2012-08-16,62.5,62.5,60.6,62.0,11565,,,
2012-08-17,61.5,61.5,60.55,61.2,4272,,,
2012-08-21,62.0,62.5,60.2,61.25,6734,,,
2012-08-22,60.6,62.0,60.6,60.85,2606,,,
2012-08-23,62.5,62.5,59.5,60.0,2664,,,
2012-08-24,60.5,60.85,58.5,59.65,3116,,,
2012-08-27,59.25,61.5,59.25,60.0,2726,,,
2012-08-28,60.9,61.25,60.0,60.4,2807,,,
2012-08-29,60.0,61.45,59.75,60.6,2711,,,
2012-08-30,60.5,61.15,59.75,59.8,9039,,,
2012-08-31,60.95,60.95,59.8,59.85,2756,,,
2012-09-03,60.75,61.25,59.55,60.9,6411,,,
2012-09-04,61.4,62.2,60.5,61.05,1551,,,
2012-09-05,61.5,61.5,59.8,60.0,1968,,,
2012-09-06,59.8,61.0,59.8,59.95,1258,,,
2012-09-07,62.5,62.5,60.0,60.4,2242,,,
2012-09-08,61.0,61.0,61.0,61.0,3201,,,
2012-09-10,61.75,61.9,60.55,61.5,1807,,,
2012-09-11,61.95,65.95,61.35,63.2,11890,,,
2012-09-12,65.5,71.0,63.6,69.05,28429,,,
2012-09-13,70.0,71.75,68.5,69.1,38831,,,
2012-09-14,70.4,70.4,66.5,66.6,13604,,,
2012-09-17,66.3,67.95,64.7,66.5,4551,,,
2012-09-18,66.0,67.9,65.05,66.15,7926,,,
2012-09-20,66.0,67.3,65.1,66.15,7953,,,
2012-09-21,67.95,68.0,66.05,66.35,5823,,,
2012-09-24,66.0,67.55,65.5,66.65,8041,,,
2012-09-25,69.5,69.5,66.0,66.9,5399,,,
2012-09-26,69.45,69.45,67.0,67.7,10640,,,
2012-09-27,68.5,71.0,67.0,70.1,13757,,,
2012-09-28,69.55,73.95,69.55,70.8,17697,,,
2012-10-01,72.45,73.0,70.0,71.4,7041,,,
2012-10-03,72.5,73.15,70.0,71.1,8491,,,
2012-10-04,72.25,73.5,71.1,71.95,6318,,,
2012-10-05,70.0,72.35,68.5,71.5,5927,,,
2012-10-08,71.5,75.0,71.5,73.8,9332,,,
2012-10-09,74.0,75.0,73.95,74.3,9343,,,
2012-10-10,74.45,77.5,74.45,75.5,38938,,,
2012-10-11,76.05,76.5,75.1,75.95,4968,,,
2012-10-12,75.0,75.85,73.5,74.0,4430,,,
2012-10-15,73.5,76.0,72.95,74.15,8238,,,
2012-10-16,74.9,75.0,71.8,74.2,6661,,,
2012-10-17,74.2,74.4,71.9,72.7,2098,,,
2012-10-18,73.45,76.0,70.5,75.6,17985,,,
2012-10-19,75.0,75.95,73.2,73.95,2640,,,
2012-10-22,75.0,75.0,70.05,73.5,17283,,,
2012-10-23,73.0,74.5,71.55,72.9,1631,,,
2012-10-25,74.8,74.85,72.55,72.95,4180,,,
2012-10-26,75.45,75.5,72.6,72.95,3329,,,
2012-10-29,73.25,74.5,71.5,73.1,5886,,,
2012-10-30,73.0,75.0,72.45,72.5,13045,,,
2012-10-31,74.4,74.4,71.6,72.2,2147,,,
2012-11-01,74.1,74.1,71.5,72.1,4358,,,
2012-11-02,72.0,74.45,71.95,73.4,3241,,,
2012-11-05,74.7,74.75,72.0,72.9,5410,,,
2012-11-06,72.5,75.5,72.5,74.65,5740,,,
2012-11-07,75.0,76.35,72.2,75.15,28171,,,
2012-11-08,75.55,75.55,72.0,72.35,4014,,,
2012-11-09,72.7,73.2,68.7,71.0,5954,,,
2012-11-12,71.0,73.25,71.0,72.8,15761,,,
2012-11-13,72.0,74.95,71.5,72.5,2414,,,
2012-11-15,72.5,73.35,72.45,72.65,4893,,,
2012-11-16,72.0,73.1,71.0,72.4,2117,,,
2012-11-19,72.5,72.65,71.3,71.75,4712,,,
2012-11-20,72.5,72.5,70.6,71.45,2083,,,
2012-11-21,72.4,72.4,71.0,71.7,1935,,,
2012-11-22,72.0,72.25,70.6,71.5,3436,,,
2012-11-23,72.0,72.5,68.85,69.75,20825,,,
2012-11-26,70.95,70.95,68.65,69.45,1737,,,
2012-11-27,70.75,70.75,66.8,67.3,5746,,,
2012-11-29,66.5,69.0,66.0,68.1,22807,,,
2012-11-30,68.75,70.0,67.55,69.0,3642,,,
2012-12-03,71.95,72.0,68.95,69.55,5661,,,
2012-12-04,69.5,70.45,69.05,69.9,4392,,,
2012-12-05,70.0,71.2,70.0,70.8,6042,,,
2012-12-06,69.5,70.5,69.0,70.0,1811,,,
2012-12-07,70.0,71.5,69.75,69.75,3135,,,
2012-12-10,70.0,71.9,69.6,71.4,19102,,,
2012-12-11,70.5,70.5,69.5,69.5,2887,,,
2012-12-12,69.25,70.45,69.25,69.4,418,,,
2012-12-13,69.5,69.5,68.25,68.45,705,,,
2012-12-14,69.5,69.95,65.8,67.3,9093,,,
2012-12-17,67.05,69.0,67.05,68.3,3223,,,
2012-12-18,69.2,70.1,67.3,69.8,4876,,,
2012-12-19,69.0,69.0,68.95,69.0,11521,,,
2012-12-20,69.05,69.15,68.95,69.0,5177,,,
2012-12-21,69.0,70.1,69.0,69.0,4593,,,
2012-12-24,71.9,71.9,69.0,69.3,2112,,,
2012-12-26,71.2,71.25,69.0,69.2,2043,,,
2012-12-27,69.4,69.75,69.0,69.0,3261,,,
2012-12-28,69.0,69.25,69.0,69.0,1815,,,
2012-12-31,69.85,71.0,69.15,69.3,1273,,,
2013-01-01,69.0,72.45,69.0,70.9,2583,,,
2013-01-02,71.05,71.45,69.0,69.1,4587,,,
2013-01-03,70.5,71.0,68.95,69.95,2432,,,
2013-01-04,69.6,70.45,68.6,69.2,21272,,,
2013-01-07,69.0,69.25,66.3,67.55,1517,,,
2013-01-08,67.0,67.5,65.6,66.75,2299,,,
2013-01-09,67.5,69.3,67.45,67.5,17369,,,
2013-01-10,67.5,68.25,67.5,67.5,2395,,,
2013-01-11,67.5,67.5,67.5,67.5,5429,,,
2013-01-14,67.5,68.9,67.5,68.9,1291,,,
2013-01-15,69.45,69.5,68.1,69.25,410,,,
2013-01-16,68.1,68.1,67.0,67.45,5989,,,
2013-01-17,69.0,69.0,66.0,66.0,7989,,,
2013-01-18,68.45,68.5,64.2,64.9,5287,,,
2013-01-21,66.0,66.0,63.1,63.75,3184,,,
2013-01-22,65.5,67.0,63.3,63.7,1441,,,
2013-01-23,65.0,66.4,61.5,62.95,4020,,,
2013-01-24,62.6,63.5,59.05,60.15,2229,,,
2013-01-25,59.0,61.45,59.0,60.0,1766,,,
2013-01-28,61.5,61.5,58.5,59.35,1554,,,
2013-01-29,59.9,59.9,59.1,59.15,799,,,
2013-01-30,59.0,59.0,58.05,58.1,1196,,,
2013-01-31,59.0,60.85,55.5,57.5,4741,,,
2013-02-01,57.5,57.5,55.7,56.95,2666,,,
2013-02-04,57.5,57.5,52.0,53.75,10043,,,
2013-02-05,54.65,54.65,51.75,53.15,7209,,,
2013-02-06,54.5,56.5,50.5,51.6,6585,,,
2013-02-07,54.5,56.4,49.5,50.6,4433,,,
2013-02-08,51.35,51.35,49.05,49.65,1828,,,
2013-02-11,50.5,50.5,47.9,49.3,4496,,,
2013-02-12,49.0,49.5,46.85,47.1,5909,,,
2013-02-13,47.05,49.5,47.0,48.0,309,,,
2013-02-14,47.5,48.0,47.0,47.5,476,,,
2013-02-15,47.0,49.45,46.9,49.1,1678,,,
2013-02-18,48.25,48.5,46.1,47.4,5237,,,
2013-02-19,46.75,49.0,46.5,47.85,1002,,,
2013-02-20,47.5,48.75,47.35,48.2,632,,,
2013-02-21,48.0,48.8,47.25,48.5,7450,,,
2013-02-22,48.75,51.7,48.5,51.45,3951,,,
2013-02-25,52.2,52.4,51.0,52.0,4356,,,
2013-02-26,52.5,52.55,48.05,49.6,8817,,,
2013-02-27,50.0,52.1,48.5,50.15,1529,,,
2013-02-28,50.2,50.95,48.0,48.9,548,,,
2013-03-01,49.95,49.95,47.5,49.5,27,,,
2013-03-04,48.6,48.75,47.6,48.5,109,,,
2013-03-05,47.5,49.8,46.9,47.8,31024,,,
2013-03-06,47.5,49.0,47.5,48.5,45,,,
2013-03-07,47.5,49.4,46.8,47.5,444,,,
2013-03-08,47.5,49.5,47.0,47.9,64,,,
2013-03-11,48.0,48.5,46.8,48.5,1401,,,
2013-03-12,49.2,49.2,46.9,48.95,3295,,,
2013-03-13,49.0,49.0,46.1,47.4,4228,,,
2013-03-14,46.75,48.5,46.55,47.5,2834,,,
2013-03-15,48.5,48.5,46.75,47.75,5967,,,
2013-03-18,47.5,48.4,47.5,47.5,1397,,,
2013-03-19,47.25,48.95,45.75,46.5,1211,,,
2013-03-20,48.2,48.5,46.0,47.0,15565,,,
2013-03-21,46.8,47.0,45.6,46.1,874,,,
2013-03-22,46.5,46.5,45.9,45.9,542,,,
2013-03-25,47.5,47.5,44.15,44.5,1344,,,
2013-03-26,43.75,46.6,43.75,44.7,1819,,,
2013-03-28,44.1,45.85,43.5,44.45,936,,,
2013-04-01,44.75,47.2,44.6,45.55,737,,,
2013-04-02,47.5,48.0,45.3,46.05,3073,,,
2013-04-03,46.0,46.5,45.0,45.25,857,,,
2013-04-04,47.5,47.5,43.9,44.5,3958,,,
2013-04-05,47.0,47.0,45.7,46.35,325,,,
2013-04-08,46.0,46.25,44.1,45.1,1845,,,
2013-04-09,45.75,45.75,45.15,45.6,132,,,
2013-04-10,46.2,46.25,44.9,45.0,5040,,,
2013-04-11,45.5,50.75,44.75,47.3,7822,,,
2013-04-12,48.0,49.95,45.3,46.6,4498,,,
2013-04-15,46.5,47.45,45.5,46.65,2573,,,
2013-04-16,45.7,47.45,45.7,47.25,1924,,,
2013-04-17,47.0,47.2,46.0,46.2,1369,,,
2013-04-18,46.0,46.5,45.5,46.5,766,,,
2013-04-22,46.5,46.5,44.25,44.75,3712,,,
2013-04-23,44.5,45.15,43.8,45.0,10406,,,
2013-04-25,44.5,46.0,44.5,45.1,2345,,,
2013-04-26,46.4,46.5,43.25,46.15,1551,,,
2013-04-29,44.0,46.5,44.0,45.55,1418,,,
2013-04-30,46.25,46.3,45.75,46.0,295,,,
2013-05-02,46.0,46.75,46.0,46.0,1340,,,
2013-05-03,46.8,48.2,45.2,45.7,4821,,,
2013-05-06,46.0,46.0,43.8,45.0,4827,,,
2013-05-07,45.0,45.5,44.65,44.8,1957,,,
2013-05-08,45.9,46.65,45.9,46.3,3488,,,
2013-05-09,46.0,48.1,44.05,44.9,43783,,,
2013-05-10,45.9,45.9,45.15,45.6,656,,,
2013-05-11,46.5,46.5,46.5,46.5,100,,,
2013-05-13,46.0,46.0,45.1,45.75,883,,,
2013-05-14,46.4,46.4,45.05,45.55,291,,,
2013-05-15,46.4,47.95,46.0,47.3,606,,,
2013-05-16,46.4,48.5,46.4,47.9,1564,,,
2013-05-17,47.0,48.5,47.0,47.65,866,,,
2013-05-20,48.0,49.0,47.4,47.45,456,,,
2013-05-21,46.6,48.5,46.6,46.85,314,,,
2013-05-22,47.25,47.5,45.6,45.95,2633,,,
2013-05-23,45.6,46.0,39.5,45.45,11631,,,
2013-05-24,45.0,46.95,43.5,45.0,1949,,,
2013-05-27,44.25,46.0,44.1,45.05,632,,,
2013-05-28,45.0,45.0,42.7,43.9,5905,,,
2013-05-29,44.6,45.4,44.0,44.6,4552,,,
2013-05-30,45.0,45.5,43.65,44.1,5931,,,
2013-05-31,44.25,47.3,44.25,45.9,1977,,,
2013-06-03,44.5,47.5,42.8,43.9,1261,,,
2013-06-04,45.4,47.3,44.5,45.15,1403,,,
2013-06-05,44.25,45.8,43.9,44.25,1084,,,
2013-06-06,44.6,45.4,43.55,44.8,1599,,,
2013-06-07,44.0,45.4,43.85,44.2,835,,,
2013-06-10,45.7,45.7,43.8,45.15,126,,,
2013-06-11,47.5,47.5,43.8,44.6,454,,,
2013-06-12,45.7,45.7,43.8,44.45,105,,,
2013-06-13,44.0,44.0,43.5,43.6,598,,,
2013-06-14,44.65,44.65,43.0,43.5,560,,,
2013-06-17,44.5,44.5,43.5,43.5,323,,,
2013-06-18,44.5,45.2,43.5,44.45,959,,,
2013-06-19,44.0,44.25,43.5,43.7,1110,,,
2013-06-20,43.0,43.95,42.75,43.25,520,,,
2013-06-21,42.5,45.5,42.25,42.9,297,,,
2013-06-24,42.6,43.2,42.0,43.2,456,,,
2013-06-25,43.5,43.5,41.15,42.6,847,,,
2013-06-26,46.9,46.9,42.7,42.75,1977,,,
2013-06-27,43.45,43.45,41.5,42.4,1825,,,
2013-06-28,45.25,45.95,43.1,44.9,3328,,,
2013-07-01,44.95,44.95,44.25,44.7,1563,,,
2013-07-02,44.95,44.95,43.5,43.8,1928,,,
2013-07-03,43.5,44.6,43.1,43.25,6251,,,
2013-07-04,43.0,43.5,43.0,43.5,858,,,
2013-07-05,43.65,43.65,43.5,43.5,1933,,,
2013-07-08,43.5,44.0,42.75,43.6,3524,,,
2013-07-09,44.0,44.0,43.5,44.0,523,,,
2013-07-10,43.75,44.45,43.75,44.2,325,,,
2013-07-11,44.0,44.6,44.0,44.5,555,,,
2013-07-12,44.95,45.0,44.0,44.3,1202,,,
2013-07-15,44.95,45.25,44.25,44.8,273,,,
2013-07-16,45.0,45.8,44.3,45.0,1072,,,
2013-07-17,44.65,45.0,44.6,45.0,511,,,
2013-07-18,45.0,45.4,44.05,45.1,429,,,
2013-07-19,45.0,45.45,44.65,44.8,812,,,
2013-07-22,45.5,46.45,44.5,44.75,406,,,
2013-07-23,47.0,47.0,45.05,45.6,157,,,
2013-07-24,45.0,45.1,43.55,44.0,4286,,,
2013-07-25,44.5,44.5,43.0,43.5,3731,,,
2013-07-26,43.0,44.5,42.5,44.4,3457,,,
2013-07-29,43.5,43.95,42.5,43.0,2324,,,
2013-07-30,42.75,43.7,41.15,41.8,1475,,,
2013-07-31,41.0,41.75,39.85,41.65,2149,,,
2013-08-01,41.0,41.5,39.65,40.3,124,,,
2013-08-02,39.5,41.45,36.65,38.5,7089,,,
2013-08-05,38.0,38.9,37.6,37.9,1166,,,
2013-08-06,37.5,39.9,36.15,36.3,1307,,,
2013-08-07,42.5,42.5,36.65,37.75,270,,,
2013-08-08,40.9,40.9,37.7,39.1,231,,,
2013-08-12,40.5,40.5,38.6,39.4,1469,,,
2013-08-13,39.95,39.95,38.8,39.1,2810,,,
2013-08-14,38.6,38.6,37.8,38.1,5683,,,
2013-08-16,39.25,39.25,36.9,37.45,2485,,,
2013-08-19,37.5,37.5,37.0,37.25,352,,,
2013-08-20,37.5,37.5,36.65,36.9,619,,,
2013-08-21,37.5,37.5,36.0,36.95,278,,,
2013-08-22,37.35,37.35,36.1,36.75,1156,,,
2013-08-23,36.25,36.5,35.25,36.0,3067,,,
2013-08-26,39.0,39.0,36.5,37.4,1416,,,
2013-08-27,38.4,39.15,37.5,38.3,1057,,,
2013-08-28,37.5,39.4,36.1,36.7,741,,,
2013-08-29,37.0,39.5,37.0,39.1,641,,,
2013-08-30,39.5,40.75,38.95,39.6,5422,,,
2013-09-02,40.45,40.85,39.5,40.65,2541,,,
2013-09-03,41.0,41.0,40.0,40.25,552,,,
2013-09-04,41.0,41.1,40.9,40.9,471,,,
2013-09-05,40.05,44.45,40.05,40.6,681,,,
2013-09-06,42.65,42.65,39.5,41.2,973,,,
2013-09-10,42.0,42.0,40.55,40.6,1483,,,
2013-09-11,41.0,41.9,40.0,41.5,24,,,
2013-09-12,42.0,43.45,40.25,42.0,1478,,,
2013-09-13,42.5,43.75,41.4,42.15,1831,,,
2013-09-16,46.0,46.0,41.6,42.2,1474,,,
2013-09-17,42.5,42.5,40.55,41.25,5404,,,
2013-09-18,42.0,42.0,40.0,41.35,826,,,
2013-09-19,42.5,42.5,41.0,41.3,1070,,,
2013-09-20,42.0,42.0,40.6,40.75,1001,,,
2013-09-23,41.25,41.5,39.6,41.05,2832,,,
2013-09-24,41.5,41.5,40.5,40.5,4,,,
2013-09-25,40.0,42.2,39.5,40.5,26,,,
2013-09-26,41.0,41.0,40.0,41.0,2410,,,
2013-09-27,40.6,43.0,40.55,40.55,4018,,,
2013-09-30,41.5,41.5,39.9,40.15,636,,,
2013-10-01,39.55,40.8,38.85,39.9,77,,,
2013-10-03,39.5,40.85,39.5,40.4,1513,,,
2013-10-04,40.25,40.9,39.25,39.75,5906,,,
2013-10-07,40.95,41.0,38.7,39.0,4686,,,
2013-10-08,39.0,39.5,38.7,38.9,2350,,,
2013-10-09,39.0,39.25,38.75,38.9,6847,,,
2013-10-10,39.9,40.75,38.1,39.0,1557,,,
2013-10-11,40.75,41.7,39.5,40.15,8546,,,
2013-10-14,41.0,42.25,40.95,41.6,2172,,,
2013-10-15,41.6,42.3,41.0,41.3,2268,,,
2013-10-17,41.1,42.2,40.9,41.25,2419,,,
2013-10-18,42.05,42.15,40.85,41.0,2780,,,
2013-10-21,41.6,41.6,40.2,40.6,4371,,,
2013-10-22,40.35,40.35,39.05,39.35,5722,,,
2013-10-23,39.5,40.5,39.25,40.25,1520,,,
2013-10-24,40.25,40.95,39.25,40.7,10004,,,
2013-10-25,40.05,40.75,39.1,39.6,1279,,,
2013-10-28,39.5,40.9,39.5,40.3,1918,,,
2013-10-29,40.0,41.0,38.75,39.0,11011,,,
2013-10-30,39.15,39.5,38.15,38.55,4651,,,
2013-10-31,38.0,39.2,38.0,38.5,2227,,,
2013-11-01,39.25,39.5,38.2,39.2,2668,,,
2013-11-03,39.5,41.5,39.5,39.9,466,,,
2013-11-05,40.75,40.9,39.75,40.2,3513,,,
2013-11-06,41.0,41.0,39.25,39.5,5724,,,
2013-11-07,40.5,40.5,38.0,38.2,12581,,,
2013-11-08,38.0,39.2,37.5,38.15,2245,,,
2013-11-11,38.0,39.45,37.5,37.65,1674,,,
2013-11-12,37.25,37.8,37.15,37.5,1329,,,
2013-11-13,40.75,40.75,37.7,38.1,1524,,,
2013-11-14,39.5,39.5,37.9,38.4,226,,,
2013-11-18,38.0,39.0,37.8,38.0,4438,,,
2013-11-19,39.4,39.4,37.75,38.1,529,,,
2013-11-20,38.5,38.9,38.0,38.1,1286,,,
2013-11-21,37.9,38.8,37.8,38.5,245,,,
2013-11-22,39.2,39.2,37.65,37.7,932,,,
2013-11-25,37.25,38.0,36.3,37.65,929,,,
2013-11-26,38.0,38.0,36.8,37.5,2135,,,
2013-11-27,37.5,37.5,37.0,37.5,2787,,,
2013-11-28,37.5,37.5,37.0,37.2,1941,,,
2013-11-29,37.5,38.25,37.15,37.85,1187,,,
2013-12-02,38.0,38.95,37.5,38.0,1895,,,
2013-12-03,38.0,38.0,37.1,37.25,5005,,,
2013-12-04,37.5,37.5,37.0,37.1,1121,,,
2013-12-05,37.1,37.5,37.1,37.4,2018,,,
2013-12-06,37.5,37.5,37.25,37.5,1305,,,
2013-12-09,38.0,38.0,37.0,37.35,1831,,,
2013-12-10,38.5,38.5,36.55,37.0,2509,,,
2013-12-11,36.75,37.5,35.9,36.0,5888,,,
2013-12-12,36.0,36.0,35.55,35.7,2555,,,
2013-12-13,36.0,36.0,35.95,35.95,432,,,
2013-12-16,35.75,36.0,35.0,35.1,1967,,,
2013-12-17,35.2,35.65,34.1,35.0,2189,,,
2013-12-18,35.9,36.0,35.0,36.0,4193,,,
2013-12-19,36.1,36.1,35.75,36.0,1364,,,
2013-12-20,36.65,36.7,36.0,36.2,4560,,,
2013-12-23,37.5,38.85,36.0,36.6,4303,,,
2013-12-24,37.35,37.35,35.75,36.0,7250,,,
2013-12-26,36.25,36.7,35.9,36.0,9247,,,
2013-12-27,37.25,37.25,35.6,35.75,18172,,,
2013-12-30,35.85,36.2,34.6,35.1,9124,,,
2013-12-31,36.25,36.25,34.5,35.95,5490,,,
2014-01-01,36.65,39.0,36.25,36.95,18130,,,
2014-01-02,37.25,37.5,36.1,36.3,12683,,,
2014-01-03,36.7,37.7,36.6,37.1,6454,,,
2014-01-06,38.7,38.8,37.4,37.65,12173,,,
2014-01-07,38.7,38.9,36.6,37.25,1269,,,
2014-01-08,37.5,37.5,36.0,36.3,13391,,,
2014-01-09,36.1,36.4,35.5,35.6,3194,,,
2014-01-10,35.9,36.0,35.5,35.7,4422,,,
2014-01-13,35.6,36.0,35.0,35.1,743,,,
2014-01-14,35.0,36.15,35.0,35.75,1659,,,
2014-01-15,36.2,37.0,35.5,35.9,709,,,
2014-01-16,36.35,36.35,35.3,35.6,5009,,,
2014-01-17,37.0,37.0,35.35,35.6,489,,,
2014-01-20,34.65,36.25,34.65,35.75,4110,,,
2014-01-21,36.0,36.45,35.6,35.85,440,,,
2014-01-22,35.75,36.6,35.5,36.25,888,,,
2014-01-23,36.65,36.65,36.2,36.4,801,,,
2014-01-24,36.7,36.7,35.6,35.75,416,,,
2014-01-27,35.75,35.9,35.5,35.7,3785,,,
2014-01-28,35.3,36.0,35.0,35.5,682,,,
2014-01-29,37.0,41.6,37.0,40.6,209456,,,
2014-01-30,39.6,39.6,36.7,39.1,24888,,,
2014-01-31,39.9,40.0,37.6,38.4,9420,,,
2014-02-03,39.4,39.4,36.8,38.1,6685,,,
2014-02-04,37.5,37.55,35.9,37.25,8398,,,
2014-02-05,40.0,40.0,37.2,37.4,7881,,,
2014-02-06,38.65,38.65,36.5,37.0,6578,,,
2014-02-07,36.65,38.0,36.5,36.85,2823,,,
2014-02-10,37.7,37.7,37.0,37.0,588,,,
2014-02-11,36.65,38.0,36.65,37.0,1988,,,
2014-02-12,36.5,37.45,36.5,37.0,2053,,,
2014-02-13,38.0,38.0,36.8,37.1,5412,,,
2014-02-14,36.65,37.05,36.65,37.0,10135,,,
2014-02-17,37.85,37.85,36.7,37.0,55337,,,
2014-02-18,37.0,38.7,36.5,37.95,21821,,,
2014-02-19,38.0,39.5,37.1,39.15,7301,,,
2014-02-20,38.75,39.25,38.15,39.05,5085,,,
2014-02-21,38.75,44.1,38.0,41.6,42348,,,
2014-02-24,42.0,43.5,42.0,42.4,12240,,,
2014-02-25,43.4,44.95,42.5,44.65,99747,,,
2014-02-26,44.5,46.0,43.65,45.15,17519,,,
2014-02-28,45.25,45.8,43.55,44.1,10111,,,
2014-03-03,45.5,45.65,44.0,44.4,49520,,,
2014-03-04,44.4,45.1,44.05,44.3,3211,,,
2014-03-05,44.8,46.65,43.25,45.65,38943,,,
2014-03-06,46.6,49.3,46.5,47.25,29824,,,
2014-03-07,49.25,49.25,46.3,46.75,15133,,,
2014-03-10,47.75,49.0,46.75,47.1,31053,,,
2014-03-11,47.0,48.0,46.5,46.7,5269,,,
2014-03-12,46.6,47.75,45.3,47.05,14842,,,
2014-03-13,47.5,47.75,46.3,46.7,3983,,,
2014-03-14,47.0,47.2,46.25,46.6,7073,,,
2014-03-18,47.4,47.5,45.6,46.35,10748,,,
2014-03-19,46.95,47.15,46.0,46.9,7352,,,
2014-03-20,44.5,46.75,44.5,45.65,6701,,,
2014-03-21,45.5,46.2,45.1,45.45,3645,,,
2014-03-22,45.1,46.6,45.1,45.45,1399,,,
2014-03-24,45.7,46.0,45.25,45.75,24702,,,
2014-03-25,45.5,45.5,44.0,44.4,2662,,,
2014-03-26,44.25,45.0,44.0,44.65,5198,,,
2014-03-27,46.5,46.5,45.25,45.8,9670,,,
2014-03-28,46.95,46.95,44.5,45.9,3411,,,
2014-03-31,46.0,46.75,46.0,46.4,6541,,,
2014-04-01,46.5,46.5,45.15,45.9,4667,,,
2014-04-02,45.75,45.8,45.0,45.4,2281,,,
2014-04-03,45.25,46.5,45.05,46.15,3389,,,
2014-04-04,46.0,48.5,45.5,47.7,11966,,,
2014-04-07,48.0,48.45,46.0,47.25,5127,,,
2014-04-09,48.5,48.5,46.55,47.3,3735,,,
2014-04-10,47.9,48.5,47.4,48.1,8442,,,
2014-04-11,47.9,51.9,47.6,51.2,21456,,,
2014-04-15,52.3,53.9,51.1,51.65,14139,,,
2014-04-16,51.95,52.2,50.2,50.9,5833,,,
2014-04-17,50.6,52.6,50.6,50.9,1971,,,
2014-04-21,52.2,53.75,51.75,52.1,7452,,,
2014-04-22,52.5,53.5,51.85,52.35,7320,,,
2014-04-23,53.85,54.9,53.5,54.4,20226,,,
2014-04-25,54.0,56.05,52.4,54.8,14715,,,
2014-04-28,55.5,55.7,53.5,54.55,13108,,,
2014-04-29,54.0,54.9,52.5,53.0,6474,,,
2014-04-30,53.1,55.0,53.0,53.65,4793,,,
2014-05-02,54.0,54.8,51.3,52.25,3989,,,
2014-05-05,51.75,52.5,51.3,51.7,2134,,,
2014-05-06,51.3,62.0,51.3,62.0,287769,,,
2014-05-07,64.0,65.0,56.05,59.3,162803,,,
2014-05-08,59.05,61.9,57.1,57.9,62103,,,
2014-05-09,58.0,59.8,56.3,57.6,18120,,,
2014-05-12,57.95,58.9,57.5,58.15,10014,,,
2014-05-13,60.45,60.45,57.5,58.3,13646,,,
2014-05-14,58.4,61.5,58.4,59.7,19862,,,
2014-05-15,60.2,60.4,58.75,59.5,16113,,,
2014-05-16,62.0,62.0,57.1,58.9,9571,,,
2014-05-19,58.5,58.5,50.6,51.75,50618,,,
2014-05-20,52.0,53.9,50.5,53.6,30398,,,
2014-05-21,53.0,53.45,50.5,51.75,27029,,,
2014-05-22,52.55,53.75,52.0,52.65,6577,,,
2014-05-23,53.6,58.0,52.1,55.1,21619,,,
2014-05-26,56.9,56.9,52.5,53.3,9143,,,
2014-05-27,54.2,54.2,52.3,53.15,4335,,,
2014-05-28,52.65,53.9,52.65,53.1,2693,,,
2014-05-29,52.5,53.9,51.5,51.95,2136,,,
2014-05-30,51.5,54.0,50.2,53.5,8153,,,
2014-06-02,53.1,55.5,53.05,54.65,20684,,,
2014-06-03,56.0,57.0,55.05,56.0,8711,,,
2014-06-04,55.75,57.4,55.1,56.15,8996,,,
2014-06-05,56.5,57.95,56.15,57.5,9713,,,
2014-06-06,56.9,60.7,56.75,60.05,14597,,,
2014-06-09,60.7,64.95,60.25,64.65,44129,,,
2014-06-10,64.0,64.5,60.05,63.2,15455,,,
2014-06-11,63.75,64.6,61.0,61.4,12273,,,
2014-06-12,61.5,64.0,59.65,62.9,8023,,,
2014-06-13,63.0,63.0,56.1,57.7,10892,,,
2014-06-16,58.0,60.0,56.75,59.0,6887,,,
2014-06-17,58.55,60.0,56.3,59.35,9278,,,
2014-06-18,60.0,63.0,59.5,60.95,14219,,,
2014-06-19,61.0,61.9,59.1,61.8,2654,,,
2014-06-20,61.5,61.5,59.5,59.8,2364,,,
2014-06-23,60.0,60.5,59.5,59.6,3774,,,
2014-06-24,61.8,64.75,60.65,63.3,36238,,,
2014-06-25,63.0,63.75,61.5,62.8,7757,,,
2014-06-26,62.0,63.0,60.5,61.9,4025,,,
2014-06-27,62.95,64.3,62.05,63.3,8254,,,
2014-06-30,64.0,66.05,60.8,62.0,8481,,,
2014-07-01,63.0,67.4,62.6,65.35,25140,,,
2014-07-02,66.65,66.95,63.4,65.0,12185,,,
2014-07-03,65.0,65.95,63.0,63.5,10034,,,
2014-07-04,64.3,64.95,63.2,63.7,5425,,,
2014-07-07,63.0,64.7,62.4,63.4,7195,,,
2014-07-08,63.3,65.7,61.0,61.6,14293,,,
2014-07-09,63.3,63.3,58.4,60.5,9031,,,
2014-07-10,61.5,62.5,58.85,61.6,9542,,,
2014-07-11,63.2,63.25,58.75,60.0,12510,,,
2014-07-14,61.0,61.0,59.05,60.1,10668,,,
2014-07-15,64.45,64.5,60.5,61.0,12362,,,
2014-07-16,61.15,62.25,60.8,61.4,3623,,,
2014-07-17,61.0,64.45,60.4,63.65,10066,,,
2014-07-18,63.1,64.4,60.5,62.55,4094,,,
2014-07-21,62.5,64.5,62.05,63.8,5620,,,
2014-07-22,64.0,64.5,63.5,63.5,5589,,,
2014-07-23,64.45,64.5,63.0,63.65,7704,,,
2014-07-24,63.1,66.35,63.1,65.15,20595,,,
2014-07-25,64.5,64.5,60.5,62.2,14780,,,
2014-07-28,61.5,61.5,60.3,61.15,2126,,,
2014-07-30,60.5,60.5,58.9,59.05,5779,,,
2014-07-31,59.25,59.35,55.25,56.2,9229,,,
2014-08-01,55.5,56.4,53.8,54.6,6325,,,
2014-08-04,54.5,56.2,53.75,54.65,3040,,,
2014-08-05,55.9,55.9,53.0,53.95,5179,,,
2014-08-06,54.5,58.5,54.1,56.5,14484,,,
2014-08-07,56.05,56.5,54.5,54.8,6198,,,
2014-08-08,54.4,55.0,52.25,54.3,11262,,,
2014-08-11,54.5,57.0,54.5,55.2,3657,,,
2014-08-12,54.5,56.3,52.8,54.1,3475,,,
2014-08-13,53.55,54.45,52.6,52.85,4439,,,
2014-08-14,54.2,54.25,53.05,53.5,2301,,,
2014-08-18,53.7,56.85,53.3,53.9,3132,,,
2014-08-19,55.95,55.95,52.65,53.4,6793,,,
2014-08-20,53.15,53.3,52.0,53.0,2600,,,
2014-08-21,53.5,54.5,52.6,53.7,13388,,,
2014-08-22,54.55,54.75,53.05,54.0,17080,,,
2014-08-25,55.5,57.0,54.55,55.4,8477,,,
2014-08-26,55.0,55.75,54.75,55.7,2517,,,
2014-08-27,56.85,57.4,56.1,56.65,12567,,,
2014-08-28,56.0,56.9,55.5,56.4,5051,,,
2014-09-01,56.6,57.0,56.4,56.55,6077,,,
2014-09-02,57.25,57.25,55.55,56.1,6343,,,
2014-09-03,56.3,56.8,55.05,55.4,3621,,,
2014-09-04,57.2,58.35,55.45,58.0,5264,,,
2014-09-05,57.75,65.0,57.05,64.2,36770,,,
2014-09-08,65.0,71.7,65.0,69.2,55051,,,
2014-09-09,68.7,70.45,66.0,68.7,20318,,,
2014-09-10,69.5,71.7,67.6,68.5,35774,,,
2014-09-11,69.25,77.95,69.25,75.4,62239,,,
2014-09-12,76.95,78.3,73.8,74.15,35780,,,
2014-09-15,73.5,74.25,69.35,70.2,15439,,,
2014-09-16,71.0,71.1,66.55,67.15,16167,,,
2014-09-17,66.45,69.5,66.1,67.7,7368,,,
2014-09-18,69.0,72.2,66.95,70.8,21657,,,
2014-09-19,70.95,72.2,68.95,69.45,4436,,,
2014-09-22,69.95,72.45,67.6,68.6,12283,,,
2014-09-23,68.5,71.9,66.15,67.65,13630,,,
2014-09-24,68.0,69.0,64.15,65.35,10553,,,
2014-09-25,65.5,66.25,62.0,63.7,6500,,,
2014-09-26,63.0,66.0,62.05,64.4,1542,,,
2014-09-29,65.9,71.3,65.5,70.0,20770,,,
2014-09-30,70.0,71.5,69.45,70.0,7867,,,
2014-10-01,72.0,72.5,67.4,68.4,5891,,,
2014-10-07,68.0,69.5,67.8,68.3,1350,,,
2014-10-08,70.9,70.9,66.6,66.95,4737,,,
2014-10-09,69.2,69.2,66.6,67.45,2040,,,
2014-10-10,67.5,68.6,67.05,68.25,1635,,,
2014-10-13,68.25,68.65,66.8,67.5,1399,,,
2014-10-14,67.5,69.85,66.3,68.5,7011,,,
2014-10-16,69.5,70.0,65.15,66.45,11078,,,
2014-10-17,68.5,68.8,65.1,66.3,2567,,,
2014-10-20,66.4,68.45,64.5,65.45,8713,,,
2014-10-21,66.25,66.25,64.0,64.95,1691,,,
2014-10-22,64.25,67.45,64.0,65.3,2938,,,
2014-10-23,67.0,67.5,65.5,67.1,3886,,,
2014-10-27,68.5,68.5,67.1,67.65,1507,,,
2014-10-28,67.5,68.5,65.6,68.0,2779,,,
2014-10-29,68.0,71.95,68.0,71.6,20778,,,
2014-10-30,72.2,75.55,71.05,73.3,41339,,,
2014-10-31,74.65,75.7,72.6,73.65,11072,,,
2014-11-03,73.0,76.85,71.3,75.3,22194,,,
2014-11-05,76.8,76.8,74.55,75.0,12933,,,
2014-11-07,74.5,78.25,74.0,76.6,50840,,,
2014-11-10,72.0,72.0,63.15,66.85,118036,,,
2014-11-11,66.15,71.0,64.1,67.6,46428,,,
2014-11-12,67.65,69.0,65.65,66.75,10643,,,
2014-11-13,66.8,67.5,64.6,64.95,12830,,,
2014-11-14,65.1,66.0,64.1,64.65,8701,,,
2014-11-17,64.8,67.9,62.6,66.05,11330,,,
2014-11-18,66.0,66.5,64.6,65.3,16220,,,
2014-11-19,65.9,67.1,64.6,65.05,7981,,,
2014-11-20,64.5,69.6,64.5,66.6,16216,,,
2014-11-21,66.0,68.0,66.0,67.1,8429,,,
2014-11-24,66.5,67.45,65.6,65.95,3775,,,
2014-11-25,65.5,67.9,63.0,64.25,13597,,,
2014-11-26,64.05,65.0,62.5,64.7,3296,,,
2014-11-27,64.65,69.2,64.65,68.35,13397,,,
2014-11-28,68.0,74.95,67.1,72.25,50057,,,
2014-12-01,74.0,74.95,70.3,70.9,16799,,,
2014-12-02,71.15,71.95,68.75,70.9,13995,,,
2014-12-03,71.0,74.4,70.45,71.3,19903,,,
2014-12-04,71.3,73.2,71.0,73.1,9257,,,
2014-12-05,72.5,74.4,70.25,70.6,11652,,,
2014-12-08,71.5,74.9,71.5,73.1,34930,,,
2014-12-09,74.0,74.1,71.6,71.8,10484,,,
2014-12-10,71.2,72.5,69.5,69.95,12489,,,
2014-12-11,70.3,72.0,69.15,71.4,10775,,,
2014-12-12,71.55,71.95,68.05,68.6,12144,,,
2014-12-15,68.05,68.25,65.0,65.45,12492,,,
2014-12-16,65.0,65.0,61.05,61.5,10870,,,
2014-12-17,62.0,63.0,58.75,60.15,13109,,,
2014-12-18,61.0,64.9,59.65,62.7,7140,,,
2014-12-19,63.5,64.4,60.8,62.3,7139,,,
2014-12-22,63.1,63.85,60.7,61.8,3693,,,
2014-12-23,61.0,62.4,60.25,61.5,1140,,,
2014-12-24,63.4,63.9,60.65,63.3,9275,,,
2014-12-26,62.5,67.0,61.3,62.4,4250,,,
2014-12-29,62.8,64.95,62.0,63.0,3612,,,
2014-12-30,63.1,63.85,60.8,62.9,3647,,,
2014-12-31,62.8,64.0,62.1,63.4,5399,,,
2015-01-01,63.9,64.0,63.1,63.3,6869,,,
2015-01-02,63.1,65.95,63.1,63.8,6695,,,
2015-01-05,63.55,65.0,63.3,63.6,4795,,,
2015-01-06,63.1,63.1,60.0,61.5,5514,,,
2015-01-07,62.7,62.7,59.75,61.6,2975,,,
2015-01-08,62.8,63.0,61.3,62.15,8180,,,
2015-01-09,61.9,63.75,61.75,62.6,2480,,,
2015-01-12,63.5,63.5,60.65,61.2,1927,,,
2015-01-13,62.5,62.5,59.5,60.35,4801,,,
2015-01-14,61.65,62.0,60.5,60.9,5319,,,
2015-01-15,60.2,61.95,60.2,60.6,4976,,,
2015-01-16,60.5,61.0,60.0,60.5,3368,,,
2015-01-19,61.5,61.55,59.1,59.9,10939,,,
2015-01-20,60.0,60.75,59.5,60.4,13831,,,
2015-01-21,60.0,60.55,59.3,60.5,20305,,,
2015-01-22,61.0,62.5,60.6,61.7,11755,,,
2015-01-23,61.75,63.95,61.45,62.3,11899,,,
2015-01-27,62.1,64.4,61.55,61.9,5435,,,
2015-01-28,61.5,64.0,61.5,63.3,8905,,,
2015-01-29,63.0,63.45,62.5,63.0,6795,,,
2015-01-30,62.5,64.0,62.5,62.9,14568,,,
2015-02-02,62.55,63.75,62.0,62.6,3066,,,
2015-02-03,62.5,63.25,62.0,63.1,4635,,,
2015-02-04,62.5,63.0,61.1,62.9,5256,,,
2015-02-05,63.0,63.0,62.0,62.55,8363,,,
2015-02-06,62.05,62.1,60.8,61.0,6075,,,
2015-02-09,60.5,63.5,60.5,61.2,2854,,,
2015-02-10,60.5,61.45,60.25,60.6,2342,,,
2015-02-11,64.0,64.0,60.6,60.9,3895,,,
2015-02-12,60.5,61.0,58.75,60.1,4922,,,
2015-02-13,59.0,59.15,54.15,54.5,24771,,,
2015-02-16,54.0,54.0,50.5,50.6,45727,,,
2015-02-18,52.0,60.7,51.15,57.1,75172,,,
2015-02-19,57.0,58.9,55.3,57.3,8460,,,
2015-02-20,56.5,57.5,55.5,56.3,4421,,,
2015-02-23,57.9,59.3,55.65,56.05,5854,,,
2015-02-24,55.7,57.45,55.1,55.4,3055,,,
2015-02-25,55.75,56.9,55.15,55.4,3091,,,
2015-02-26,55.5,57.35,51.25,53.65,7030,,,
2015-02-27,54.1,55.65,53.0,54.5,1566,,,
2015-02-28,55.85,55.85,53.85,53.95,1864,,,
2015-03-02,53.5,54.5,51.9,54.1,3224,,,
2015-03-03,53.5,54.85,53.0,53.6,1008,,,
2015-03-04,54.45,54.45,52.6,53.9,1990,,,
2015-03-05,53.5,55.0,51.55,54.8,17684,,,
2015-03-09,54.0,56.8,53.0,54.5,4397,,,
2015-03-10,54.55,54.55,53.0,53.35,1699,,,
2015-03-11,55.95,56.7,53.5,53.8,1036,,,
2015-03-12,55.0,55.0,51.75,52.5,3316,,,
2015-03-13,52.6,55.5,50.75,52.6,2935,,,
2015-03-16,53.0,54.2,51.5,52.15,5818,,,
2015-03-17,52.15,53.85,51.25,52.1,1442,,,
2015-03-18,52.55,52.75,51.5,52.6,2032,,,
2015-03-19,52.2,54.25,50.75,51.15,10020,,,
2015-03-20,51.05,51.9,48.75,49.1,6105,,,
2015-03-23,49.0,50.2,48.1,49.3,9052,,,
2015-03-24,49.25,49.95,48.6,49.15,11764,,,
2015-03-25,49.05,49.5,48.05,48.5,6675,,,
2015-03-26,48.3,49.4,47.5,48.8,8563,,,
2015-03-27,50.0,50.8,47.6,47.8,3573,,,
2015-03-30,48.75,50.5,48.75,49.5,7401,,,
2015-03-31,50.75,51.05,49.5,49.6,2117,,,
2015-04-01,49.6,51.5,49.6,51.1,2262,,,
2015-04-06,50.5,52.7,50.0,51.7,546,,,
2015-04-07,51.25,54.0,51.25,52.2,3701,,,
2015-04-08,52.5,52.5,51.55,51.6,663,,,
2015-04-09,51.6,52.5,51.5,52.0,2370,,,
2015-04-10,52.0,52.85,51.5,52.5,2469,,,
2015-04-13,54.0,54.8,52.8,54.2,2809,,,
2015-04-15,54.0,54.25,51.8,52.8,3271,,,
2015-04-16,52.5,53.0,51.1,51.6,1744,,,
2015-04-17,52.95,53.0,51.25,52.2,1500,,,
2015-04-20,52.25,52.25,50.5,50.5,2018,,,
2015-04-21,50.5,53.65,50.5,51.0,3222,,,
2015-04-22,53.5,53.5,50.55,51.0,2765,,,
2015-04-23,51.9,51.95,50.25,50.4,941,,,
2015-04-24,50.35,51.55,50.35,51.3,1044,,,
2015-04-27,51.3,52.0,49.5,51.85,2936,,,
2015-04-28,51.85,51.85,50.75,51.15,637,,,
2015-04-29,51.05,53.0,51.05,52.3,1082,,,
2015-04-30,52.3,52.6,50.1,51.65,210,,,
2015-05-04,52.25,53.0,52.25,53.0,55,,,
2015-05-05,53.0,53.0,49.55,50.6,2697,,,
2015-05-06,50.6,51.0,50.15,50.55,537,,,
2015-05-07,52.5,52.5,49.55,49.55,314,,,
2015-05-08,49.5,52.4,49.5,50.75,963,,,
2015-05-11,52.0,53.25,50.35,51.15,1477,,,
2015-05-12,50.5,51.8,49.1,49.8,172,,,
2015-05-13,52.2,52.2,49.9,50.85,2646,,,
2015-05-14,50.5,50.5,48.0,48.7,2857,,,
2015-05-15,48.7,50.0,47.5,48.6,5109,,,
2015-05-18,48.65,50.9,48.5,49.9,3553,,,
2015-05-19,50.75,51.6,49.75,50.1,1984,,,
2015-05-20,49.5,51.5,49.1,51.2,471,,,
2015-05-21,50.8,50.8,49.3,49.55,3226,,,
2015-05-22,52.75,52.75,48.5,49.3,627,,,
2015-05-25,49.15,50.7,47.8,49.25,242,,,
2015-05-26,49.5,50.0,48.75,49.2,602,,,
2015-05-27,49.3,50.1,49.25,49.4,368,,,
2015-05-28,51.55,51.55,49.0,49.5,2059,,,
2015-05-29,50.0,51.5,49.0,50.05,2006,,,
2015-06-01,52.35,52.35,49.15,51.0,806,,,
2015-06-02,50.5,50.5,48.5,49.8,1031,,,
2015-06-03,49.1,50.0,47.2,48.25,2580,,,
2015-06-04,51.6,51.6,46.25,47.5,2274,,,
2015-06-05,48.75,48.75,47.5,47.75,1261,,,
2015-06-08,47.75,50.0,47.25,47.5,423,,,
2015-06-09,48.8,48.8,47.5,48.45,15578,,,
2015-06-10,49.5,49.5,48.0,48.1,109,,,
2015-06-11,48.5,49.9,48.5,48.5,521,,,
2015-06-12,47.75,50.7,47.1,47.5,1277,,,
2015-06-15,48.0,48.5,47.5,47.9,761,,,
2015-06-16,47.9,48.0,47.5,47.55,415,,,
2015-06-17,48.5,48.5,47.1,47.7,2155,,,
2015-06-18,48.5,48.5,47.5,47.6,2586,,,
2015-06-19,47.0,48.5,47.0,48.3,1661,,,
2015-06-22,47.7,48.5,47.15,47.4,6763,,,
2015-06-23,47.75,48.5,47.5,47.55,1043,,,
2015-06-24,47.6,47.6,46.75,47.0,3253,,,
2015-06-25,47.0,48.85,46.75,48.2,844,,,
2015-06-26,48.5,48.5,47.1,47.7,437,,,
2015-06-29,47.0,47.0,44.25,45.05,1720,,,
2015-06-30,45.05,47.5,45.05,47.1,5005,,,
2015-07-01,51.5,51.5,47.2,48.9,1645,,,
2015-07-02,48.0,48.0,47.1,47.55,1319,,,
2015-07-03,47.25,49.9,46.3,49.5,1220,,,
2015-07-06,49.5,49.5,47.85,48.0,2641,,,
2015-07-07,50.5,51.5,48.3,48.4,6196,,,
2015-07-08,48.0,50.0,46.0,46.4,2647,,,
2015-07-09,46.75,47.85,46.75,46.75,1024,,,
2015-07-10,47.1,49.0,45.35,47.0,3369,,,
2015-07-13,47.1,49.9,47.1,49.3,5067,,,
2015-07-14,49.7,53.0,49.0,50.0,9959,,,
2015-07-15,50.95,52.4,49.8,51.65,1792,,,
2015-07-16,53.4,54.0,51.55,53.7,7160,,,
2015-07-17,53.25,58.25,53.25,56.35,15637,,,
2015-07-20,56.05,57.45,53.3,53.8,4744,,,
2015-07-21,57.0,57.0,53.35,53.6,3635,,,
2015-07-22,56.5,58.5,53.55,56.0,8538,,,
2015-07-23,56.4,57.0,54.6,55.2,4203,,,
2015-07-24,55.0,57.15,55.0,57.0,3370,,,
2015-07-27,53.0,60.1,53.0,56.8,10715,,,
2015-07-28,57.5,57.5,56.0,56.0,805,,,
2015-07-29,55.85,60.85,55.5,58.15,15669,,,
2015-07-30,57.5,58.95,57.5,58.1,1608,,,
2015-07-31,58.0,59.4,57.05,58.1,7218,,,
2015-08-03,59.95,60.0,57.8,59.3,11712,,,
2015-08-04,59.0,59.0,56.3,57.05,6109,,,
2015-08-05,61.1,61.1,57.15,57.5,4398,,,
2015-08-06,59.4,59.4,56.75,56.8,1271,,,
2015-08-07,59.0,60.0,57.0,57.5,14782,,,
2015-08-10,57.75,57.75,56.1,56.1,5668,,,
2015-08-11,56.25,58.0,55.75,56.85,2206,,,
2015-08-12,56.0,56.35,54.8,55.0,3148,,,
2015-08-13,56.0,56.0,53.7,53.9,2849,,,
2015-08-14,55.9,61.0,55.9,57.2,15796,,,
2015-08-17,58.9,58.9,55.1,57.4,538,,,
2015-08-18,56.5,57.5,55.5,56.05,2164,,,
2015-08-19,56.05,56.3,55.1,55.3,1366,,,
2015-08-20,55.55,56.75,55.1,55.2,1060,,,
2015-08-21,55.1,55.1,52.65,54.0,1639,,,
2015-08-24,53.0,54.0,51.0,51.2,4986,,,
2015-08-25,50.55,54.4,46.1,50.1,3587,,,
2015-08-26,51.55,51.55,49.05,50.0,1435,,,
2015-08-27,49.55,49.9,46.75,47.1,7818,,,
2015-08-28,49.45,50.9,47.4,50.7,5864,,,
2015-08-31,49.5,50.5,48.3,48.75,1111,,,
2015-09-01,49.5,50.2,47.25,47.9,3165,,,
2015-09-02,47.6,49.05,47.6,48.8,960,,,
2015-09-03,48.6,50.0,48.6,50.0,2117,,,
2015-09-04,49.5,49.95,47.5,49.9,2037,,,
2015-09-07,50.0,50.5,49.5,49.8,2812,,,
2015-09-08,50.1,50.1,48.5,49.9,3890,,,
2015-09-09,49.5,54.0,49.5,53.0,36375,,,
2015-09-10,52.5,52.5,50.5,52.5,1190,,,
2015-09-11,51.5,51.5,50.6,51.2,57,,,
2015-09-14,54.8,59.0,52.3,56.05,11532,,,
2015-09-15,55.5,59.0,53.5,57.0,7742,,,
2015-09-16,57.1,57.1,54.65,55.7,1905,,,
2015-09-18,58.4,58.4,56.05,57.15,292,,,
2015-09-21,57.0,57.9,55.0,56.1,1809,,,
2015-09-22,57.0,57.0,54.75,55.05,4557,,,
2015-09-23,55.1,55.8,54.1,55.0,851,,,
2015-09-24,54.6,57.35,54.6,55.7,1023,,,
2015-09-28,55.5,55.5,54.0,54.1,2500,,,
2015-09-29,55.0,56.5,54.1,55.1,2700,,,
2015-09-30,56.0,56.0,54.6,54.9,2362,,,
2015-10-01,54.55,56.0,54.55,55.8,2064,,,
2015-10-05,56.0,56.0,55.5,55.8,2534,,,
2015-10-06,55.9,56.1,55.75,55.75,5029,,,
2015-10-07,56.0,57.0,55.25,55.4,3474,,,
2015-10-08,55.0,56.45,53.0,55.8,4230,,,
2015-10-09,55.95,56.1,55.75,55.95,6400,,,
2015-10-12,56.0,57.4,53.55,55.9,3141,,,
2015-10-13,57.5,58.5,54.5,56.75,1773,,,
2015-10-14,56.0,56.5,55.25,56.0,1724,,,
2015-10-15,57.4,57.4,55.55,57.15,4305,,,
2015-10-16,56.0,56.5,55.0,56.5,214,,,
2015-10-19,56.75,56.8,56.25,56.25,1604,,,
2015-10-20,56.0,57.0,55.0,55.7,1469,,,
2015-10-21,56.0,56.25,55.95,56.0,2251,,,
2015-10-23,56.0,57.5,56.0,57.1,2510,,,
2015-10-26,56.1,59.65,50.65,58.55,11043,,,
2015-10-27,58.4,58.4,56.8,57.0,1070,,,
2015-10-28,57.0,57.0,54.55,56.8,1225,,,
2015-10-29,56.3,57.5,56.25,57.35,780,,,
2015-10-30,57.5,57.5,56.1,56.4,927,,,
2015-11-02,57.6,57.6,54.7,55.25,6569,,,
2015-11-03,55.5,59.5,55.15,56.8,2493,,,
2015-11-04,58.7,59.45,57.5,57.75,5281,,,
2015-11-05,57.5,58.3,57.25,57.9,150,,,
2015-11-06,57.25,57.25,55.6,56.7,721,,,
2015-11-09,56.0,57.2,54.75,55.3,964,,,
2015-11-10,54.55,56.0,54.55,55.3,1819,,,
2015-11-11,56.45,56.45,56.45,56.45,50,,,
2015-11-13,59.45,59.45,54.0,55.4,232,,,
2015-11-16,54.65,56.2,53.5,53.8,3127,,,
2015-11-17,54.0,54.0,52.75,53.0,3108,,,
2015-11-18,53.3,56.0,53.15,54.5,3489,,,
2015-11-19,55.05,56.9,55.0,55.55,841,,,
2015-11-20,55.0,55.0,52.0,53.0,8731,,,
2015-11-23,55.1,59.0,54.7,55.6,5023,,,
2015-11-24,55.5,55.5,54.6,54.6,1128,,,
2015-11-26,55.8,56.0,53.0,54.9,9333,,,
2015-11-27,55.2,56.4,55.0,55.1,5412,,,
2015-11-30,55.8,55.8,54.0,54.15,1592,,,
2015-12-01,54.1,55.5,53.0,54.8,1708,,,
2015-12-02,54.35,55.5,54.3,55.3,590,,,
2015-12-03,55.0,55.9,54.15,55.0,2185,,,
2015-12-04,54.8,62.3,53.55,60.7,25376,,,
2015-12-07,60.5,61.75,58.1,58.25,7180,,,
2015-12-08,57.5,59.4,56.5,57.5,1988,,,
2015-12-09,57.5,58.05,55.5,55.8,2618,,,
2015-12-10,55.1,55.75,54.5,55.0,3387,,,
2015-12-11,54.5,57.9,52.3,54.3,17574,,,
2015-12-14,57.25,57.25,54.55,56.2,2499,,,
2015-12-15,55.05,56.65,55.05,56.25,525,,,
2015-12-16,57.45,58.05,54.6,56.0,3411,,,
2015-12-17,55.5,57.1,55.1,55.9,1736,,,
2015-12-18,55.0,56.5,54.5,55.05,4544,,,
2015-12-21,56.2,56.2,53.8,54.75,5137,,,
2015-12-22,55.9,56.75,54.35,55.85,4359,,,
2015-12-23,57.2,57.25,55.5,55.95,3297,,,
2015-12-24,56.0,56.5,54.8,55.75,6686,,,
2015-12-28,55.75,61.5,55.75,57.6,6285,,,
2015-12-29,59.4,59.4,55.5,56.35,3171,,,
2015-12-30,57.95,58.0,56.15,57.15,4302,,,
2015-12-31,57.45,57.45,56.1,56.8,1969,,,
2016-01-01,57.45,65.55,57.45,62.15,90773,,,
2016-01-04,64.5,64.95,60.0,60.75,13552,,,
2016-01-05,62.35,72.9,60.1,71.0,112607,,,
2016-01-06,70.5,75.25,68.65,69.65,68019,,,
2016-01-07,68.0,69.45,65.25,65.7,10871,,,
2016-01-08,71.0,71.0,65.0,67.4,18372,,,
2016-01-11,67.1,67.5,63.5,67.3,6640,,,
2016-01-12,68.9,73.15,66.8,68.2,32084,,,
2016-01-13,67.0,68.5,61.05,63.95,11446,,,
2016-01-14,63.5,65.8,57.6,60.3,14160,,,
2016-01-15,61.0,63.2,56.4,58.45,22447,,,
2016-01-18,59.0,59.0,53.6,53.65,8522,,,
2016-01-19,54.0,55.8,52.7,54.85,8897,,,
2016-01-20,54.0,55.7,54.0,54.6,5850,,,
2016-01-21,57.3,57.5,55.0,56.15,2349,,,
2016-01-22,56.5,59.8,55.5,58.55,3684,,,
2016-01-25,58.6,60.5,58.1,59.95,2143,,,
2016-01-27,61.5,62.0,58.2,59.8,1689,,,
2016-01-28,60.5,61.5,57.4,60.15,3327,,,
2016-01-29,59.6,59.75,58.5,59.35,1114,,,
2016-02-01,66.5,71.15,61.65,62.9,43498,,,
2016-02-02,63.25,63.9,60.5,61.05,9979,,,
2016-02-03,58.6,62.1,58.6,60.4,1286,,,
2016-02-04,62.0,62.5,57.75,59.0,10167,,,
2016-02-05,59.75,60.0,59.3,59.9,10054,,,
2016-02-08,60.0,61.9,58.0,59.6,34018,,,
2016-02-09,59.0,61.5,58.25,60.85,3507,,,
2016-02-10,59.05,61.4,57.5,57.75,2818,,,
2016-02-11,58.0,58.0,52.6,53.3,56842,,,
2016-02-12,53.0,55.65,50.5,54.0,9420,,,
2016-02-15,56.0,57.0,50.8,53.35,9502,,,
2016-02-16,54.0,54.75,52.5,52.8,3237,,,
2016-02-17,52.5,54.9,52.5,54.2,1308,,,
2016-02-18,56.45,57.0,53.3,54.25,1478,,,
2016-02-19,53.0,56.0,53.0,55.05,1271,,,
2016-02-22,56.0,56.0,53.5,55.7,286,,,
2016-02-23,55.0,56.0,54.55,55.0,1676,,,
2016-02-24,54.5,55.85,53.0,53.6,556,,,
2016-02-25,53.5,54.95,52.6,53.65,1005,,,
2016-02-26,52.6,55.35,52.6,54.0,2544,,,
2016-02-29,55.0,55.25,54.0,54.85,6212,,,
2016-03-01,56.0,56.25,54.3,54.6,2362,,,
2016-03-02,53.5,56.7,53.1,54.6,4385,,,
2016-03-03,54.8,56.0,54.5,54.8,1877,,,
2016-03-04,54.75,55.5,53.3,54.1,6873,,,
2016-03-08,52.55,56.0,52.55,55.45,4425,,,
2016-03-09,54.05,56.5,54.05,56.0,1730,,,
2016-03-10,57.0,57.5,54.45,57.1,1810,,,
2016-03-11,56.05,59.0,56.05,57.1,1707,,,
2016-03-14,56.1,57.5,56.1,57.35,101,,,
2016-03-15,56.25,59.35,56.05,56.65,2239,,,
2016-03-16,56.05,56.6,55.05,55.55,1417,,,
2016-03-17,56.0,58.0,56.0,56.35,340,,,
2016-03-18,57.05,59.0,55.55,56.5,1543,,,
2016-03-21,56.6,58.4,56.6,57.7,3302,,,
2016-03-22,57.7,57.7,56.5,56.95,2723,,,
2016-03-23,56.5,57.0,55.0,55.5,3446,,,
2016-03-28,55.5,56.4,55.05,55.5,4869,,,
2016-03-29,58.5,58.5,54.05,54.65,6014,,,
2016-03-30,54.95,56.45,54.95,56.1,516,,,
2016-03-31,56.1,57.45,56.1,57.4,5355,,,
2016-04-01,55.0,59.3,54.0,58.7,2568,,,
2016-04-04,59.5,60.4,58.0,59.8,907,,,
2016-04-05,60.0,67.0,57.6,64.7,22326,,,
2016-04-06,62.8,66.9,61.6,65.6,3697,,,
2016-04-07,65.0,66.8,64.0,65.5,16824,,,
2016-04-08,62.5,71.9,62.5,67.6,28631,,,
2016-04-11,67.0,67.5,65.55,65.8,1938,,,
2016-04-12,67.9,73.75,66.05,70.25,62454,,,
2016-04-13,71.0,74.95,69.5,71.4,35121,,,
2016-04-18,74.55,75.0,71.3,71.9,14262,,,
2016-04-20,70.6,72.4,70.5,71.4,2755,,,
2016-04-21,71.05,72.4,70.0,70.6,3627,,,
2016-04-22,70.0,71.6,68.3,69.8,1281,,,
2016-04-25,69.75,74.0,69.5,71.45,11539,,,
2016-04-26,71.0,71.5,70.0,70.85,2030,,,
2016-04-27,70.8,71.9,69.55,70.1,3479,,,
2016-04-28,69.8,69.8,66.5,67.9,4661,,,
2016-04-29,66.6,68.8,66.0,68.2,772,,,
2016-05-02,67.5,69.9,66.6,66.7,2869,,,
2016-05-03,65.0,70.45,65.0,67.5,977,,,
2016-05-04,69.4,69.4,66.15,67.0,1379,,,
2016-05-05,67.0,68.0,64.75,67.0,1274,,,
2016-05-06,68.45,69.0,68.0,68.5,954,,,
2016-05-09,72.55,82.2,72.05,82.2,219696,,,
2016-05-10,86.5,86.5,79.1,80.6,194322,,,
2016-05-11,79.05,84.9,79.0,83.0,73599,,,
2016-05-12,83.5,90.95,83.5,89.8,112629,,,
2016-05-13,91.45,92.0,86.4,89.5,48905,,,
2016-05-16,92.5,94.45,91.1,93.45,56473,,,
2016-05-17,94.0,97.3,92.1,94.15,93199,,,
2016-05-18,93.5,96.7,92.75,95.75,31115,,,
2016-05-19,97.75,97.75,91.0,92.3,33497,,,
2016-05-20,92.5,95.5,91.45,95.15,38584,,,
2016-05-23,94.1,97.0,92.5,93.95,17296,,,
2016-05-24,95.65,95.9,92.5,92.95,16854,,,
2016-05-25,93.1,95.4,92.1,93.0,9973,,,
2016-05-26,95.75,95.75,92.0,93.45,15223,,,
2016-05-27,93.15,95.5,92.5,93.9,14416,,,
2016-05-30,95.9,99.0,95.25,98.3,36143,,,
2016-05-31,97.95,100.0,95.1,98.15,10175,,,
2016-06-01,98.5,101.0,97.3,99.05,21458,,,
2016-06-02,99.5,99.95,96.55,97.8,10021,,,
2016-06-03,99.5,99.75,97.0,97.4,10264,,,
2016-06-06,97.0,97.5,94.0,96.05,7572,,,
2016-06-07,97.45,97.45,94.5,95.1,8299,,,
2016-06-08,95.5,96.35,93.45,94.45,8081,,,
2016-06-09,93.0,95.5,93.0,93.55,10222,,,
2016-06-10,94.0,94.5,92.5,93.2,8577,,,
2016-06-13,93.1,97.25,92.85,96.45,8663,,,
2016-06-14,96.95,99.45,96.95,98.85,17332,,,
2016-06-15,98.95,103.95,94.0,103.2,52894,,,
2016-06-16,101.15,106.25,101.15,102.8,54610,,,
2016-06-17,102.1,104.1,101.7,102.75,18913,,,
2016-06-20,102.75,123.3,101.5,123.3,292264,,,
2016-06-21,128.85,146.8,128.85,135.5,1019296,,,
2016-06-22,134.5,140.9,128.25,130.55,333840,,,
2016-06-23,130.9,132.4,121.3,123.5,119376,,,
2016-06-24,116.65,120.0,100.1,116.65,159331,,,
2016-06-27,115.0,137.65,115.0,130.5,201736,,,
2016-06-28,130.85,134.6,125.0,128.3,93729,,,
2016-06-29,129.9,133.0,125.6,127.9,44096,,,
2016-06-30,129.45,132.5,126.55,127.5,90394,,,
2016-07-01,127.5,130.0,125.6,126.9,31415,,,
2016-07-04,128.4,128.5,123.8,124.7,21867,,,
2016-07-05,125.9,125.9,119.05,122.1,30167,,,
2016-07-07,123.1,124.95,120.0,120.75,15509,,,
2016-07-08,124.4,127.0,120.25,124.95,42299,,,
2016-07-11,127.9,131.45,126.65,127.8,32027,,,
2016-07-12,126.75,127.7,122.5,123.7,21570,,,
2016-07-13,125.8,129.45,121.9,126.05,23657,,,
2016-07-14,126.5,126.85,122.55,124.0,12708,,,
2016-07-15,128.6,129.0,123.3,123.95,17695,,,
2016-07-18,125.1,127.05,123.6,124.0,11207,,,
2016-07-19,125.1,132.0,120.95,129.9,66133,,,
2016-07-20,131.5,137.5,131.0,134.4,89354,,,
2016-07-21,135.5,138.5,132.5,134.5,32933,,,
2016-07-22,135.3,138.5,133.2,136.35,43830,,,
2016-07-25,152.6,163.6,150.55,163.6,395080,,,
2016-07-26,170.0,171.5,148.3,150.45,269182,,,
2016-07-27,150.5,156.75,145.0,146.65,103536,,,
2016-07-28,147.0,154.0,146.45,149.95,53869,,,
2016-07-29,151.45,166.5,151.45,159.55,154983,,,
2016-08-01,161.95,169.35,157.55,163.0,100121,,,
2016-08-02,164.0,165.0,160.0,161.7,36071,,,
2016-08-03,162.4,165.0,158.0,160.05,30930,,,
2016-08-04,162.0,162.5,157.5,158.55,20870,,,
2016-08-05,159.05,165.0,156.5,162.5,34152,,,
2016-08-08,162.7,164.0,158.5,160.1,15138,,,
2016-08-09,160.5,163.5,155.8,157.3,13981,,,
2016-08-10,157.5,159.85,149.5,152.8,29128,,,
2016-08-11,150.0,156.5,145.65,147.4,17210,,,
2016-08-12,145.0,155.45,145.0,149.9,20244,,,
2016-08-16,152.5,154.0,145.25,146.9,17523,,,
2016-08-17,147.0,157.15,147.0,155.6,21835,,,
2016-08-18,155.55,160.0,155.55,158.55,15156,,,
2016-08-19,159.9,161.7,152.55,156.55,17456,,,
2016-08-22,158.4,173.5,155.1,167.0,99461,,,
2016-08-23,168.4,179.2,166.8,172.55,107201,,,
2016-08-24,172.5,175.0,167.8,170.6,35868,,,
2016-08-25,172.45,172.45,166.5,167.2,15238,,,
2016-08-26,172.5,175.0,168.5,170.0,53280,,,
2016-08-29,170.0,171.6,166.5,169.75,17833,,,
2016-08-30,170.5,175.5,167.0,174.0,44150,,,
2016-08-31,171.55,177.05,170.65,172.1,38423,,,
2016-09-01,173.95,177.5,171.0,175.05,36596,,,
2016-09-02,175.6,177.0,172.1,172.85,12860,,,
2016-09-06,172.95,175.0,169.05,172.35,9309,,,
2016-09-07,172.6,172.65,167.0,169.0,12887,,,
2016-09-08,169.0,174.95,169.0,173.55,8852,,,
2016-09-09,172.55,173.5,168.0,170.55,13500,,,
2016-09-12,168.05,170.0,162.8,163.9,14565,,,
2016-09-14,165.0,165.95,158.05,161.95,13714,,,
2016-09-15,162.6,162.6,158.6,159.2,14327,,,
2016-09-16,161.55,163.0,157.5,158.55,11406,,,
2016-09-19,157.5,162.95,157.5,158.6,6902,,,
2016-09-20,160.0,162.8,156.0,156.2,11118,,,
2016-09-21,160.0,160.0,154.0,156.15,15748,,,
2016-09-22,158.5,169.85,157.05,164.9,36295,,,
2016-09-23,164.9,166.4,160.05,160.45,12619,,,
2016-09-26,160.0,162.5,155.6,157.8,10038,,,
2016-09-27,163.9,163.9,155.25,156.05,14223,,,
2016-09-28,159.0,160.0,156.05,158.9,5724,,,
2016-09-29,159.15,162.5,142.7,147.8,37901,,,
2016-09-30,153.95,154.75,150.0,154.2,6777,,,
2016-10-03,157.3,160.95,152.65,158.7,19823,,,
2016-10-04,158.65,159.45,156.05,157.45,2928,,,
2016-10-05,157.6,160.55,154.55,155.7,10497,,,
2016-10-06,157.0,159.0,155.6,157.45,7892,,,
2016-10-07,158.45,158.5,154.3,154.6,7932,,,
2016-10-10,154.2,157.0,153.5,155.8,3876,,,
2016-10-13,158.5,158.5,152.05,153.35,5212,,,
2016-10-14,152.05,155.0,148.5,152.8,13138,,,
2016-10-17,153.0,164.2,153.0,161.1,28072,,,
2016-10-18,161.5,167.05,161.5,166.3,33136,,,
2016-10-19,167.9,199.5,164.8,199.5,352919,,,
2016-10-20,214.0,218.65,207.5,211.55,392867,,,
2016-10-21,210.9,227.2,209.5,220.8,280099,,,
2016-10-24,230.5,232.5,221.75,228.0,247879,,,
2016-10-25,228.9,235.5,226.5,230.0,134114,,,
2016-10-26,227.0,232.0,225.0,228.8,53910,,,
2016-10-27,229.05,231.0,222.65,227.9,31134,,,
2016-10-28,235.0,250.65,230.0,250.65,274393,,,
2016-10-30,268.0,275.7,262.5,275.7,94946,,,
2016-11-01,287.5,297.5,262.8,287.3,347535,,,
2016-11-02,286.0,287.0,273.5,276.1,87321,,,
2016-11-03,267.5,278.4,261.7,261.9,65089,,,
2016-11-04,260.0,261.0,248.85,248.85,116000,,,
2016-11-07,257.0,258.3,239.05,243.55,45361,,,
2016-11-08,246.2,250.25,232.5,237.4,38278,,,
2016-11-09,225.5,249.2,225.5,247.7,62666,,,
2016-11-10,255.0,260.1,252.5,260.1,23424,,,
2016-11-11,256.0,258.2,247.1,247.2,37693,,,
2016-11-15,250.0,250.0,234.85,234.85,7936,,,
2016-11-16,235.0,236.0,223.1,223.1,24730,,,
2016-11-17,215.0,222.5,212.0,212.0,28722,,,
2016-11-18,211.0,211.0,202.5,204.7,25653,,,
2016-11-21,208.25,210.0,194.45,194.45,24839,,,
2016-11-22,193.1,202.5,185.0,189.5,45277,,,
2016-11-23,197.45,198.95,197.45,198.95,8423,,,
2016-11-24,202.95,208.9,201.0,208.9,27528,,,
2016-11-25,219.0,219.3,216.2,219.3,29397,,,
2016-11-28,224.9,230.3,224.9,230.3,28786,,,
2016-11-29,241.8,241.8,236.55,241.8,13900,,,
2016-11-30,251.5,251.5,242.8,245.6,77965,,,
2016-12-01,246.0,248.5,233.5,239.6,30703,,,
2016-12-02,235.0,249.4,230.55,236.9,36238,,,
2016-12-05,232.35,243.95,230.7,241.45,18906,,,
2016-12-06,243.9,252.35,239.3,247.4,42384,,,
2016-12-07,249.4,249.4,235.5,237.6,20449,,,
2016-12-08,244.25,248.0,242.0,244.85,20867,,,
2016-12-09,249.55,257.05,249.55,257.05,17305,,,
2016-12-12,262.6,267.75,252.5,259.3,55971,,,
2016-12-13,259.5,261.0,253.0,255.15,19023,,,
2016-12-14,255.5,259.8,252.5,252.8,15878,,,
2016-12-15,252.5,265.0,246.1,257.5,18877,,,
2016-12-16,258.4,260.0,255.0,259.2,10992,,,
2016-12-19,255.1,272.1,255.1,272.1,26784,,,
2016-12-20,275.0,277.5,260.0,262.9,60252,,,
2016-12-21,262.9,274.2,262.9,266.9,25981,,,
2016-12-22,269.0,271.5,256.0,259.1,36836,,,
2016-12-23,261.9,272.05,255.5,264.55,30387,,,
2016-12-26,262.5,266.9,251.3,251.3,28317,,,
2016-12-27,254.0,255.0,242.5,253.5,21370,,,
2016-12-28,255.05,264.75,253.1,254.0,27329,,,
2016-12-29,257.5,261.7,252.5,256.7,11828,,,
2016-12-30,262.5,262.5,253.5,254.6,20136,,,
2017-01-02,255.0,262.25,254.6,260.5,16006,,,
2017-01-03,255.05,273.55,255.05,273.05,87190,,,
2017-01-04,275.5,278.9,267.5,268.5,30750,,,
2017-01-05,271.9,277.5,269.6,271.7,16393,,,
2017-01-06,275.5,275.5,265.0,267.2,17696,,,
2017-01-09,265.5,273.45,265.5,268.85,9678,,,
2017-01-10,272.2,272.5,267.5,270.7,17894,,,
2017-01-11,265.0,271.5,263.5,264.95,43985,,,
2017-01-12,267.15,271.5,266.0,270.6,26695,,,
2017-01-13,272.05,272.05,262.7,264.4,16195,,,
2017-01-16,269.95,275.0,264.1,267.05,19963,,,
2017-01-17,269.9,269.9,263.3,264.95,8892,,,
2017-01-18,263.8,267.0,261.0,261.7,10259,,,
2017-01-19,260.0,266.0,260.0,262.35,4771,,,
2017-01-20,262.0,263.5,260.0,260.55,9941,,,
2017-01-23,259.0,263.65,250.1,262.0,7702,,,
2017-01-24,265.0,273.5,258.2,269.0,33005,,,
2017-01-25,275.5,277.35,271.0,272.05,54859,,,
2017-01-27,275.0,275.5,271.0,272.65,28539,,,
2017-01-30,272.65,274.9,260.05,267.4,15028,,,
2017-01-31,267.0,270.0,264.0,268.7,15828,,,
2017-02-01,271.8,274.3,268.0,271.7,19291,,,
2017-02-02,273.0,276.5,270.5,272.5,56482,,,
2017-02-03,273.0,286.05,273.0,286.05,61858,,,
2017-02-06,300.4,300.4,297.5,300.4,33732,,,
2017-02-07,318.45,319.95,293.65,298.2,159909,,,
2017-02-08,298.5,311.0,290.8,298.2,86543,,,
2017-02-09,300.5,303.2,293.5,295.55,22323,,,
2017-02-10,297.0,302.4,283.0,286.8,41844,,,
2017-02-13,289.5,301.0,286.85,290.9,43022,,,
2017-02-14,292.35,299.0,291.15,296.55,20806,,,
2017-02-15,298.05,303.5,293.75,296.2,47631,,,
2017-02-16,295.05,301.5,292.5,299.55,29336,,,
2017-02-17,300.0,306.5,296.7,302.7,46244,,,
2017-02-20,307.3,319.95,305.2,310.05,102897,,,
2017-02-21,312.5,312.5,305.5,309.0,18285,,,
2017-02-22,311.2,311.2,304.0,307.1,11133,,,
2017-02-23,304.0,308.7,304.0,306.95,9671,,,
2017-02-27,305.0,309.5,302.5,303.2,15968,,,
2017-02-28,301.9,306.5,300.5,301.6,13541,,,
2017-03-01,304.0,308.0,300.0,301.3,26296,,,
2017-03-02,303.7,306.5,298.5,299.75,26043,,,
2017-03-03,300.0,304.3,300.0,302.8,11167,,,
2017-03-06,301.25,307.4,301.05,302.8,10466,,,
2017-03-07,304.3,304.35,300.0,300.15,6631,,,
2017-03-08,300.6,302.5,296.4,298.2,9544,,,
2017-03-09,299.0,302.25,297.0,300.1,11879,,,
2017-03-10,300.4,309.0,299.95,304.8,30171,,,
2017-03-14,310.0,311.45,306.0,308.0,14641,,,
2017-03-15,310.0,311.2,308.0,310.55,13574,,,
2017-03-16,312.5,324.0,310.4,320.6,67577,,,
2017-03-17,330.0,337.5,317.0,320.9,57548,,,
2017-03-20,329.5,332.55,325.55,331.1,42200,,,
2017-03-21,332.3,337.3,325.0,332.5,34940,,,
2017-03-22,330.0,334.95,325.9,329.8,24702,,,
2017-03-23,332.5,344.0,330.05,340.4,58024,,,
2017-03-24,343.7,359.0,341.8,350.15,122901,,,
2017-03-27,352.5,359.95,349.5,350.75,69650,,,
2017-03-28,354.0,363.0,347.55,358.65,53145,,,
2017-03-29,360.0,362.5,357.75,358.35,22333,,,
2017-03-30,365.0,371.5,364.5,368.9,47768,,,
2017-03-31,371.5,399.0,371.5,389.7,156192,,,
2017-04-03,393.0,397.5,390.85,393.0,54257,,,
2017-04-05,396.45,396.45,392.5,395.0,30642,,,
2017-04-06,394.5,395.0,390.0,394.1,17199,,,
2017-04-07,393.5,394.8,383.0,387.6,21101,,,
2017-04-10,394.15,394.15,380.55,386.35,15548,,,
2017-04-11,388.5,390.0,383.0,384.6,11479,,,
2017-04-12,380.6,394.0,380.6,387.7,27412,,,
2017-04-13,388.0,395.0,384.15,389.1,13515,,,
2017-04-17,392.5,394.0,382.5,386.0,19855,,,
2017-04-18,391.5,401.2,386.0,391.55,45221,,,
2017-04-19,394.55,395.8,387.5,394.6,9093,,,
2017-04-20,396.9,398.5,392.5,394.9,14892,,,
2017-04-21,397.95,407.5,393.8,404.6,38730,,,
2017-04-24,407.4,422.0,403.5,416.95,69307,,,
2017-04-25,426.0,456.0,426.0,447.1,178278,,,
2017-04-26,454.4,458.4,437.5,446.0,64324,,,
2017-04-27,448.95,456.0,437.5,442.6,28009,,,
2017-04-28,447.0,453.45,441.25,443.3,17781,,,
2017-05-02,443.0,454.95,430.1,446.7,27919,,,
2017-05-03,453.5,467.3,445.0,462.7,87427,,,
2017-05-04,475.5,492.05,475.0,489.6,147116,,,
2017-05-05,492.5,497.5,490.0,494.25,88130,,,
2017-05-08,505.0,508.0,485.6,494.6,142358,,,
2017-05-09,496.4,497.5,487.5,488.8,61133,,,
2017-05-10,488.5,496.25,484.0,486.0,43436,,,
2017-05-11,487.5,490.9,480.0,487.0,36312,,,
2017-05-12,490.0,497.0,482.0,492.2,61323,,,
2017-05-15,496.75,497.5,491.1,493.8,20152,,,
2017-05-16,496.5,496.5,482.5,488.6,31927,,,
2017-05-17,491.5,492.25,484.2,486.2,29995,,,
2017-05-18,484.5,485.85,470.6,474.4,32913,,,
2017-05-19,481.5,484.7,465.65,469.8,31482,,,
2017-05-22,470.0,476.85,442.6,453.5,41322,,,
2017-05-23,455.0,458.0,417.8,443.6,47463,,,
2017-05-24,448.5,448.5,436.0,438.25,29315,,,
2017-05-25,438.5,456.5,437.55,450.9,27279,,,
2017-05-26,455.0,468.5,455.0,465.55,31211,,,
2017-05-29,470.0,473.6,462.5,464.3,19705,,,
2017-05-30,462.5,468.0,458.1,462.9,10104,,,
2017-05-31,466.7,469.0,458.25,464.4,11829,,,
2017-06-01,460.6,467.8,459.65,462.25,13269,,,
2017-06-02,475.0,477.05,465.0,470.7,45016,,,
2017-06-05,474.25,474.45,462.55,466.6,11699,,,
2017-06-06,465.0,468.5,455.0,460.2,8555,,,
2017-06-07,460.5,465.9,455.5,457.6,18036,,,
2017-06-08,457.5,460.0,452.6,455.05,8717,,,
2017-06-09,454.05,466.0,452.7,456.75,20292,,,
2017-06-12,460.0,469.8,460.0,464.85,23629,,,
2017-06-13,467.75,467.75,462.0,463.25,9275,,,
2017-06-14,465.0,465.0,459.25,460.9,8857,,,
2017-06-15,464.95,484.9,461.5,480.7,37883,,,
2017-06-16,495.0,519.0,490.0,504.55,356962,,,
2017-06-19,518.95,526.5,510.05,513.0,89538,,,
2017-06-20,515.15,517.4,497.5,501.6,49991,,,
2017-06-21,503.8,505.5,490.0,502.1,23943,,,
2017-06-22,505.0,506.45,495.0,496.75,17291,,,
2017-06-23,502.4,502.4,486.0,496.2,20193,,,
2017-06-27,497.4,497.4,475.05,478.4,24664,,,
2017-06-28,482.4,485.0,475.05,477.4,14629,,,
2017-06-29,477.5,493.3,477.5,488.05,14047,,,
2017-06-30,485.0,489.85,477.5,482.9,8727,,,
2017-07-03,487.4,492.5,483.0,491.1,8953,,,
2017-07-04,498.95,499.95,489.0,490.2,5965,,,
2017-07-05,485.55,502.0,485.55,498.7,11081,,,
2017-07-06,505.0,505.0,492.5,494.0,13138,,,
2017-07-07,490.0,495.2,488.5,490.9,7734,,,
2017-07-10,499.3,507.5,485.0,494.95,2420,,,
2017-07-11,504.5,504.5,487.5,489.4,7329,,,
2017-07-12,492.0,495.95,486.0,487.2,9930,,,
2017-07-13,487.2,492.2,485.0,486.15,8214,,,
2017-07-14,486.25,488.0,481.5,485.2,9524,,,
2017-07-17,487.4,492.0,483.2,486.75,7833,,,
2017-07-18,487.0,489.6,476.7,479.1,15080,,,
2017-07-19,487.5,491.9,483.05,488.25,20253,,,
2017-07-20,492.0,503.9,488.05,500.25,25916,,,
2017-07-21,504.0,506.5,500.0,502.45,21721,,,
2017-07-24,510.0,516.95,506.0,511.3,35930,,,
2017-07-25,516.0,521.25,508.65,515.6,27641,,,
2017-07-26,520.0,523.0,514.0,520.1,26715,,,
2017-07-27,522.5,525.0,513.0,522.75,38184,,,
2017-07-28,527.6,530.0,517.5,524.35,42763,,,
2017-07-31,528.0,532.5,515.55,521.3,68120,,,
2017-08-01,520.0,570.0,520.0,534.2,203460,,,
2017-08-02,536.0,536.9,520.0,524.4,44815,,,
2017-08-03,525.0,529.5,509.0,517.25,40147,,,
2017-08-04,513.35,527.0,501.55,518.85,39234,,,
2017-08-07,523.85,536.0,521.0,532.45,40643,,,
2017-08-08,532.0,546.0,525.0,529.8,26957,,,
2017-08-09,525.1,538.0,488.0,507.1,125694,,,
2017-08-10,506.0,514.0,480.0,483.95,52232,,,
2017-08-11,484.95,499.0,473.05,493.3,45691,,,
2017-08-14,495.0,505.0,491.2,495.35,27644,,,
2017-08-16,500.0,500.0,490.0,492.35,24975,,,
2017-08-17,490.15,495.9,487.15,488.4,18395,,,
2017-08-18,490.0,492.6,483.0,484.8,25951,,,
2017-08-21,482.55,488.9,477.55,479.45,15512,,,
2017-08-22,478.25,482.75,474.5,475.3,11946,,,
2017-08-23,477.0,489.0,474.05,475.8,12563,,,
2017-08-24,484.95,484.95,475.0,476.5,14135,,,
2017-08-28,485.0,494.7,485.0,490.1,23890,,,
2017-08-29,490.0,490.4,477.15,482.45,13924,,,
2017-08-30,486.0,494.0,483.05,486.7,13983,,,
2017-08-31,482.5,490.1,480.0,482.4,17290,,,
2017-09-01,483.25,487.4,476.0,478.35,25042,,,
2017-09-04,480.0,483.45,465.5,471.45,26799,,,
2017-09-05,475.0,475.05,464.0,467.1,24544,,,
2017-09-06,466.0,493.95,465.0,472.75,38710,,,
2017-09-07,477.45,481.6,475.0,477.75,14969,,,
2017-09-08,480.05,480.05,470.0,471.4,10508,,,
2017-09-11,473.0,475.0,465.2,468.85,12049,,,
2017-09-12,468.3,479.0,464.05,468.7,17396,,,
2017-09-13,470.05,472.4,465.5,466.95,12697,,,
2017-09-14,465.0,478.5,465.0,471.15,23965,,,
2017-09-15,460.2,470.1,460.2,461.75,25403,,,
2017-09-18,464.0,475.0,453.5,466.75,42902,,,
2017-09-19,468.7,476.4,465.45,471.05,19766,,,
2017-09-20,475.0,475.0,465.5,466.4,12945,,,
2017-09-21,476.5,476.5,455.05,471.1,28952,,,
2017-09-22,470.1,470.1,459.0,460.4,23666,,,
2017-09-25,465.0,465.05,430.0,448.0,37813,,,
2017-09-26,450.05,453.8,436.3,441.05,16999,,,
2017-09-27,456.0,456.0,443.1,450.05,41482,,,
2017-09-28,444.4,454.2,436.55,447.85,17232,,,
2017-09-29,447.85,449.6,441.3,443.35,13210,,,
2017-10-03,456.6,456.6,437.0,438.4,12366,,,
2017-10-04,441.9,443.5,412.1,433.3,37626,,,
2017-10-05,495.0,495.2,438.0,457.95,83165,,,
2017-10-06,459.0,470.05,451.0,458.2,30122,,,
2017-10-09,463.95,473.95,455.55,463.6,44554,,,
2017-10-10,467.65,472.45,460.05,465.25,21790,,,
2017-10-11,470.2,474.8,452.9,456.85,24485,,,
2017-10-12,456.9,470.7,453.25,463.65,17674,,,
2017-10-13,467.4,467.4,451.1,455.15,17859,,,
2017-10-16,459.95,460.0,436.1,443.95,20920,,,
2017-10-17,449.95,451.4,439.0,442.45,27114,,,
2017-10-18,444.0,463.15,440.05,453.95,18944,,,
2017-10-19,453.0,458.25,450.8,455.15,4167,,,
2017-10-23,456.0,462.7,439.1,447.5,28524,,,
2017-10-24,459.1,459.1,448.2,452.25,15341,,,
2017-10-25,456.25,460.0,450.0,456.85,16550,,,
2017-10-26,456.85,468.0,448.55,463.65,26420,,,
2017-10-27,470.95,471.0,451.25,464.85,28162,,,
2017-10-30,461.1,461.1,431.1,441.55,104489,,,
2017-10-31,442.35,452.0,428.25,431.5,50519,,,
2017-11-01,437.4,437.4,423.9,425.65,41635,,,
2017-11-02,426.65,431.0,416.15,419.15,40268,,,
2017-11-03,422.95,429.95,406.95,413.45,38235,,,
2017-11-06,413.45,415.0,403.95,406.5,44577,,,
2017-11-07,410.45,432.0,399.9,412.05,64001,,,
2017-11-08,415.15,425.55,406.9,410.3,17992,,,
2017-11-09,413.9,420.0,403.15,409.15,14299,,,
2017-11-10,405.2,412.85,402.6,407.4,17483,,,
2017-11-13,407.45,411.35,402.15,403.2,13029,,,
2017-11-14,406.85,412.75,402.65,407.2,10028,,,
2017-11-15,410.9,410.9,395.0,400.3,12742,,,
2017-11-16,405.0,405.0,390.0,392.4,18349,,,
2017-11-17,400.4,408.0,396.05,397.95,17281,,,
2017-11-20,401.95,412.0,397.0,404.9,14985,,,
2017-11-21,406.55,407.0,390.7,397.8,10557,,,
2017-11-22,399.8,399.95,386.45,390.95,16572,,,
2017-11-23,392.0,393.8,386.0,387.3,20951,,,
2017-11-24,391.35,391.35,383.0,386.4,26178,,,
2017-11-27,387.95,397.5,380.0,393.95,11961,,,
2017-11-28,393.1,430.0,393.05,422.3,56604,,,
2017-11-29,426.8,428.65,406.25,412.35,25483,,,
2017-11-30,412.1,414.85,398.8,401.2,25729,,,
2017-12-01,401.2,407.45,396.0,397.9,13935,,,
2017-12-04,398.35,398.35,386.2,389.5,15145,,,
2017-12-05,390.2,391.0,380.0,383.8,15805,,,
2017-12-06,387.1,392.45,380.15,382.6,12605,,,
2017-12-07,386.35,393.9,380.3,390.25,12936,,,
2017-12-08,392.0,392.45,381.5,384.15,16933,,,
2017-12-11,384.2,399.0,384.15,390.65,16365,,,
2017-12-12,390.9,390.9,383.25,384.4,9174,,,
2017-12-13,388.4,399.0,383.0,392.8,31676,,,
2017-12-14,390.8,397.9,383.85,384.9,14905,,,
2017-12-15,389.9,392.85,384.05,385.5,5076,,,
2017-12-18,385.5,389.0,365.0,381.85,13190,,,
2017-12-19,384.05,385.8,376.1,379.0,21173,,,
2017-12-20,384.0,384.0,375.15,376.15,22700,,,
2017-12-21,376.0,389.95,376.0,388.3,24141,,,
2017-12-22,388.3,391.0,381.05,383.35,13082,,,
2017-12-26,382.0,386.35,378.05,382.15,15598,,,
2017-12-27,380.5,384.0,377.0,378.55,11976,,,
2017-12-28,373.1,399.0,373.1,392.4,26913,,,
2017-12-29,396.2,396.2,386.0,390.4,18059,,,
2018-01-01,390.85,393.9,387.5,390.35,12401,,,
2018-01-02,387.05,412.0,385.1,396.15,27847,,,
2018-01-03,398.55,399.5,388.15,392.4,19606,,,
2018-01-04,394.0,411.9,385.1,406.35,50701,,,
2018-01-05,411.0,420.0,400.15,407.95,47028,,,
2018-01-08,410.0,448.8,410.0,436.65,163778,,,
2018-01-09,441.0,443.0,426.05,429.8,99910,,,
2018-01-10,431.8,431.9,416.75,425.85,24911,,,
2018-01-11,429.35,464.5,422.85,454.1,259178,,,
2018-01-12,456.0,458.5,435.15,439.85,43652,,,
2018-01-15,439.75,444.9,432.95,437.6,27208,,,
2018-01-16,437.25,439.0,421.1,426.15,38321,,,
2018-01-17,422.95,434.4,400.6,425.25,33514,,,
2018-01-18,427.0,428.75,403.6,410.4,21277,,,
2018-01-19,410.0,447.3,405.0,423.45,24315,,,
2018-01-22,426.4,427.75,416.1,423.25,9749,,,
2018-01-23,425.05,433.5,412.75,421.3,48576,,,
2018-01-24,416.7,430.0,405.6,417.55,43437,,,
2018-01-25,419.55,420.95,410.0,410.95,37154,,,
2018-01-29,414.0,415.0,402.05,404.0,37499,,,
2018-01-30,398.35,405.05,390.0,398.7,37479,,,
2018-01-31,402.6,402.6,383.7,385.8,24138,,,
2018-02-01,380.0,407.5,379.9,385.0,43064,,,
2018-02-02,386.05,388.8,341.65,352.65,51358,,,
2018-02-05,347.05,360.0,318.6,348.75,71247,,,
2018-02-06,326.95,335.0,308.0,331.9,43854,,,
2018-02-07,333.0,359.4,333.0,353.35,31410,,,
2018-02-08,359.4,409.0,354.95,386.5,72134,,,
2018-02-09,374.6,399.25,342.25,391.25,65974,,,
2018-02-12,395.9,399.4,384.85,391.9,13025,,,
2018-02-14,395.85,403.9,378.9,384.05,11938,,,
2018-02-15,385.9,390.05,373.55,376.05,11827,,,
2018-02-16,379.7,395.0,371.75,385.2,33812,,,
2018-02-19,381.15,387.45,367.55,370.6,7076,,,
2018-02-20,370.05,378.6,363.1,367.35,9402,,,
2018-02-21,371.0,388.8,364.0,373.85,20917,,,
2018-02-22,373.95,383.0,365.6,367.55,9077,,,
2018-02-23,365.8,375.45,365.8,369.15,9970,,,
2018-02-26,374.8,376.5,366.5,368.7,7121,,,
2018-02-27,372.0,382.0,364.05,380.4,25760,,,
2018-02-28,373.25,382.8,372.1,376.25,14609,,,
2018-03-01,377.4,377.95,370.05,374.15,6314,,,
2018-03-05,374.15,379.4,363.65,372.05,15279,,,
2018-03-06,374.3,379.75,366.0,367.6,15855,,,
2018-03-07,367.65,367.8,348.5,350.1,18120,,,
2018-03-08,354.45,355.75,323.5,345.45,20097,,,
2018-03-09,350.0,353.9,338.05,347.7,7569,,,
2018-03-12,348.05,348.05,333.55,337.3,11981,,,
2018-03-13,337.95,347.85,333.0,342.15,24462,,,
2018-03-14,345.35,346.0,332.5,333.35,25976,,,
2018-03-15,335.5,335.5,327.05,332.85,10049,,,
2018-03-16,335.55,335.55,325.0,327.85,11570,,,
2018-03-19,328.05,328.8,314.45,320.45,17935,,,
2018-03-20,320.75,324.45,314.0,322.15,19048,,,
2018-03-21,315.1,323.05,312.6,313.85,13762,,,
2018-03-22,310.65,321.65,297.85,313.65,71442,,,
2018-03-23,307.4,317.05,295.4,312.2,28138,,,
2018-03-26,316.4,316.4,295.0,301.9,91652,,,
2018-03-27,305.3,311.65,303.0,306.2,18585,,,
2018-03-28,301.15,307.45,295.15,296.9,20985,,,
2018-04-02,296.9,330.0,296.9,319.95,19366,,,
2018-04-03,319.0,344.9,318.0,338.6,26706,,,
2018-04-04,347.05,347.05,330.1,332.7,16844,,,
2018-04-05,332.3,341.3,332.3,339.95,12888,,,
2018-04-06,339.75,349.5,335.75,346.05,16424,,,
2018-04-09,346.05,348.9,337.8,340.15,12340,,,
2018-04-10,339.55,341.05,326.1,329.25,15216,,,
2018-04-11,332.05,333.9,326.45,331.4,8333,,,
2018-04-12,328.8,335.85,318.85,321.75,12960,,,
2018-04-13,312.3,325.2,312.3,317.6,18483,,,
2018-04-16,317.0,321.9,310.25,317.0,7615,,,
2018-04-17,319.4,321.55,314.0,316.3,8155,,,
2018-04-18,320.5,320.5,311.25,313.95,16740,,,
2018-04-19,316.3,319.05,311.15,314.65,11564,,,
2018-04-20,318.5,324.8,315.1,323.6,25756,,,
2018-04-23,326.7,335.0,323.7,328.7,12616,,,
2018-04-24,323.5,333.9,323.1,325.0,9304,,,
2018-04-25,337.0,337.0,324.75,329.05,20946,,,
2018-04-26,325.3,335.1,325.3,333.0,13840,,,
2018-04-27,336.8,339.4,329.95,330.65,31378,,,
2018-04-30,332.45,335.9,325.0,329.1,7262,,,
2018-05-02,330.3,342.1,330.3,335.1,9515,,,
2018-05-03,335.1,339.9,331.0,331.95,9005,,,
2018-05-04,334.45,337.55,327.3,329.65,16227,,,
2018-05-07,326.05,326.05,290.0,303.2,73175,,,
2018-05-08,301.2,306.3,297.1,298.95,23331,,,
2018-05-09,299.6,299.6,290.0,291.55,24056,,,
2018-05-10,291.4,292.7,279.05,282.35,22990,,,
2018-05-11,282.35,291.7,279.1,284.15,20066,,,
2018-05-14,280.1,284.65,265.0,265.8,32362,,,
2018-05-15,258.05,274.8,258.05,264.45,17590,,,
2018-05-16,264.05,271.85,253.15,265.15,12011,,,
2018-05-17,265.85,275.05,265.0,267.15,6759,,,
2018-05-18,266.25,272.95,266.25,269.2,10295,,,
2018-05-21,269.3,269.3,254.0,256.6,14462,,,
2018-05-22,255.1,270.0,253.45,262.1,24700,,,
2018-05-23,260.85,260.85,248.7,250.55,16285,,,
2018-05-24,252.0,254.85,240.2,240.75,19352,,,
2018-05-25,243.8,252.0,236.0,246.95,23779,,,
2018-05-28,247.05,257.5,243.1,252.95,8810,,,
2018-05-29,256.8,265.4,253.45,259.0,6660,,,
2018-05-30,258.85,263.0,249.0,250.9,9196,,,
2018-05-31,249.95,253.65,243.0,246.1,8242,,,
2018-06-01,246.3,246.35,237.5,239.15,12765,,,
2018-06-04,239.05,239.05,231.55,235.85,10982,,,
2018-06-05,231.4,254.7,231.4,239.6,12023,,,
2018-06-06,243.9,246.15,234.55,238.1,322903,,,
2018-06-07,247.6,255.0,233.55,238.0,174890,,,
2018-06-08,239.0,247.85,238.0,243.8,11754,,,
2018-06-11,242.0,283.0,241.5,263.9,137644,,,
2018-06-12,263.0,278.95,255.6,260.95,95666,,,
2018-06-13,260.95,267.0,260.9,264.25,14215,,,
2018-06-14,265.2,266.0,256.55,258.75,8156,,,
2018-06-15,258.95,262.05,253.05,254.35,7976,,,
2018-06-18,250.0,257.5,247.55,252.05,7980,,,
2018-06-19,252.2,252.55,242.3,246.15,10184,,,
2018-06-20,241.35,248.55,238.2,242.2,8421,,,
2018-06-21,242.45,243.5,233.05,235.45,11856,,,
2018-06-22,235.6,237.65,227.0,232.4,8577,,,
2018-06-25,232.25,240.0,228.35,232.05,15471,,,
2018-06-26,231.95,232.45,226.05,228.4,8741,,,
2018-06-27,228.55,229.75,218.9,220.5,18569,,,
2018-06-28,217.6,224.6,215.1,219.85,11744,,,
2018-06-29,219.85,228.15,219.75,224.75,20358,,,
2018-07-02,224.8,228.6,223.1,224.75,5346,,,
2018-07-03,221.1,226.05,219.45,223.6,4531,,,
2018-07-04,223.8,228.0,223.8,225.95,8677,,,
2018-07-05,226.0,230.0,221.4,226.7,5933,,,
2018-07-06,226.6,231.5,221.65,226.5,4481,,,
2018-07-09,225.05,245.7,225.05,243.1,11804,,,
2018-07-10,240.8,246.45,236.5,239.0,8393,,,
2018-07-11,239.05,242.55,234.15,236.8,8576,,,
2018-07-12,234.15,250.0,228.2,230.0,22395,,,
2018-07-13,230.1,235.3,222.0,227.65,10291,,,
2018-07-16,223.55,228.85,211.55,217.5,23064,,,
2018-07-17,219.2,221.4,210.0,216.7,10439,,,
2018-07-18,220.4,224.2,214.2,216.1,9246,,,
2018-07-19,214.45,218.6,212.45,215.9,7520,,,
2018-07-20,214.95,219.55,210.0,216.5,12878,,,
2018-07-23,217.95,227.4,216.0,217.15,7192,,,
2018-07-24,218.3,223.4,217.6,220.6,14343,,,
2018-07-25,221.05,230.0,220.0,227.55,10661,,,
2018-07-26,228.0,235.6,228.0,231.6,14632,,,
2018-07-27,228.0,236.05,227.5,231.75,17667,,,
2018-07-30,234.0,239.55,233.95,236.0,15225,,,
2018-07-31,235.9,238.2,234.0,235.15,15917,,,
2018-08-01,235.55,238.2,235.0,235.15,4716,,,
2018-08-02,235.1,237.0,230.0,233.0,26627,,,
2018-08-03,234.95,249.0,234.0,244.2,22227,,,
2018-08-06,243.0,250.0,234.2,235.95,18568,,,
2018-08-07,233.25,238.65,229.0,229.95,9690,,,
2018-08-08,229.0,245.0,229.0,234.3,24770,,,
2018-08-09,238.0,238.0,227.5,228.75,13200,,,
2018-08-10,229.95,230.05,220.1,221.05,11759,,,
2018-08-13,222.9,222.9,217.0,217.6,18934,,,
2018-08-14,214.15,226.0,214.15,222.75,18308,,,
2018-08-16,220.95,229.1,219.4,228.05,12108,,,
2018-08-17,226.05,229.15,222.05,224.2,15190,,,
2018-08-20,221.3,229.8,221.3,227.3,34984,,,
2018-08-21,229.8,229.8,220.1,225.15,11384,,,
2018-08-23,226.95,228.45,225.0,225.9,9549,,,
2018-08-24,226.0,228.05,224.05,225.0,16016,,,
2018-08-27,220.0,227.4,219.95,226.05,16349,,,
2018-08-28,227.4,229.4,225.0,226.0,16342,,,
2018-08-29,229.8,229.8,223.25,226.85,25782,,,
2018-08-30,228.0,228.85,225.95,227.25,5510,,,
2018-08-31,229.15,233.85,225.1,229.65,13518,,,
2018-09-03,234.85,234.85,228.05,231.75,17908,,,
2018-09-04,228.6,234.15,228.5,232.0,10092,,,
2018-09-05,230.65,233.4,228.0,229.6,27163,,,
2018-09-06,229.95,233.0,228.6,232.15,17647,,,
2018-09-07,231.6,239.8,231.6,238.25,9517,,,
2018-09-10,240.0,242.6,236.55,240.0,7580,,,
2018-09-11,238.35,245.0,227.1,234.85,9625,,,
2018-09-12,235.2,235.25,228.8,231.75,5523,,,
2018-09-14,231.55,264.8,228.55,252.9,107883,,,
2018-09-17,252.0,252.0,238.1,240.9,35251,,,
2018-09-18,238.05,242.85,231.55,235.05,17777,,,
2018-09-19,234.0,237.0,233.0,233.95,11952,,,
2018-09-21,233.5,243.0,222.1,232.15,36008,,,
2018-09-24,232.0,233.6,219.15,223.05,12652,,,
2018-09-25,218.1,222.55,209.15,216.05,13639,,,
2018-09-26,218.1,221.95,208.55,212.1,15485,,,
2018-09-27,208.4,219.4,208.4,209.95,9410,,,
2018-09-28,213.45,213.8,199.8,200.9,24239,,,
2018-10-01,197.05,205.85,191.0,200.95,28526,,,
2018-10-03,196.6,210.0,194.0,195.85,21926,,,
2018-10-04,192.9,220.0,190.0,212.6,18789,,,
2018-10-05,210.2,219.55,200.0,204.8,12060,,,
2018-10-08,205.05,212.0,200.0,206.2,8465,,,
2018-10-09,205.0,211.35,200.0,205.25,12607,,,
2018-10-10,206.85,219.85,201.35,215.65,13804,,,
2018-10-11,210.05,211.0,205.0,208.2,4513,,,
2018-10-12,210.95,225.0,207.95,215.9,7265,,,
2018-10-15,218.85,227.8,207.75,221.55,14764,,,
2018-10-16,221.5,228.4,220.25,225.8,8452,,,
2018-10-17,226.6,228.75,219.0,219.95,5378,,,
2018-10-19,217.95,225.35,205.65,220.1,12731,,,
2018-10-22,215.75,227.75,212.75,218.9,41301,,,
2018-10-23,218.55,220.0,211.2,214.0,5101,,,
2018-10-24,215.0,220.95,206.1,208.85,5410,,,
2018-10-25,213.8,216.9,205.55,206.5,6580,,,
2018-10-26,208.85,209.95,200.2,204.15,8481,,,
2018-10-29,200.1,215.0,200.1,209.7,18813,,,
2018-10-30,209.7,217.85,206.55,214.35,10578,,,
2018-10-31,210.65,256.9,209.1,236.0,65101,,,
2018-11-01,236.0,236.9,229.0,230.4,13073,,,
2018-11-02,231.0,236.15,227.0,229.25,19175,,,
2018-11-05,226.0,272.8,226.0,260.75,254206,,,
2018-11-06,264.0,282.0,261.1,266.65,125835,,,
2018-11-07,269.3,275.0,262.25,266.75,13303,,,
2018-11-09,267.3,273.9,262.35,270.45,21285,,,
2018-11-12,275.6,279.5,271.0,275.1,36160,,,
2018-11-13,272.15,303.7,270.0,288.55,197598,,,
2018-11-14,290.9,302.0,285.0,294.45,89568,,,
2018-11-15,294.25,298.45,289.0,290.1,38534,,,
2018-11-16,290.0,295.0,279.1,280.35,31731,,,
2018-11-19,280.95,285.7,272.0,273.0,16115,,,
2018-11-20,271.0,279.7,263.05,272.3,18322,,,
2018-11-21,272.0,273.0,264.5,269.6,19155,,,
2018-11-22,267.0,285.0,267.0,279.65,22312,,,
2018-11-26,281.0,316.85,275.0,278.35,409006,,,
2018-11-27,275.0,275.9,266.45,269.55,22342,,,
2018-11-28,271.95,273.1,263.05,265.2,20682,,,
2018-11-29,266.0,268.35,248.55,258.1,37930,,,
2018-11-30,255.55,264.55,251.3,253.95,16465,,,
2018-12-03,252.85,261.7,245.0,247.05,18217,,,
2018-12-04,253.1,258.2,245.0,251.45,12560,,,
2018-12-05,255.0,256.1,236.85,239.55,17909,,,
2018-12-06,239.95,242.0,226.95,229.15,25166,,,
2018-12-07,227.5,232.7,219.0,222.0,20397,,,
2018-12-10,213.4,234.0,208.7,224.65,30184,,,
2018-12-11,225.0,232.0,220.15,229.4,17218,,,
2018-12-12,229.95,239.9,228.2,237.3,13797,,,
2018-12-13,240.0,248.8,240.0,245.95,16097,,,
2018-12-14,241.3,246.35,239.3,241.65,8215,,,
2018-12-17,241.0,242.8,236.5,237.55,6014,,,
2018-12-18,236.6,244.95,236.55,240.45,5939,,,
2018-12-19,245.0,245.0,237.0,237.65,5168,,,
2018-12-20,238.2,242.0,234.0,239.6,3700,,,
2018-12-21,239.6,245.0,234.9,238.4,8219,,,
2018-12-24,237.05,242.0,234.35,235.2,7253,,,
2018-12-26,235.0,235.0,225.1,230.4,5602,,,
2018-12-27,233.95,239.35,230.4,231.5,3543,,,
2018-12-28,231.55,236.9,225.95,229.85,5394,,,
2018-12-31,234.35,234.35,226.25,228.95,4116,,,
2019-01-01,230.0,230.0,224.0,228.5,4720,,,
2019-01-02,229.35,236.7,227.65,232.85,6459,,,
2019-01-03,235.4,235.9,227.65,228.35,6470,,,
2019-01-04,228.4,233.75,225.75,226.85,3859,,,
2019-01-07,228.1,231.95,223.05,223.55,6553,,,
2019-01-08,225.5,226.9,220.5,221.65,8560,,,
2019-01-09,221.65,225.0,218.2,219.9,8772,,,
2019-01-10,227.75,227.75,216.05,220.05,2849,,,
2019-01-11,218.5,224.05,217.9,220.25,3814,,,
2019-01-14,220.3,221.55,218.0,219.2,3826,,,
2019-01-15,220.05,223.25,218.95,220.15,4798,,,
2019-01-16,220.9,232.25,217.4,220.0,22755,,,
2019-01-17,221.1,221.75,204.45,210.35,52537,,,
2019-01-18,214.1,214.1,211.2,212.2,16164,,,
2019-01-21,212.45,219.05,209.55,216.5,13654,,,
2019-01-22,216.05,216.5,208.85,211.25,7429,,,
2019-01-23,213.6,214.45,211.95,212.6,1364,,,
2019-01-24,211.0,213.0,207.5,208.25,8822,,,
2019-01-25,205.0,214.6,199.15,201.15,12238,,,
2019-01-28,197.25,207.0,197.25,201.15,15651,,,
2019-01-29,199.0,207.6,199.0,200.9,3157,,,
2019-01-30,200.2,203.1,198.45,199.85,6990,,,
2019-01-31,203.45,207.65,201.0,201.75,5600,,,
2019-02-01,203.55,207.55,202.05,203.2,5066,,,
2019-02-04,201.15,201.15,192.0,193.1,7452,,,
2019-02-05,192.5,194.7,180.2,181.75,15301,,,
2019-02-06,182.6,183.5,175.0,177.2,14911,,,
2019-02-07,176.05,193.1,172.85,181.45,11102,,,
2019-02-08,181.45,186.0,175.1,181.55,5194,,,
2019-02-11,180.8,191.0,178.3,190.3,24060,,,
2019-02-12,194.0,194.0,184.4,188.9,6450,,,
2019-02-13,187.6,194.4,185.45,190.0,9883,,,
2019-02-14,189.15,190.65,186.0,190.0,3882,,,
2019-02-15,185.3,193.75,183.35,186.8,10658,,,
2019-02-18,182.2,190.0,178.0,179.95,15188,,,
2019-02-19,176.0,185.2,176.0,182.9,3889,,,
2019-02-20,181.8,189.85,181.8,188.0,8883,,,
2019-02-21,188.8,197.95,188.8,194.95,13763,,,
2019-02-22,196.0,196.0,186.1,188.6,13081,,,
2019-02-25,188.95,192.2,178.6,181.25,16848,,,
2019-02-26,180.0,181.2,174.1,177.3,9205,,,
2019-02-27,180.75,183.45,178.0,178.15,6343,,,
2019-02-28,177.25,180.95,176.0,177.55,4083,,,
2019-03-01,178.85,184.0,174.9,178.05,8949,,,
2019-03-05,172.0,187.7,172.0,185.6,41595,,,
2019-03-06,189.95,196.7,188.0,189.3,36102,,,
2019-03-07,194.0,221.8,192.05,213.1,340768,,,
2019-03-08,214.35,218.55,201.6,205.9,93759,,,
2019-03-11,203.0,207.85,199.1,200.25,35596,,,
2019-03-12,201.25,214.0,201.0,206.6,43705,,,
2019-03-13,205.0,212.5,199.3,200.8,24292,,,
2019-03-14,200.0,206.8,197.85,199.4,15187,,,
2019-03-15,199.0,200.95,195.0,195.65,28541,,,
2019-03-18,200.0,200.6,192.25,193.75,12046,,,
2019-03-19,188.3,194.75,188.3,191.75,16944,,,
2019-03-20,191.35,191.65,184.3,185.4,23577,,,
2019-03-22,190.0,190.0,180.05,181.9,36724,,,
2019-03-25,180.5,180.5,175.5,176.6,31029,,,
2019-03-26,179.5,180.35,176.0,177.2,16770,,,
2019-03-27,177.0,178.35,175.05,176.1,36114,,,
2019-03-28,178.0,186.0,177.65,184.0,22743,,,
2019-03-29,187.95,187.95,178.6,180.05,29305,,,
2019-04-01,180.6,184.0,180.6,182.5,11540,,,
2019-04-02,186.3,186.3,181.9,183.25,5086,,,
2019-04-03,186.0,205.5,186.0,190.2,181274,,,
2019-04-04,190.0,190.05,185.1,188.6,16313,,,
2019-04-05,188.0,194.0,187.35,189.5,13879,,,
2019-04-08,190.95,191.0,187.0,188.95,10038,,,
2019-04-09,190.0,190.15,185.2,188.35,8191,,,
2019-04-10,190.0,193.8,187.65,191.25,16249,,,
2019-04-11,196.0,217.8,196.0,207.85,380234,,,
2019-04-12,208.05,213.0,201.7,210.45,81959,,,
2019-04-15,211.0,220.8,209.1,219.3,96106,,,
2019-04-16,217.4,218.05,207.1,209.75,42778,,,
2019-04-18,207.25,211.15,207.25,208.25,15209,,,
2019-04-22,207.4,208.95,202.1,202.95,9648,,,
2019-04-23,204.0,205.0,198.95,200.05,18223,,,
2019-04-24,199.0,209.9,199.0,208.2,23755,,,
2019-04-25,209.8,219.0,208.3,212.05,26380,,,
2019-04-26,211.6,215.65,209.15,211.85,18566,,,
2019-04-30,214.0,215.95,202.55,205.1,23393,,,
2019-05-02,205.0,212.0,203.0,209.2,11762,,,
2019-05-03,212.0,214.95,203.0,205.5,11354,,,
2019-05-06,205.0,205.0,201.95,204.1,2621,,,
2019-05-07,203.15,209.95,203.1,206.6,9829,,,
2019-05-08,206.9,207.65,203.0,203.9,5950,,,
2019-05-09,203.7,206.35,201.05,204.1,7631,,,
2019-05-10,203.25,208.65,200.25,201.55,6902,,,
2019-05-13,202.0,203.6,195.35,199.45,16553,,,
2019-05-14,203.0,203.0,193.35,198.3,15771,,,
2019-05-15,198.65,203.3,195.65,197.95,8260,,,
2019-05-16,196.0,200.4,196.0,199.35,4350,,,
2019-05-17,200.5,204.25,194.1,195.5,9829,,,
2019-05-20,206.0,207.8,199.15,201.8,6690,,,
2019-05-21,203.95,206.9,198.0,198.8,5410,,,
2019-05-22,198.0,202.7,194.35,200.1,11869,,,
2019-05-23,202.0,205.05,194.15,197.05,20279,,,
2019-05-24,197.1,206.0,197.0,204.25,5133,,,
2019-05-27,204.65,213.95,200.6,208.75,14384,,,
2019-05-28,212.75,217.0,208.0,210.75,18337,,,
2019-05-29,205.0,214.75,205.0,206.85,5986,,,
2019-05-30,203.0,212.0,203.0,205.6,6364,,,
2019-05-31,205.4,207.75,199.2,200.15,12388,,,
2019-06-03,202.0,202.0,198.4,198.85,5366,,,
2019-06-04,195.0,204.75,195.0,200.15,9192,,,
2019-06-06,201.8,202.0,196.25,197.7,2506,,,
2019-06-07,197.05,197.95,195.5,196.0,7223,,,
2019-06-10,195.05,197.65,193.1,194.6,3430,,,
2019-06-11,191.4,197.7,190.4,191.85,7352,,,
2019-06-12,190.0,194.5,189.8,192.75,3309,,,
2019-06-13,200.0,200.0,190.0,190.4,5455,,,
2019-06-14,189.0,193.95,186.9,187.95,6229,,,
2019-06-17,194.4,194.4,179.05,182.85,11129,,,
2019-06-18,180.0,183.0,177.7,181.6,15597,,,
2019-06-19,180.1,185.0,175.0,176.9,18887,,,
2019-06-20,175.0,184.5,175.0,179.3,9214,,,
2019-06-21,180.0,184.0,175.1,177.3,11399,,,
2019-06-24,174.5,179.9,172.0,173.1,21994,,,
2019-06-25,171.25,176.4,165.2,175.75,10850,,,
2019-06-26,170.05,188.05,170.05,182.7,6675,,,
2019-06-27,187.7,188.05,181.2,182.3,2299,,,
2019-06-28,175.1,183.9,175.1,178.1,3409,,,
2019-07-01,175.5,185.0,175.5,179.05,5414,,,
2019-07-02,179.0,184.6,175.5,176.8,4234,,,
2019-07-03,174.5,179.75,174.5,176.9,2617,,,
2019-07-04,175.0,183.5,175.0,180.25,5496,,,
2019-07-05,180.05,180.05,173.4,174.75,9179,,,
2019-07-08,173.4,173.5,169.05,169.9,5386,,,
2019-07-09,166.25,172.5,166.25,167.6,6093,,,
2019-07-10,166.6,171.5,165.9,169.6,7238,,,
2019-07-11,170.0,172.05,167.1,167.35,3763,,,
2019-07-12,166.4,171.95,166.4,170.65,5917,,,
2019-07-15,169.0,173.0,167.1,167.65,5211,,,
2019-07-16,167.0,168.7,165.1,165.95,3718,,,
2019-07-17,165.15,167.15,164.0,165.55,2617,,,
2019-07-18,166.0,168.7,157.6,158.2,14193,,,
2019-07-19,157.9,161.5,147.5,148.95,20138,,,
2019-07-22,150.0,150.05,138.1,138.45,17129,,,
2019-07-23,135.55,152.75,133.6,149.65,15787,,,
2019-07-24,154.75,154.75,140.15,141.0,3805,,,
2019-07-25,140.0,150.0,139.25,140.9,8822,,,
2019-07-26,140.0,145.65,140.0,143.9,4511,,,
2019-07-29,142.05,142.9,135.1,136.15,8704,,,
2019-07-30,135.0,135.95,125.1,127.3,21818,,,
2019-07-31,125.0,131.0,121.3,127.0,15075,,,
2019-08-01,124.7,130.0,124.7,125.95,7766,,,
2019-08-02,128.6,128.6,118.05,119.6,19471,,,
2019-08-05,118.0,121.3,115.1,115.6,13536,,,
2019-08-06,114.0,138.7,114.0,138.7,25170,,,
2019-08-07,150.9,166.4,145.75,165.2,214503,,,
2019-08-08,159.0,159.55,148.25,152.7,31270,,,
2019-08-09,150.0,154.95,147.0,148.15,12200,,,
2019-08-13,147.0,149.0,140.15,142.4,5388,,,
2019-08-14,145.0,149.95,140.75,147.8,4471,,,
2019-08-16,145.0,148.75,139.1,145.2,3374,,,
2019-08-19,146.0,159.5,146.0,152.35,8368,,,
2019-08-20,150.0,157.6,145.05,145.9,28294,,,
2019-08-21,143.1,148.0,141.75,146.1,3016,,,
2019-08-22,148.1,148.1,141.7,142.45,3522,,,
2019-08-23,140.0,146.0,134.0,144.0,16343,,,
2019-08-26,150.0,167.6,149.0,157.6,41594,,,
2019-08-27,160.9,164.8,154.2,162.4,10505,,,
2019-08-28,162.95,163.0,155.2,161.1,8250,,,
2019-08-29,159.0,165.0,158.05,162.65,5532,,,
2019-08-30,164.65,169.95,162.0,167.7,13441,,,
2019-09-03,165.0,168.0,157.6,165.95,7855,,,
2019-09-04,167.2,169.85,162.0,162.8,2116,,,
2019-09-05,161.0,167.95,158.05,160.0,3409,,,
2019-09-06,162.95,166.0,160.1,163.8,2636,,,
2019-09-09,161.4,169.8,152.35,154.3,12294,,,
2019-09-11,157.65,164.0,153.2,157.05,14083,,,
2019-09-12,158.6,164.55,158.55,161.0,8264,,,
2019-09-13,159.05,164.95,155.9,160.15,6084,,,
2019-09-16,159.05,160.5,154.8,155.6,6809,,,
2019-09-17,152.6,158.1,152.6,156.4,3195,,,
2019-09-18,157.95,160.0,156.6,157.05,2536,,,
2019-09-19,156.05,156.4,150.1,151.8,4999,,,
2019-09-20,151.1,160.45,150.05,159.8,15784,,,
2019-09-23,161.05,175.0,160.0,172.4,75108,,,
2019-09-24,170.0,178.0,169.55,176.3,36200,,,
2019-09-25,167.95,172.0,156.05,159.9,283120,,,
2019-09-26,163.5,174.0,161.95,163.7,45311,,,
2019-09-27,165.1,165.1,155.0,155.85,75431,,,
2019-09-30,156.45,159.65,148.35,149.65,14902,145.0,102.77,1330.0
2019-10-01,152.2,152.2,143.45,144.35,8965,371.0,24.16,6148.0
2019-10-03,144.0,144.75,140.3,141.6,6216,397.0,15.66,3350.0
2019-10-04,148.0,148.0,140.55,142.7,2268,169.0,13.42,1538.0
2019-10-07,143.0,144.4,139.05,140.1,3343,261.0,12.81,1828.0
2019-10-09,140.1,141.15,132.3,136.05,9990,643.0,15.54,6266.0
2019-10-10,140.0,142.9,132.5,133.6,7071,385.0,18.37,4717.0
2019-10-11,133.3,137.75,126.1,131.45,17895,510.0,35.09,13448.0
2019-10-14,131.0,137.35,129.0,133.3,12720,558.0,22.8,6457.0
2019-10-15,135.0,136.7,131.6,134.65,9392,483.0,19.45,5686.0
2019-10-16,132.95,139.0,132.95,136.35,7096,370.0,19.18,3443.0
2019-10-17,135.1,140.0,134.85,137.3,5488,578.0,9.49,2389.0
2019-10-18,136.3,142.4,133.7,141.25,12414,436.0,28.47,7672.0
2019-10-22,143.95,150.95,143.0,147.8,8056,471.0,17.1,4644.0
2019-10-23,149.0,155.5,141.3,149.2,17847,881.0,20.26,13413.0
2019-10-24,146.0,149.0,139.1,139.85,11549,773.0,14.94,7012.0
2019-10-25,135.5,142.0,131.65,137.2,12094,550.0,21.99,5968.0
2019-10-27,136.3,140.8,133.1,138.95,4160,70.0,59.43,2821.0
2019-10-29,145.25,145.25,136.3,139.55,5955,447.0,13.32,3968.0
2019-10-30,144.6,144.6,137.65,140.1,7985,680.0,11.74,5286.0
2019-10-31,144.4,144.9,136.3,138.05,4843,331.0,14.63,2898.0
2019-11-01,138.65,141.85,138.65,140.35,5018,297.0,16.9,3188.0
2019-11-04,141.3,142.9,138.85,139.85,6761,384.0,17.61,5450.0
2019-11-05,139.35,140.0,135.25,136.2,4166,213.0,19.56,2996.0
2019-11-06,135.5,136.9,133.95,134.75,4627,220.0,21.03,2984.0
2019-11-07,135.45,139.6,132.5,134.2,5806,418.0,13.89,3179.0
2019-11-08,133.5,135.9,132.35,133.15,3709,217.0,17.09,2849.0
2019-11-11,132.3,136.55,130.35,134.0,3570,323.0,11.05,1589.0
2019-11-13,133.1,136.4,131.0,133.0,4271,135.0,31.64,3446.0
2019-11-14,130.8,134.8,130.8,131.25,3941,255.0,15.45,2291.0
2019-11-15,130.5,134.8,129.1,131.7,7214,362.0,19.93,3069.0
2019-11-18,131.95,132.0,128.7,130.3,2417,212.0,11.4,1155.0
2019-11-19,130.0,135.0,127.1,127.8,4458,216.0,20.64,3231.0
2019-11-20,127.0,130.0,126.5,127.0,4344,184.0,23.61,3232.0
2019-11-21,127.0,127.75,125.9,126.1,1868,74.0,25.24,1318.0
2019-11-22,126.0,127.2,124.0,124.25,5271,315.0,16.73,3745.0
2019-11-25,121.2,130.0,121.2,123.5,13221,528.0,25.04,8925.0
2019-11-26,123.0,126.0,122.5,122.95,5165,176.0,29.35,2855.0
2019-11-27,122.0,123.5,118.2,121.7,7089,396.0,17.9,5164.0
2019-11-28,120.95,123.0,116.9,119.45,14935,813.0,18.37,4961.0
2019-11-29,116.1,118.9,115.9,116.85,11088,499.0,22.22,7515.0
2019-12-02,116.85,120.0,115.05,117.3,5395,292.0,18.48,3484.0
2019-12-03,117.85,129.6,113.6,115.7,8018,450.0,17.82,3811.0
2019-12-04,115.0,119.0,109.35,116.4,24612,823.0,29.91,16971.0
2019-12-05,116.05,138.0,116.05,132.3,31253,1079.0,28.96,13602.0
2019-12-06,130.3,144.15,128.0,130.0,73492,1970.0,37.31,28710.0
2019-12-09,130.1,132.0,125.1,130.35,9313,369.0,25.24,6139.0
2019-12-10,130.35,131.0,124.5,130.1,8590,246.0,34.92,5338.0
2019-12-11,130.05,130.7,129.0,129.95,8378,302.0,27.74,6278.0
2019-12-12,135.9,136.6,126.0,128.65,4420,418.0,10.57,2082.0
2019-12-13,132.0,132.0,127.25,130.15,7619,355.0,21.46,4455.0
2019-12-16,130.15,136.0,129.0,132.8,2519,91.0,27.68,1429.0
2019-12-17,133.05,135.5,130.6,131.15,4581,521.0,8.79,1554.0
2019-12-18,130.15,134.9,128.2,130.0,14289,353.0,40.48,11728.0
2019-12-19,129.05,132.55,128.4,129.05,10035,1202.0,8.35,5949.0
2019-12-20,128.05,135.0,123.2,124.3,12971,549.0,23.63,7737.0
2019-12-23,124.35,126.15,121.0,122.15,2492,184.0,13.54,1656.0
2019-12-24,121.0,126.55,121.0,122.6,5696,171.0,33.31,4802.0
2019-12-26,121.55,125.0,121.55,124.5,3474,176.0,19.74,2366.0
2019-12-27,125.0,128.0,122.0,125.05,18222,623.0,29.25,16033.0
2019-12-30,127.7,128.65,120.0,122.0,16106,546.0,29.5,9231.0
2019-12-31,124.1,127.0,119.35,122.8,2720,184.0,14.78,1641.0
2020-01-01,122.85,127.0,119.0,121.75,6456,355.0,18.19,4601.0
2020-01-02,123.95,126.95,122.55,123.75,17079,365.0,46.79,13820.0
2020-01-03,124.95,127.0,123.9,125.1,57344,1241.0,46.21,47869.0
2020-01-06,121.5,129.8,118.0,120.4,15713,511.0,30.75,12913.0
2020-01-07,122.1,124.55,120.25,121.4,17220,274.0,62.85,12690.0
2020-01-08,120.0,122.0,119.95,121.55,10903,152.0,71.73,9364.0
2020-01-09,121.9,129.3,121.5,128.25,50450,1310.0,38.51,34912.0
2020-01-10,130.35,132.9,127.1,128.75,37986,2249.0,16.89,25089.0
2020-01-13,128.75,132.9,127.65,130.55,12220,768.0,15.91,9508.0
2020-01-14,131.95,133.0,128.5,130.25,24239,911.0,26.61,16963.0
2020-01-15,129.35,134.9,128.05,134.0,17370,997.0,17.42,11673.0
2020-01-16,133.95,141.0,131.2,136.1,31413,1652.0,19.02,15318.0
2020-01-17,137.0,139.0,131.15,133.9,17010,998.0,17.04,9808.0
2020-01-20,137.75,137.95,129.55,130.05,9294,438.0,21.22,5663.0
2020-01-21,132.0,132.15,127.3,130.2,7371,311.0,23.7,4390.0
2020-01-22,131.25,131.9,127.3,128.0,6705,187.0,35.86,3874.0
2020-01-23,128.15,130.0,126.5,128.25,10844,358.0,30.29,7510.0
2020-01-24,130.55,130.6,127.7,128.65,5614,176.0,31.9,3621.0
2020-01-27,128.9,132.15,128.0,128.85,9137,372.0,24.56,3799.0
2020-01-28,129.3,129.35,122.0,124.4,8148,401.0,20.32,4098.0
2020-01-29,123.3,128.0,123.3,126.6,8649,177.0,48.86,6898.0
2020-01-30,126.85,127.4,122.0,122.55,5060,314.0,16.11,3805.0
2020-01-31,123.05,126.25,120.25,121.15,7155,310.0,23.08,5085.0
2020-02-01,126.0,128.0,111.1,114.15,15995,834.0,19.18,8539.0
2020-02-03,111.0,118.35,106.6,115.8,13206,669.0,19.74,8684.0
2020-02-04,118.35,121.35,115.5,118.95,9104,754.0,12.07,4790.0
2020-02-05,118.0,120.65,116.45,117.85,5422,200.0,27.11,4312.0
2020-02-06,117.0,122.0,115.35,116.45,6038,191.0,31.61,4677.0
2020-02-07,116.15,116.15,112.75,113.1,19284,275.0,70.12,16021.0
2020-02-10,107.0,107.5,98.0,103.1,77613,1288.0,60.26,45822.0
2020-02-11,103.15,107.0,102.35,103.1,21248,457.0,46.49,12219.0
2020-02-12,103.5,108.9,102.0,104.5,13676,373.0,36.66,7143.0
2020-02-13,104.65,105.0,100.0,101.15,8766,208.0,42.14,6770.0
2020-02-14,100.05,105.0,97.05,99.6,18700,705.0,26.52,8655.0
2020-02-17,99.6,101.8,94.15,95.1,20119,1024.0,19.65,13604.0
2020-02-18,94.5,97.7,92.0,94.3,28218,677.0,41.68,22148.0
2020-02-19,93.05,96.0,92.25,93.3,8123,260.0,31.24,4719.0
2020-02-20,93.8,93.8,88.25,90.2,31100,884.0,35.18,15672.0
2020-02-24,91.8,91.8,85.3,86.1,13988,510.0,27.43,8968.0
2020-02-25,87.5,87.5,85.0,86.25,5134,175.0,29.34,3181.0
2020-02-26,85.0,90.0,83.4,89.3,12572,353.0,35.61,8986.0
2020-02-27,92.0,92.0,84.35,89.45,10340,494.0,20.93,5885.0
2020-02-28,88.0,88.0,78.0,80.6,57128,567.0,100.75,40250.0
2020-03-02,81.25,84.6,81.0,81.85,9144,175.0,52.25,7419.0
2020-03-03,81.85,82.45,78.15,80.9,10897,232.0,46.97,6663.0
2020-03-04,78.35,80.25,70.5,72.25,26064,578.0,45.09,19630.0
2020-03-05,72.95,77.0,64.45,72.9,19576,651.0,30.07,9239.0
2020-03-06,72.0,75.75,69.0,72.3,18898,530.0,35.66,14692.0
2020-03-09,70.2,70.6,64.1,67.9,24938,532.0,46.88,18664.0
2020-03-11,67.5,80.0,67.5,73.1,21200,649.0,32.67,13809.0
2020-03-12,69.95,71.4,65.0,66.75,31225,561.0,55.66,20517.0
2020-03-13,64.0,78.8,54.0,70.65,19828,492.0,40.3,13979.0
2020-03-16,62.8,76.0,62.8,69.8,9884,318.0,31.08,3790.0
2020-03-17,70.0,74.5,68.15,69.3,5467,193.0,28.33,3658.0
2020-03-18,69.0,71.45,65.25,67.65,24624,197.0,124.99,16584.0
2020-03-19,65.15,65.2,58.0,61.4,18073,558.0,32.39,13831.0
2020-03-20,59.15,66.9,57.55,61.5,18958,359.0,52.81,13669.0
2020-03-23,55.0,60.95,52.8,56.75,13073,386.0,33.87,10118.0
2020-03-24,56.7,60.0,52.0,54.4,21196,208.0,101.9,19165.0
2020-03-25,52.55,56.5,50.15,52.35,4373,201.0,21.76,2429.0
2020-03-26,51.95,57.0,51.95,56.45,7088,178.0,39.82,5564.0
2020-03-27,58.95,60.0,53.8,56.85,18442,455.0,40.53,16626.0
2020-03-30,58.6,59.75,54.1,58.55,8788,237.0,37.08,5614.0
2020-03-31,58.1,59.95,56.55,57.65,3274,166.0,19.72,2247.0
2020-04-01,58.25,59.9,54.25,55.2,4356,209.0,20.84,2718.0
2020-04-03,61.95,61.95,57.0,58.35,6482,126.0,51.44,5240.0
2020-04-07,63.0,63.0,59.95,62.35,8926,415.0,21.51,5588.0
2020-04-08,61.0,61.9,57.0,58.65,14608,397.0,36.8,7850.0
2020-04-09,61.3,66.85,59.5,63.45,28372,471.0,60.24,13391.0
2020-04-13,67.55,67.55,60.45,61.7,12837,375.0,34.23,6948.0
2020-04-15,60.6,74.0,60.35,73.95,94613,1842.0,51.36,29316.0
2020-04-16,74.95,86.6,74.95,81.85,80825,1772.0,45.61,31214.0
2020-04-17,85.05,92.4,85.05,86.8,69060,1878.0,36.77,26788.0
2020-04-20,86.95,86.95,80.3,83.95,26147,436.0,59.97,12030.0
2020-04-21,83.0,83.0,75.6,76.6,13155,216.0,60.9,9505.0
2020-04-22,76.6,79.0,70.95,73.75,8608,197.0,43.7,4817.0
2020-04-23,76.45,76.45,70.25,73.2,4389,75.0,58.52,4389.0
2020-04-24,72.0,75.5,71.0,72.0,5123,55.0,93.15,5123.0
2020-04-27,74.0,74.75,69.0,71.55,4878,74.0,65.92,4878.0
2020-04-28,73.95,74.65,68.35,73.65,4398,52.0,84.58,4398.0
2020-04-29,70.35,75.45,70.35,73.15,3283,45.0,72.96,3283.0
2020-04-30,73.95,76.8,73.5,76.0,4937,77.0,64.12,4937.0
2020-05-04,73.0,75.75,72.2,74.0,1616,41.0,39.41,1616.0
2020-05-05,75.0,75.0,72.0,72.05,2323,41.0,56.66,2323.0
2020-05-06,71.5,74.95,69.0,70.65,1477,38.0,38.87,1477.0
2020-05-07,71.95,71.95,68.15,69.35,573,20.0,28.65,573.0
2020-05-08,69.5,72.0,68.0,69.05,2735,48.0,56.98,2735.0
2020-05-11,69.0,70.95,67.5,69.95,1155,26.0,44.42,1155.0
2020-05-12,73.35,73.35,66.55,68.7,1449,29.0,49.97,1449.0
2020-05-13,70.0,72.1,68.2,69.5,1817,42.0,43.26,1817.0
2020-05-14,72.5,72.5,67.1,71.55,2115,27.0,78.33,2115.0
2020-05-15,68.6,74.75,68.5,70.5,1497,23.0,65.09,1497.0
2020-05-18,68.2,71.0,67.0,67.35,5198,78.0,66.64,5198.0
2020-05-19,67.0,70.1,64.1,69.45,3813,45.0,84.73,3813.0
2020-05-20,68.0,70.95,66.4,67.4,3482,44.0,79.14,3482.0
2020-05-21,67.95,69.9,65.1,68.95,1254,23.0,54.52,1254.0
2020-05-22,65.7,69.85,65.7,66.55,1225,33.0,37.12,1225.0
2020-05-26,69.75,69.75,63.55,66.9,2439,38.0,64.18,2439.0
2020-05-27,68.5,70.0,66.7,69.85,4625,71.0,65.14,3889.0
2020-05-28,71.0,72.7,67.4,70.25,4513,167.0,27.02,3071.0
2020-05-29,69.0,71.7,68.05,70.05,13042,128.0,101.89,12089.0
2020-06-01,70.5,72.5,70.05,72.15,5023,116.0,43.3,4201.0
2020-06-02,73.85,74.6,72.0,72.4,8740,132.0,66.21,6656.0
2020-06-03,74.0,75.0,71.1,73.75,20305,437.0,46.46,16554.0
2020-06-04,74.05,76.5,73.1,74.2,8493,152.0,55.88,6268.0
2020-06-05,72.0,81.6,72.0,81.6,19111,381.0,50.16,14320.0
2020-06-08,88.6,88.6,84.4,85.6,21798,411.0,53.04,16186.0
2020-06-09,86.1,91.5,84.8,85.65,28004,995.0,28.14,14579.0
2020-06-10,85.2,89.75,82.0,88.2,30575,808.0,37.84,15283.0
2020-06-11,88.2,88.2,84.55,85.5,8821,243.0,36.3,6536.0
2020-06-12,78.4,84.0,78.4,82.3,6953,326.0,21.33,4532.0
2020-06-15,82.0,84.0,80.0,82.5,6712,346.0,19.4,3255.0
2020-06-16,84.45,88.0,80.5,81.15,11011,333.0,33.07,6826.0
2020-06-17,81.0,81.95,79.55,81.2,3181,105.0,30.3,2705.0
2020-06-18,83.7,89.3,81.5,89.3,14795,308.0,48.04,12641.0
2020-06-19,93.9,98.2,92.5,98.1,68195,839.0,81.28,44526.0
2020-06-22,98.0,104.95,95.9,102.45,39470,902.0,43.76,22383.0
2020-06-23,103.0,107.9,102.5,104.1,15537,429.0,36.22,11099.0
2020-06-24,105.95,105.95,98.9,98.9,15832,324.0,48.86,13386.0
2020-06-25,95.7,99.1,94.6,96.4,9623,305.0,31.55,6686.0
2020-06-26,99.8,101.2,96.8,98.5,12989,263.0,49.39,7046.0
2020-06-29,100.7,103.4,98.9,101.8,26896,410.0,65.6,17119.0
2020-06-30,102.95,106.75,99.9,100.0,7194,129.0,55.77,5196.0
2020-07-01,101.95,101.95,99.1,100.0,5811,166.0,35.01,4315.0
2020-07-02,103.95,103.95,99.0,99.65,4050,78.0,51.92,3476.0
2020-07-03,99.6,100.85,98.0,98.1,3144,54.0,58.22,2985.0
2020-07-06,98.0,100.0,94.2,97.9,6016,152.0,39.58,4311.0
2020-07-07,98.05,99.8,94.5,96.0,6143,145.0,42.37,4272.0
2020-07-08,99.9,99.9,93.15,95.05,17329,281.0,61.67,15279.0
2020-07-09,95.0,96.85,92.8,94.6,7534,163.0,46.22,6052.0
2020-07-10,95.8,96.0,90.75,91.55,7330,123.0,59.59,6124.0
2020-07-13,91.1,96.1,90.5,95.05,7271,136.0,53.46,5630.0
2020-07-14,94.0,98.95,91.1,96.45,12948,322.0,40.21,8200.0
2020-07-15,97.35,99.0,94.0,94.85,7684,240.0,32.02,5875.0
2020-07-16,93.35,95.85,90.25,93.6,3463,111.0,31.2,2606.0
2020-07-17,92.35,93.95,89.15,90.4,12731,218.0,58.4,10770.0
2020-07-20,90.65,91.9,86.45,89.4,19214,2394.0,8.03,14679.0
2020-07-21,89.05,89.8,85.1,85.95,15767,2186.0,7.21,12668.0
2020-07-22,84.65,88.85,83.25,86.9,8621,514.0,16.77,6679.0
2020-07-23,89.0,91.2,87.0,91.2,31973,1168.0,27.37,26637.0
2020-07-24,92.05,95.75,92.0,95.65,36203,848.0,42.69,26102.0
2020-07-27,99.95,99.95,90.9,91.6,19328,466.0,41.48,14873.0
2020-07-28,92.8,92.8,87.1,88.85,9617,254.0,37.86,6693.0
2020-07-29,88.15,93.15,87.0,89.25,6832,165.0,41.41,4965.0
2020-07-30,88.8,91.85,86.5,88.5,21970,382.0,57.51,13703.0
2020-07-31,87.55,89.45,86.0,86.55,7189,182.0,39.5,5904.0
2020-08-03,87.0,88.5,85.1,85.95,4383,166.0,26.4,2369.0
2020-08-04,87.9,89.35,85.35,88.5,7684,171.0,44.94,4159.0
2020-08-05,87.3,89.9,86.35,88.1,4912,136.0,36.12,3397.0
2020-08-06,89.0,89.25,88.0,88.25,4353,131.0,33.23,3062.0
2020-08-07,87.95,89.05,85.6,86.1,21910,215.0,101.91,18740.0
2020-08-10,88.0,89.0,86.3,87.8,9596,274.0,35.02,7204.0
2020-08-11,88.25,92.15,87.0,92.15,55563,755.0,73.59,37434.0
2020-08-12,92.15,94.55,91.0,92.35,12794,250.0,51.18,9086.0
2020-08-13,92.05,92.95,89.55,91.6,9445,134.0,70.49,8179.0
2020-08-14,92.0,93.95,88.05,89.2,8328,275.0,30.28,7110.0
2020-08-17,91.05,93.65,90.05,92.85,12660,212.0,59.72,8484.0
2020-08-18,92.85,94.95,91.6,94.0,10874,178.0,61.09,7927.0
2020-08-19,95.95,96.0,93.0,95.15,11475,174.0,65.95,9408.0
2020-08-20,90.45,94.6,90.45,94.05,7814,244.0,32.02,4740.0
2020-08-21,93.0,98.75,91.7,98.75,40425,384.0,105.27,36369.0
2020-08-24,99.1,103.65,99.1,103.65,28174,212.0,132.9,27538.0
2020-08-25,108.8,108.8,105.0,108.8,68399,467.0,146.46,57420.0
2020-08-26,113.4,113.8,103.5,108.95,33081,752.0,43.99,24178.0
2020-08-27,105.1,110.45,103.55,103.65,45235,730.0,61.97,35731.0
2020-08-28,103.65,107.0,100.65,101.2,13399,432.0,31.02,10201.0
2020-08-31,101.35,101.85,96.15,96.2,18368,318.0,57.76,16112.0
2020-09-01,95.95,98.65,92.05,95.9,9465,245.0,38.63,6114.0
2020-09-02,95.65,98.75,93.9,96.4,4643,339.0,13.7,2670.0
2020-09-03,98.95,101.0,96.25,98.0,9199,298.0,30.87,5025.0
2020-09-04,97.85,99.0,94.7,96.7,7216,309.0,23.35,4641.0
2020-09-07,97.0,97.45,94.9,95.05,5907,143.0,41.31,4944.0
2020-09-08,93.0,96.0,90.3,91.3,10832,222.0,48.79,8456.0
2020-09-09,92.0,94.45,87.0,92.45,10211,273.0,37.4,6505.0
2020-09-10,93.95,94.8,91.05,93.85,3397,99.0,34.31,2757.0
2020-09-11,94.8,95.0,91.05,91.95,6106,310.0,19.7,4564.0
2020-09-14,92.15,96.5,92.1,96.5,4590,65.0,70.62,4465.0
2020-09-15,100.75,101.3,99.9,101.3,18854,120.0,157.12,18583.0
2020-09-16,101.5,106.35,99.0,104.45,14188,340.0,41.73,9102.0
2020-09-17,104.4,107.8,102.25,103.9,18458,518.0,35.63,11573.0
2020-09-18,104.5,105.4,98.75,100.15,9548,223.0,42.82,6665.0
2020-09-21,100.0,100.9,98.4,99.0,3924,153.0,25.65,3350.0
2020-09-22,97.05,99.0,94.05,94.15,12034,285.0,42.22,9796.0
2020-09-23,95.0,95.0,90.35,91.25,6464,231.0,27.98,4325.0
2020-09-24,89.5,91.4,87.35,91.0,7523,200.0,37.62,4309.0
2020-09-25,88.0,95.45,88.0,92.75,3221,152.0,21.19,1392.0
2020-09-28,95.5,97.35,92.05,95.05,6193,397.0,15.6,2549.0
2020-09-29,94.25,97.45,92.15,93.25,4039,117.0,34.52,3231.0
2020-09-30,92.6,93.95,92.45,93.0,4165,87.0,47.87,3413.0
2020-10-01,94.0,94.5,92.75,93.1,4824,97.0,49.73,3804.0
2020-10-05,94.0,94.0,90.85,93.15,11630,90.0,129.22,10408.0
2020-10-06,92.5,94.6,92.5,93.4,2716,67.0,40.54,2326.0
2020-10-07,92.6,94.5,91.8,93.05,7776,150.0,51.84,7030.0
2020-10-08,92.25,98.6,92.25,96.6,28487,318.0,89.58,12213.0
2020-10-09,97.0,101.0,95.05,95.75,3267,121.0,27.0,2759.0
2020-10-12,98.95,98.95,92.9,93.25,3870,172.0,22.5,2897.0
2020-10-13,91.7,95.0,91.2,93.65,10569,194.0,54.48,9166.0
2020-10-14,92.25,97.45,92.2,93.0,8031,310.0,25.91,5531.0
2020-10-15,95.0,95.0,91.2,92.75,4329,137.0,31.6,3823.0
2020-10-16,92.65,94.8,92.0,93.65,6283,115.0,54.63,5127.0
2020-10-19,93.6,95.0,91.2,92.4,5378,154.0,34.92,3706.0
2020-10-20,91.5,93.7,90.95,92.95,24050,289.0,83.22,19540.0
2020-10-21,94.0,94.0,91.65,92.7,17180,214.0,80.28,11399.0
2020-10-22,92.45,100.4,91.1,97.65,20005,307.0,65.16,14210.0
2020-10-23,100.15,103.5,97.1,99.5,26178,444.0,58.96,20783.0
2020-10-26,99.5,101.5,97.15,98.7,1757,85.0,20.67,1308.0
2020-10-27,100.0,101.0,95.05,97.1,11144,204.0,54.63,8557.0
2020-10-28,97.05,99.1,93.65,95.7,1589,77.0,20.64,1290.0
2020-10-29,98.7,99.3,92.55,93.35,2747,80.0,34.34,2050.0
2020-10-30,97.7,99.9,93.65,94.1,6353,153.0,41.52,4436.0
2020-11-02,96.3,96.3,93.3,93.95,2558,89.0,28.74,1852.0
2020-11-03,95.7,95.7,93.05,93.35,5309,156.0,34.03,3704.0
2020-11-04,94.85,97.5,93.1,93.8,3172,101.0,31.41,1646.0
2020-11-05,95.85,99.65,94.05,99.0,23015,390.0,59.01,18028.0
2020-11-06,97.6,99.6,95.5,96.1,8194,288.0,28.45,5512.0
2020-11-09,97.0,98.0,94.0,94.65,20019,219.0,91.41,18504.0
2020-11-10,92.35,98.8,92.35,96.3,48862,651.0,75.06,39185.0
2020-11-11,97.7,97.7,95.0,96.1,3323,93.0,35.73,2838.0
2020-11-12,96.0,97.9,94.95,96.05,13696,270.0,50.73,8169.0
2020-11-13,96.65,96.65,94.65,95.35,9387,125.0,75.1,7496.0
2020-11-14,98.0,98.85,93.75,97.45,6565,90.0,72.94,4790.0
2020-11-17,97.5,97.5,94.65,95.5,22472,260.0,86.43,19121.0
2020-11-18,97.0,97.4,94.2,96.0,27452,184.0,149.2,22319.0
2020-11-19,96.4,96.95,94.8,95.1,23615,244.0,96.78,20252.0
2020-11-20,96.35,98.05,95.2,96.0,11178,159.0,70.3,5930.0
2020-11-23,97.95,99.0,96.05,97.2,9101,190.0,47.9,6013.0
2020-11-24,97.55,104.5,96.95,102.35,28571,423.0,67.54,21902.0
2020-11-25,105.0,105.0,100.0,101.35,17565,399.0,44.02,12161.0
2020-11-26,102.0,103.75,98.25,99.0,19068,324.0,58.85,15446.0
2020-11-27,99.1,99.95,97.95,98.65,12587,292.0,43.11,9255.0
2020-12-01,98.65,108.5,98.65,107.3,48022,651.0,73.77,38099.0
2020-12-02,108.75,118.0,108.1,116.55,84826,1716.0,49.43,56557.0
2020-12-03,118.0,122.0,117.95,119.95,53313,749.0,71.18,42728.0
2020-12-04,119.95,119.95,113.15,114.9,26447,565.0,46.81,19866.0
2020-12-07,115.0,126.1,115.0,123.2,32208,978.0,32.93,18218.0
2020-12-08,125.6,125.6,116.15,120.45,23055,565.0,40.81,13503.0
2020-12-09,122.95,122.95,119.1,120.2,19234,330.0,58.28,12863.0
2020-12-10,119.0,119.0,114.05,117.05,7446,254.0,29.31,4716.0
2020-12-11,119.95,122.0,117.6,120.4,9790,225.0,43.51,6972.0
2020-12-14,124.8,126.0,120.65,122.3,20976,661.0,31.73,9358.0
2020-12-15,121.05,122.6,109.0,115.85,37470,937.0,39.99,22142.0
2020-12-16,118.95,119.95,116.25,117.1,14124,454.0,31.11,9073.0
2020-12-17,116.95,121.7,114.6,115.95,6656,354.0,18.8,4227.0
2020-12-18,116.0,119.5,112.0,113.8,15992,318.0,50.29,12045.0
2020-12-21,113.05,116.9,101.45,104.7,24799,911.0,27.22,17476.0
2020-12-22,102.0,109.9,99.05,105.55,20589,389.0,52.93,14118.0
2020-12-23,105.35,118.5,105.0,115.6,70831,2080.0,34.05,25412.0
2020-12-24,117.5,121.0,110.45,112.3,48125,1845.0,26.08,20748.0
2020-12-28,112.3,116.25,111.0,111.95,15410,633.0,24.34,9489.0
2020-12-29,112.75,121.5,112.05,119.9,55299,1114.0,49.64,28782.0
2020-12-30,122.9,122.9,117.0,119.15,59183,1649.0,35.89,29879.0
2020-12-31,119.35,120.65,116.0,118.55,17243,629.0,27.41,9731.0
2021-01-01,120.1,120.45,116.05,118.3,29338,601.0,48.82,20472.0
2021-01-04,119.8,121.65,118.2,119.85,23497,460.0,51.08,15188.0
2021-01-05,118.0,120.1,117.1,119.55,13322,334.0,39.89,7218.0
2021-01-06,116.0,120.95,116.0,119.35,19876,332.0,59.87,15676.0
2021-01-07,118.7,121.6,118.6,119.6,10632,275.0,38.66,6956.0
2021-01-08,118.5,122.0,118.5,121.35,21221,679.0,31.25,13768.0
2021-01-11,124.35,124.4,118.45,121.35,32215,686.0,46.96,15172.0
2021-01-12,121.05,145.6,120.9,145.2,446819,5752.0,77.68,139035.0
2021-01-13,153.9,161.0,142.5,144.95,531543,12015.0,44.24,163930.0
2021-01-14,145.0,145.0,138.15,140.0,42885,1571.0,27.3,20626.0
2021-01-15,141.8,143.0,135.75,136.8,47963,1685.0,28.46,18518.0
2021-01-18,136.8,136.8,130.0,131.35,26642,725.0,36.75,11901.0
2021-01-19,131.35,157.5,131.35,147.45,298670,6383.0,46.79,89673.0
2021-01-20,146.7,146.7,142.0,142.9,47257,1199.0,39.41,22718.0
2021-01-21,143.95,144.4,137.45,140.3,39303,866.0,45.38,25394.0
2021-01-22,141.0,141.65,134.0,136.7,21130,538.0,39.28,11910.0
2021-01-25,136.65,145.0,130.6,136.0,31959,827.0,38.64,15835.0
2021-01-27,134.05,136.0,131.6,132.8,11719,481.0,24.36,7403.0
2021-01-28,131.2,137.8,130.1,134.6,10983,297.0,36.98,4794.0
2021-01-29,138.5,138.5,130.3,133.1,13723,286.0,47.98,9540.0
2021-02-01,136.55,138.3,121.0,132.55,22013,590.0,37.31,12686.0
2021-02-02,137.45,137.45,133.0,133.85,7965,268.0,29.72,5370.0
2021-02-03,132.2,136.15,132.0,135.05,10806,334.0,32.35,6654.0
2021-02-04,134.1,147.4,134.1,143.1,71084,1365.0,52.08,38456.0
2021-02-05,142.25,144.8,138.0,138.35,17029,407.0,41.84,12435.0
2021-02-08,144.9,149.9,141.3,143.25,43438,1045.0,41.57,22893.0
2021-02-09,143.5,143.55,140.3,140.6,11368,168.0,67.67,8748.0
2021-02-10,143.75,145.75,139.15,140.65,9380,274.0,34.23,5463.0
2021-02-11,140.7,142.9,140.7,141.3,13906,180.0,77.26,11696.0
2021-02-12,143.0,148.0,139.0,143.0,39890,651.0,61.27,24768.0
2021-02-15,142.55,145.0,141.0,141.9,11729,241.0,48.67,8073.0
2021-02-16,141.7,142.05,138.75,139.35,13139,300.0,43.8,10220.0
2021-02-17,140.35,140.9,134.55,135.15,12596,284.0,44.35,8615.0
2021-02-18,136.8,138.9,135.15,136.05,7368,223.0,33.04,4695.0
2021-02-19,138.9,141.95,135.9,136.1,14391,285.0,50.49,9346.0
2021-02-22,136.3,136.3,131.6,132.5,6616,186.0,35.57,5239.0
2021-02-23,133.0,139.1,132.0,137.25,10021,329.0,30.46,5728.0
2021-02-24,141.5,141.5,134.6,139.0,12045,118.0,102.08,10992.0
2021-02-25,138.05,140.0,136.6,138.35,6813,198.0,34.41,4731.0
2021-02-26,137.0,140.0,134.35,135.5,11162,244.0,45.75,6783.0
2021-03-01,139.75,143.0,135.7,141.75,47817,980.0,48.79,25227.0
2021-03-02,142.6,146.0,138.95,141.5,32007,700.0,45.72,18019.0
2021-03-03,145.0,150.0,143.0,144.3,57297,1221.0,46.93,40073.0
2021-03-04,142.1,146.45,140.2,144.1,15376,436.0,35.27,8904.0
2021-03-05,143.0,144.3,140.85,142.15,18182,233.0,78.03,13976.0
2021-03-08,142.0,142.0,137.3,140.85,19295,423.0,45.61,7945.0
2021-03-09,142.95,149.0,142.0,145.2,46889,1066.0,43.99,25241.0
2021-03-10,147.9,147.9,142.6,143.9,15301,260.0,58.85,11715.0
2021-03-12,145.95,150.05,140.65,142.6,48822,1087.0,44.91,15786.0
2021-03-15,143.1,143.1,135.5,137.5,13945,360.0,38.74,10150.0
2021-03-16,140.4,158.0,137.4,152.4,133793,2268.0,58.99,64697.0
2021-03-17,153.9,153.9,146.1,146.4,17037,438.0,38.9,13353.0
2021-03-18,148.0,152.35,138.95,139.7,15326,556.0,27.56,9535.0
2021-03-19,138.05,141.75,130.45,138.45,15345,404.0,37.98,9623.0
2021-03-22,138.65,149.05,136.15,142.55,41030,918.0,44.69,12720.0
2021-03-23,142.85,144.95,139.1,140.5,10658,395.0,26.98,7268.0
2021-03-24,138.6,142.1,138.0,139.85,46208,712.0,64.9,30018.0
2021-03-25,141.25,141.25,135.05,137.1,27473,624.0,44.03,16536.0
2021-03-26,139.25,139.25,135.45,136.0,24979,309.0,80.84,19481.0
2021-03-30,135.2,137.9,134.55,136.8,14006,359.0,39.01,11667.0
2021-03-31,136.3,137.0,134.05,136.35,8453,160.0,52.83,6773.0
2021-04-01,135.05,139.75,134.65,136.75,14314,279.0,51.3,7778.0
2021-04-05,138.0,138.0,132.15,134.2,9090,347.0,26.2,6497.0
2021-04-06,135.8,136.9,132.3,133.35,8248,346.0,23.84,5057.0
2021-04-07,133.15,136.0,133.1,133.8,14397,291.0,49.47,11394.0
2021-04-08,135.35,139.2,135.15,136.0,8287,221.0,37.5,4859.0
2021-04-09,136.7,138.9,131.65,135.9,8770,350.0,25.06,4869.0
2021-04-12,135.9,135.9,128.25,128.75,13663,350.0,39.04,10009.0
2021-04-13,128.25,134.35,128.25,131.25,5792,202.0,28.67,3094.0
2021-04-15,128.8,144.0,128.8,136.25,11745,398.0,29.51,6243.0
2021-04-16,138.0,140.0,135.35,136.7,14237,376.0,37.86,10763.0
2021-04-19,133.0,133.95,132.05,132.9,5635,264.0,21.34,4102.0
2021-04-20,133.9,134.8,130.6,132.1,6826,451.0,15.14,5829.0
2021-04-22,132.45,140.65,131.5,138.7,31735,658.0,48.23,24270.0
2021-04-23,138.75,147.5,137.0,140.9,48292,1154.0,41.85,31968.0
2021-04-26,143.95,143.95,138.05,139.2,11297,401.0,28.17,7483.0
2021-04-27,139.4,157.7,138.15,153.2,105555,1776.0,59.43,68281.0
2021-04-28,153.2,158.0,148.35,149.95,74853,2293.0,32.64,42361.0
2021-04-29,150.0,152.45,141.65,144.85,32727,1366.0,23.96,14225.0
2021-04-30,144.85,165.0,144.85,162.5,267946,4482.0,59.78,116475.0
2021-05-03,166.0,195.0,164.9,185.45,820894,13532.0,60.66,339938.0
2021-05-04,187.4,187.4,171.6,175.1,164587,5140.0,32.02,90360.0
2021-05-05,178.0,178.85,165.05,169.45,85292,2815.0,30.3,52160.0
2021-05-06,171.1,178.75,167.85,175.45,97642,2498.0,39.09,42180.0
2021-05-07,176.0,176.05,169.5,171.2,33981,1445.0,23.52,19673.0
2021-05-10,173.8,182.8,173.8,179.3,119413,2968.0,40.23,77085.0
2021-05-11,179.0,187.0,177.4,185.15,131639,3656.0,36.01,76622.0
2021-05-12,186.0,187.8,176.5,178.05,40738,1793.0,22.72,24689.0
2021-05-14,181.0,183.3,175.0,178.95,53918,2020.0,26.69,24436.0
2021-05-17,197.0,204.0,191.2,193.9,476705,12587.0,37.87,190548.0
2021-05-18,194.5,196.4,184.85,186.05,85799,3148.0,27.26,53383.0
2021-05-19,186.5,191.7,182.8,183.9,77648,2270.0,34.21,50618.0
2021-05-20,184.7,187.6,177.15,180.25,44021,1996.0,22.05,21187.0
2021-05-21,183.3,185.85,182.4,183.25,33207,1480.0,22.44,17989.0
2021-05-24,182.0,185.95,178.6,181.7,56334,1450.0,38.85,35117.0
2021-05-25,182.0,194.0,181.35,191.55,227158,5176.0,43.89,113064.0
2021-05-26,191.65,192.25,186.1,187.6,45133,1518.0,29.73,26711.0
2021-05-27,187.95,192.75,186.1,187.45,28428,1010.0,28.15,14907.0
2021-05-28,187.1,192.0,181.5,182.75,40040,1386.0,28.89,25133.0
2021-05-31,182.8,195.2,182.8,191.85,141055,4166.0,33.86,77828.0
2021-06-01,192.2,194.35,185.65,189.2,121960,5909.0,20.64,47428.0
2021-06-02,186.7,206.6,186.05,196.6,406207,8149.0,49.85,164719.0
2021-06-03,197.45,207.55,196.0,198.45,168925,8388.0,20.14,76775.0
2021-06-04,199.0,225.0,197.75,220.6,762812,17503.0,43.58,200613.0
2021-06-07,220.6,234.0,217.0,221.3,244108,8436.0,28.94,116361.0
2021-06-08,222.8,224.65,214.3,217.05,99695,5928.0,16.82,42141.0
2021-06-09,218.0,219.8,201.3,203.0,150545,5416.0,27.8,82163.0
2021-06-10,204.8,214.0,204.8,213.25,121166,7367.0,16.45,39706.0
2021-06-11,215.2,218.5,211.0,213.25,87598,6732.0,13.01,29431.0
2021-06-14,212.5,217.0,206.1,212.6,109346,9641.0,11.34,28094.0
2021-06-15,212.0,218.0,211.85,215.0,102409,9875.0,10.37,28323.0
2021-06-16,216.05,217.65,209.05,211.6,75985,5864.0,12.96,23692.0
2021-06-17,211.6,215.0,203.45,205.2,66519,5435.0,12.24,27258.0
2021-06-18,206.0,213.55,202.55,207.5,119469,7697.0,15.52,38021.0
2021-06-21,205.8,216.0,201.85,211.75,84657,4980.0,17.0,29552.0
2021-06-22,215.0,215.4,208.6,210.3,46506,4221.0,11.02,15109.0
2021-06-23,212.65,216.8,207.2,212.4,58234,4872.0,11.95,18484.0
2021-06-24,213.7,214.4,210.1,211.95,36869,3638.0,10.13,12367.0
2021-06-25,210.1,229.9,210.1,222.65,296920,17861.0,16.62,105156.0
2021-06-28,224.35,231.85,222.6,225.9,129190,7302.0,17.69,55780.0
2021-06-29,227.2,229.15,215.0,218.4,82493,4036.0,20.44,41155.0
2021-06-30,221.4,221.4,211.15,213.15,77468,4525.0,17.12,37190.0
2021-07-01,214.25,217.0,211.0,212.75,43995,2788.0,15.78,20192.0
2021-07-02,213.15,222.7,213.15,217.25,61513,3029.0,20.31,25056.0
2021-07-05,217.6,221.0,213.2,214.65,66265,4446.0,14.9,24359.0
2021-07-06,217.7,217.7,211.35,213.15,36189,1945.0,18.61,21533.0
2021-07-07,214.8,214.8,210.0,213.05,64583,4224.0,15.29,22571.0
2021-07-08,213.05,215.55,205.9,209.2,30871,1810.0,17.06,15165.0
2021-07-09,209.0,211.75,205.25,209.0,18021,963.0,18.71,8103.0
2021-07-12,208.6,216.5,208.6,215.1,40308,1117.0,36.09,24982.0
2021-07-13,219.0,219.2,214.35,216.2,68367,1255.0,54.48,38151.0
2021-07-14,216.6,229.0,215.35,225.6,241762,6239.0,38.75,75423.0
2021-07-15,227.4,239.05,226.0,229.45,277533,7115.0,39.01,126961.0
2021-07-16,232.0,245.0,230.0,242.9,284295,11088.0,25.64,124579.0
2021-07-19,241.0,251.0,236.0,242.15,201676,8562.0,23.55,100202.0
2021-07-20,241.0,245.6,229.8,237.65,127567,6996.0,18.23,53369.0
2021-07-22,240.5,247.4,237.5,238.6,69503,4057.0,17.13,27747.0
2021-07-23,240.5,260.0,236.7,255.95,284915,12864.0,22.15,100509.0
2021-07-26,266.6,307.1,266.6,293.6,1421515,36689.0,38.74,344521.0
2021-07-27,295.95,295.95,275.0,282.95,286910,11264.0,25.47,138111.0
2021-07-28,285.6,285.7,266.05,281.0,139763,4900.0,28.52,62139.0
2021-07-29,283.9,297.0,282.1,286.6,132523,6103.0,21.71,57385.0
2021-07-30,289.0,298.0,283.35,290.65,160548,8210.0,19.56,74352.0
2021-08-02,285.6,287.7,276.55,282.7,219240,12715.0,17.24,92701.0
2021-08-03,285.95,290.9,280.1,282.05,137645,9023.0,15.25,45114.0
2021-08-04,286.7,323.8,277.1,298.1,933013,31353.0,29.76,243933.0
2021-08-05,298.95,301.65,285.3,289.4,125867,6154.0,20.45,51428.0
2021-08-06,289.4,293.05,283.9,285.75,54442,2974.0,18.31,26868.0
2021-08-09,288.4,288.4,274.0,276.5,60918,2519.0,24.18,32638.0
2021-08-10,277.0,281.1,252.5,254.3,155594,7169.0,21.7,78868.0
2021-08-11,252.2,258.7,232.1,246.8,240271,7568.0,31.75,87207.0
2021-08-12,249.95,254.45,244.65,251.3,115196,3205.0,35.94,68544.0
2021-08-13,252.0,267.25,251.0,261.45,229266,7280.0,31.49,69254.0
2021-08-16,258.55,262.25,244.0,249.8,84977,3431.0,24.77,36571.0
2021-08-17,254.8,257.05,246.5,247.5,69369,2549.0,27.21,28618.0
2021-08-18,252.0,253.45,239.95,242.95,114371,4123.0,27.74,31839.0
2021-08-20,239.0,242.5,230.75,233.15,85060,3518.0,24.18,39361.0
2021-08-23,237.5,238.4,212.2,219.0,88695,3654.0,24.27,37683.0
2021-08-24,219.0,234.0,216.55,231.35,92949,3196.0,29.08,41270.0
2021-08-25,234.45,236.6,225.0,226.05,48011,1908.0,25.16,21450.0
2021-08-26,227.0,232.6,222.1,224.1,40308,1644.0,24.52,18687.0
2021-08-27,224.5,237.0,223.3,235.15,78050,2637.0,29.6,36083.0
2021-08-30,239.0,249.65,239.0,241.65,80846,2997.0,26.98,39932.0
2021-08-31,243.65,244.15,237.0,238.5,37416,1904.0,19.65,19786.0
2021-09-01,240.6,240.6,232.6,236.05,31975,2584.0,12.37,6868.0
2021-09-02,234.4,254.0,234.4,251.85,172601,8933.0,19.32,48949.0
2021-09-03,254.7,259.45,246.1,249.0,107841,7192.0,14.99,38875.0
2021-09-06,249.6,253.95,246.6,249.55,60672,3905.0,15.54,24384.0
2021-09-07,250.0,257.05,246.25,250.05,85757,3845.0,22.3,42452.0
2021-09-08,249.75,250.5,244.55,245.05,49533,2745.0,18.04,19673.0
2021-09-09,245.7,249.6,243.5,245.45,39805,2512.0,15.85,16219.0
2021-09-13,245.1,271.5,245.0,268.95,285294,7963.0,35.83,103808.0
2021-09-14,272.0,274.7,260.7,262.05,122588,5238.0,23.4,61198.0
2021-09-15,264.15,265.15,258.2,260.45,35272,3120.0,11.31,14704.0
2021-09-16,261.7,263.75,258.3,259.85,29030,2041.0,14.22,13659.0
2021-09-17,261.7,262.0,246.35,249.0,55554,2045.0,27.17,32724.0
2021-09-20,246.1,255.0,242.6,244.5,44022,2129.0,20.68,21376.0
2021-09-21,241.1,250.5,240.0,248.45,34033,1551.0,21.94,12992.0
2021-09-22,244.7,250.0,242.4,244.35,34614,1029.0,33.64,20587.0
2021-09-23,244.6,257.8,243.75,248.9,71558,3285.0,21.78,31648.0
2021-09-24,251.0,253.65,244.05,248.45,33242,1310.0,25.38,18182.0
2021-09-27,250.5,252.3,243.3,249.1,28709,1219.0,23.55,16559.0
2021-09-28,249.45,251.9,246.0,246.55,26259,1386.0,18.95,13554.0
2021-09-29,244.9,255.05,244.9,252.85,57181,1638.0,34.91,28525.0
2021-09-30,254.9,260.0,251.2,252.25,40288,2386.0,16.89,17061.0
2021-10-01,252.25,259.0,247.25,256.85,47989,2107.0,22.78,23042.0
2021-10-04,261.9,265.3,255.0,260.05,113291,4622.0,24.51,68108.0
2021-10-05,261.0,275.0,260.95,268.1,95710,5745.0,16.66,38912.0
2021-10-06,269.7,273.5,260.1,264.15,58478,3409.0,17.15,29133.0
2021-10-07,265.1,276.25,265.1,266.85,73052,3379.0,21.62,37462.0
2021-10-08,267.85,270.7,261.1,262.15,26729,1307.0,20.45,13978.0
2021-10-11,263.9,266.55,259.55,262.75,36796,1903.0,19.34,15676.0
2021-10-12,260.6,265.3,259.1,261.2,43173,3704.0,11.66,26689.0
2021-10-13,262.95,264.35,252.55,256.25,73522,2741.0,26.82,49483.0
2021-10-14,256.55,259.85,253.05,254.65,34764,2969.0,11.71,20856.0
2021-10-18,256.9,257.7,249.0,252.25,42102,1486.0,28.33,28565.0
2021-10-19,254.0,261.55,249.0,253.3,79194,2156.0,36.73,48005.0
2021-10-20,254.3,254.3,238.0,244.25,49316,2572.0,19.17,30164.0
2021-10-21,244.0,247.0,235.0,241.0,27627,1612.0,17.14,11927.0
2021-10-22,243.7,245.1,233.05,236.2,32688,1736.0,18.83,18608.0
2021-10-25,236.2,241.05,223.35,226.2,37872,1966.0,19.26,15979.0
2021-10-26,229.45,234.0,226.35,232.15,23366,999.0,23.39,13579.0
2021-10-27,233.4,238.85,223.55,224.65,43873,1646.0,26.65,26161.0
2021-10-28,225.6,231.1,224.05,226.65,33734,1370.0,24.62,23637.0
2021-10-29,225.0,229.0,221.7,223.1,25313,1095.0,23.12,14906.0
2021-11-01,232.0,234.0,228.25,229.3,46369,1406.0,32.98,29656.0
2021-11-02,229.3,234.9,229.2,231.4,29875,932.0,32.05,20140.0
2021-11-03,232.5,234.9,228.1,228.6,22134,974.0,22.72,13466.0
2021-11-04,230.7,232.85,229.0,230.65,15158,974.0,15.56,13466.0
2021-11-08,230.55,238.75,228.0,233.15,45470,1665.0,27.31,22857.0
2021-11-09,234.3,242.0,232.0,239.25,39306,1697.0,23.16,18470.0
2021-11-10,239.25,245.8,236.9,240.5,35418,1119.0,31.65,23022.0
2021-11-11,241.7,243.3,234.2,236.2,13243,776.0,17.07,7895.0
2021-11-12,235.1,240.6,234.55,235.05,22236,882.0,25.21,12620.0
2021-11-15,235.2,238.0,218.8,221.1,55114,3354.0,16.43,33454.0
2021-11-16,224.9,226.0,216.0,219.55,76400,2469.0,30.94,45572.0
2021-11-17,219.55,222.45,218.0,218.85,25353,889.0,28.52,16200.0
2021-11-18,219.5,220.9,211.2,213.6,23770,1370.0,17.35,11680.0
2021-11-22,211.0,213.8,202.05,205.65,25470,1548.0,16.45,12861.0
2021-11-23,205.1,215.9,202.0,214.45,20600,1187.0,17.35,11075.0
2021-11-24,217.0,219.4,207.0,211.4,17565,900.0,19.52,11153.0
2021-11-25,211.4,215.8,210.05,211.65,20443,814.0,25.11,14260.0
2021-11-26,210.55,212.0,205.1,208.85,30082,1225.0,24.56,19764.0
2021-11-29,206.2,207.3,171.3,197.95,35514,1380.0,25.73,21569.0
2021-11-30,199.15,205.4,193.05,197.55,35542,1468.0,24.21,15524.0
2021-12-01,198.35,200.15,192.1,197.1,56285,1598.0,35.22,33157.0
2021-12-02,195.0,232.0,194.35,227.1,356402,13388.0,26.62,104087.0
2021-12-03,223.0,223.0,215.0,217.7,75980,3958.0,19.2,30008.0
2021-12-06,217.0,218.0,203.75,206.2,39210,2145.0,18.28,21884.0
2021-12-07,209.8,214.0,206.0,211.55,31353,1917.0,16.36,16575.0
2021-12-08,213.1,216.0,212.95,213.7,19982,790.0,25.29,14899.0
2021-12-09,215.5,222.75,213.0,218.5,31475,1095.0,28.74,21025.0
2021-12-10,218.05,228.0,218.05,225.75,43925,1641.0,26.77,26939.0
2021-12-13,227.15,231.0,221.6,223.0,41867,1569.0,26.68,23277.0
2021-12-14,222.0,226.0,218.8,223.4,15155,638.0,23.75,8423.0
2021-12-15,224.7,225.0,219.6,221.2,8556,475.0,18.01,4530.0
2021-12-16,222.05,224.45,215.0,216.4,18582,665.0,27.94,13188.0
2021-12-17,217.05,218.7,211.0,214.35,21181,1334.0,15.88,12814.0
2021-12-20,207.05,211.8,189.75,200.25,41709,1720.0,24.25,20371.0
2021-12-21,203.25,210.6,202.0,202.75,22911,898.0,25.51,12575.0
2021-12-22,204.55,206.95,203.0,204.0,24955,565.0,44.17,17890.0
2021-12-23,206.65,211.05,201.9,202.95,48765,1051.0,46.4,36897.0
2021-12-24,204.7,207.1,201.0,204.5,22710,642.0,35.37,15208.0
2021-12-27,201.5,209.0,201.4,207.1,10868,494.0,22.0,5361.0
2021-12-28,209.15,214.0,205.4,212.0,22850,775.0,29.48,13551.0
2021-12-29,211.7,218.1,210.45,211.6,17904,1004.0,17.83,9242.0
2021-12-30,208.3,213.85,208.3,209.2,9635,515.0,18.71,5858.0
2021-12-31,210.85,214.7,210.0,210.8,15364,599.0,25.65,9384.0
2022-01-03,210.05,214.35,209.5,213.05,22819,745.0,30.63,14408.0
2022-01-04,214.0,217.0,214.0,216.3,28641,683.0,41.93,18596.0
2022-01-05,217.7,218.0,213.1,214.55,18266,705.0,25.91,10592.0
2022-01-06,214.0,216.0,210.85,214.75,18710,701.0,26.69,12439.0
2022-01-07,216.4,230.0,216.2,225.0,92869,2733.0,33.98,43748.0
2022-01-10,230.1,239.95,230.1,232.4,138370,3930.0,35.21,68799.0
2022-01-11,232.4,235.5,227.05,230.3,44065,1701.0,25.91,22591.0
2022-01-12,228.1,232.5,225.05,228.75,22232,1164.0,19.1,13443.0
2022-01-13,229.75,230.85,225.0,228.7,21700,1218.0,17.82,11862.0
2022-01-14,227.0,238.0,224.45,235.0,35921,1861.0,19.3,21240.0
2022-01-17,235.0,235.0,229.65,230.7,27567,1164.0,23.68,15901.0
2022-01-18,232.7,232.7,225.0,226.05,22762,1242.0,18.33,12499.0
2022-01-19,225.65,228.0,222.5,225.6,12240,765.0,16.0,4446.0
2022-01-20,226.9,228.05,224.0,226.45,16742,830.0,20.17,9414.0
2022-01-21,225.75,227.8,223.05,224.6,19060,1313.0,14.52,9809.0
2022-01-24,224.5,224.5,209.15,214.65,30521,1758.0,17.36,16920.0
2022-01-25,215.1,217.95,211.1,215.9,15440,706.0,21.87,10410.0
2022-01-27,216.0,228.75,213.0,223.45,55157,2050.0,26.91,27150.0
2022-01-28,226.8,239.0,226.3,234.85,91116,2869.0,31.76,40730.0
2022-01-31,241.95,244.0,231.15,234.05,57849,2901.0,19.94,31463.0
2022-02-01,231.0,236.35,226.5,229.0,21453,1541.0,13.92,8888.0
2022-02-02,232.65,232.7,225.8,228.3,27246,1410.0,19.32,18816.0
2022-02-03,228.1,231.0,226.0,226.95,12779,732.0,17.46,7570.0
2022-02-04,225.8,229.9,223.45,226.6,10996,771.0,14.26,5453.0
2022-02-07,229.0,232.5,226.15,230.55,22274,1260.0,17.68,12979.0
2022-02-08,232.45,232.6,220.1,222.5,20731,1046.0,19.82,10889.0
2022-02-09,225.95,249.8,225.7,239.1,351081,13546.0,25.92,107935.0
2022-02-10,238.8,242.9,233.05,239.05,38876,1806.0,21.53,17601.0
2022-02-11,237.5,249.05,233.65,242.45,123429,4523.0,27.29,68798.0
2022-02-14,230.1,245.0,226.85,236.15,96426,3841.0,25.1,56755.0
2022-02-15,238.35,243.0,225.45,231.15,58682,2139.0,27.43,38702.0
2022-02-16,230.95,234.65,224.75,226.7,37570,1607.0,23.38,23191.0
2022-02-17,225.3,230.0,218.3,220.65,25683,1151.0,22.31,15153.0
2022-02-18,220.0,224.05,218.1,218.7,18483,903.0,20.47,11651.0
2022-02-21,219.2,219.7,210.0,210.65,44970,1392.0,32.31,27432.0
2022-02-22,207.0,207.7,198.0,205.7,35988,1166.0,30.86,18980.0
2022-02-23,207.1,213.4,207.1,209.7,9038,399.0,22.65,4537.0
2022-02-24,200.0,203.55,190.0,193.15,55529,1794.0,30.95,33057.0
2022-02-25,202.5,205.0,197.0,202.75,25239,996.0,25.34,13919.0
2022-02-28,199.7,212.9,196.55,210.75,24084,1051.0,22.92,14641.0
2022-03-02,210.75,210.75,203.5,209.9,28958,1156.0,25.05,17652.0
2022-03-03,209.9,213.55,204.9,207.8,14244,495.0,28.78,10415.0
2022-03-04,205.0,209.9,204.35,207.45,13459,909.0,14.81,6519.0
2022-03-07,205.9,205.9,198.5,200.45,23264,960.0,24.23,16956.0
2022-03-08,202.4,206.85,197.65,203.05,23317,813.0,28.68,15570.0
2022-03-09,208.4,215.5,203.3,212.0,10638,438.0,24.29,7489.0
2022-03-10,216.0,220.0,207.3,210.0,18750,896.0,20.93,11212.0
2022-03-11,209.0,215.5,208.3,214.35,11799,732.0,16.12,5963.0
2022-03-14,211.5,218.2,210.55,212.3,40703,1258.0,32.36,25151.0
2022-03-15,212.5,228.85,212.5,223.3,90186,3022.0,29.84,50631.0
2022-03-16,225.9,231.0,221.05,226.35,54222,1743.0,31.11,28819.0
2022-03-17,227.9,229.55,225.0,226.15,19621,897.0,21.87,12069.0
2022-03-21,226.15,230.9,223.7,224.35,21819,824.0,26.48,12582.0
2022-03-22,224.1,228.0,222.75,224.75,30630,920.0,33.29,17819.0
2022-03-23,226.7,261.0,225.25,248.5,508053,17941.0,28.32,172827.0
2022-03-24,258.0,265.0,251.1,252.85,253995,8726.0,29.11,92946.0
2022-03-25,255.0,255.1,244.0,248.25,63429,2958.0,21.44,34884.0
2022-03-28,251.0,259.6,245.05,253.95,82114,5123.0,16.03,40566.0
2022-03-29,254.1,264.3,253.0,255.85,99332,4207.0,23.61,51386.0
2022-03-30,256.2,268.75,255.3,257.3,128908,4484.0,28.75,62758.0
2022-03-31,257.45,261.95,245.45,248.5,48131,2608.0,18.46,27054.0
2022-04-01,248.0,261.0,248.0,254.8,43725,2002.0,21.84,22655.0
2022-04-04,257.0,263.2,251.75,255.6,40803,2290.0,17.82,19901.0
2022-04-05,256.0,261.0,255.6,257.5,45403,2903.0,15.64,24493.0
2022-04-06,258.4,272.4,256.5,261.55,80690,3183.0,25.35,34859.0
2022-04-07,261.55,264.15,251.5,254.8,30349,1566.0,19.38,17552.0
2022-04-08,256.8,259.35,248.6,251.05,42912,1936.0,22.17,24447.0
2022-04-11,252.9,262.15,251.95,255.9,39135,1823.0,21.47,18365.0
2022-04-12,256.9,259.75,250.15,256.3,22038,1279.0,17.23,13129.0
2022-04-13,255.1,261.75,252.55,254.0,28943,1081.0,26.77,16060.0
2022-04-18,250.0,254.4,241.15,245.45,35059,1609.0,21.79,21906.0
2022-04-19,248.5,281.8,246.05,268.55,514800,15074.0,34.15,189080.0
2022-04-20,273.2,292.4,273.2,288.05,694977,17934.0,38.75,232213.0
2022-04-21,290.35,304.0,288.0,297.15,435990,12149.0,35.89,165733.0
2022-04-22,294.4,302.65,278.35,283.8,215073,6654.0,32.32,102257.0
2022-04-25,283.0,310.9,274.95,291.8,541546,15658.0,34.59,156803.0
2022-04-26,294.7,304.0,287.0,291.65,124946,4000.0,31.24,57066.0
2022-04-27,292.0,293.15,279.0,282.35,89580,3232.0,27.72,46405.0
2022-04-28,284.6,287.65,272.0,274.9,57902,2492.0,23.24,27481.0
2022-04-29,280.0,289.85,272.0,284.25,131499,4824.0,27.26,49281.0
2022-05-02,284.25,289.9,274.65,277.65,85374,3796.0,22.49,32875.0
2022-05-04,279.8,282.0,254.8,259.8,121690,6050.0,20.11,49212.0
2022-05-05,262.35,293.6,256.55,261.9,115509,9184.0,12.58,18727.0
2022-05-06,256.1,262.1,242.5,244.7,184926,10444.0,17.71,64195.0
2022-05-09,242.0,246.4,235.0,241.2,105538,7021.0,15.03,33907.0
2022-05-10,241.3,247.0,219.1,222.65,116712,5924.0,19.7,47155.0
2022-05-11,222.4,235.4,212.4,232.35,119547,5543.0,21.57,44410.0
2022-05-12,225.0,232.0,219.5,227.7,92959,4908.0,18.94,45577.0
2022-05-13,229.95,238.95,225.9,233.25,72390,5748.0,12.59,20601.0
2022-05-16,235.5,239.0,222.1,225.55,46507,2156.0,21.57,21942.0
2022-05-17,227.6,241.0,225.45,239.4,42229,1879.0,22.47,21835.0
2022-05-18,241.5,248.85,235.0,243.95,32589,1556.0,20.94,17544.0
2022-05-19,235.55,238.65,228.1,232.85,26760,1226.0,21.83,11566.0
2022-05-20,235.15,242.0,235.15,239.35,21370,1249.0,17.11,10465.0
2022-05-23,241.7,245.65,235.4,237.4,31612,3473.0,9.1,11522.0
2022-05-24,241.9,241.95,229.0,232.5,27786,2621.0,10.6,12444.0
2022-05-25,237.9,237.9,219.0,220.65,39214,2898.0,13.53,18415.0
2022-05-26,222.85,237.95,218.1,233.65,40519,2558.0,15.84,16610.0
2022-05-27,233.65,239.15,230.55,234.5,53751,4998.0,10.75,17679.0
2022-05-30,236.75,245.0,234.1,240.0,29494,2496.0,11.82,13748.0
2022-05-31,249.1,249.1,240.6,243.25,51850,2897.0,17.9,25323.0
2022-06-01,245.65,252.0,243.05,250.35,28373,1454.0,19.51,12517.0
2022-06-02,250.85,258.0,237.65,244.95,96099,4537.0,21.18,29871.0
2022-06-03,247.35,249.75,238.95,240.95,18812,1605.0,11.72,8207.0
2022-06-06,243.2,248.8,234.0,242.9,23161,2280.0,10.16,8060.0
2022-06-07,242.0,245.0,237.05,243.05,12674,740.0,17.13,6373.0
2022-06-08,245.4,246.7,234.5,235.35,30330,1201.0,25.25,17722.0
2022-06-09,236.0,239.7,233.3,234.8,9207,451.0,20.41,5689.0
2022-06-10,231.75,234.65,228.05,230.05,18709,883.0,21.19,11008.0
2022-06-13,225.9,229.05,220.05,223.05,34486,1349.0,25.56,18004.0
2022-06-14,222.9,228.05,221.15,222.45,14464,813.0,17.79,7784.0
2022-06-15,224.5,227.7,222.9,225.45,14231,743.0,19.15,7081.0
2022-06-16,228.5,228.7,211.3,214.0,25821,1559.0,16.56,12446.0
2022-06-17,214.9,218.25,206.0,206.6,27561,1580.0,17.44,13083.0
2022-06-20,206.6,210.5,186.0,190.95,37298,2114.0,17.64,22398.0
2022-06-21,199.9,205.85,195.8,203.85,23871,904.0,26.41,16232.0
2022-06-22,203.4,203.4,193.0,194.0,29328,1596.0,18.38,15106.0
2022-06-23,195.0,198.95,194.05,198.65,14814,596.0,24.86,6282.0
2022-06-24,201.5,205.0,200.05,201.6,11269,630.0,17.89,5486.0
2022-06-27,202.6,209.75,202.5,203.2,18228,1027.0,17.75,6851.0
2022-06-28,201.1,206.95,200.35,203.9,12082,742.0,16.28,6138.0
2022-06-29,196.1,204.2,196.1,202.35,9454,416.0,22.73,3632.0
2022-06-30,201.25,204.35,200.35,201.55,7532,346.0,21.77,3834.0
2022-07-01,201.25,202.75,193.1,197.05,15765,537.0,29.36,8777.0
2022-07-04,195.0,203.8,195.0,199.3,15972,590.0,27.07,8606.0
2022-07-05,200.1,207.0,198.35,199.95,18688,711.0,26.28,8417.0
2022-07-06,201.95,203.95,198.3,202.05,14620,705.0,20.74,6809.0
2022-07-07,204.05,212.0,204.0,205.05,41685,1240.0,33.62,23938.0
2022-07-08,207.0,215.0,205.85,213.35,30489,1037.0,29.4,17611.0
2022-07-11,213.35,214.05,208.0,212.2,28999,1077.0,26.93,15016.0
2022-07-12,213.05,213.05,208.05,208.9,16039,685.0,23.41,7527.0
2022-07-13,210.9,210.9,206.85,208.2,16043,629.0,25.51,8898.0
2022-07-14,208.05,209.85,205.55,206.5,8120,480.0,16.92,4848.0
2022-07-15,208.55,212.0,206.15,208.1,18716,492.0,38.04,12451.0
2022-07-18,209.9,215.2,207.1,211.25,31555,1242.0,25.41,18858.0
2022-07-19,210.8,215.4,209.75,213.5,24492,1029.0,23.8,14473.0
2022-07-20,215.5,222.0,215.2,218.65,32030,912.0,35.12,19572.0
2022-07-21,214.5,231.0,214.5,228.7,44348,1682.0,26.37,22374.0
2022-07-22,230.25,230.25,224.4,225.95,25509,958.0,26.63,16533.0
2022-07-25,227.05,230.0,221.3,227.1,24573,977.0,25.15,16744.0
2022-07-26,225.15,229.35,223.0,227.0,11371,507.0,22.43,7233.0
2022-07-27,226.45,233.45,226.45,233.15,30302,693.0,43.73,22358.0
2022-07-28,233.85,236.45,231.15,233.2,25652,937.0,27.38,15998.0
2022-07-29,233.95,239.8,230.1,234.2,45081,1339.0,33.67,28131.0
2022-08-01,231.65,232.45,213.7,216.65,133866,4407.0,30.38,76201.0
2022-08-02,217.4,223.0,214.15,215.5,44193,1461.0,30.25,27808.0
2022-08-03,216.9,224.0,214.65,221.75,55955,1831.0,30.56,31542.0
2022-08-04,221.75,224.35,211.8,214.05,68214,2039.0,33.45,51307.0
2022-08-05,215.4,219.65,214.15,214.4,51140,1292.0,39.58,35755.0
2022-08-08,215.45,216.95,209.55,213.4,49888,,,
2022-08-10,213.05,213.9,210.55,211.65,39422,874.0,45.11,29856.0
2022-08-11,213.75,215.0,209.5,211.65,41665,1220.0,34.15,26529.0
2022-08-12,211.1,215.95,209.75,213.15,34663,1061.0,32.67,13754.0
2022-08-16,211.1,219.0,211.1,216.25,25662,825.0,31.11,16363.0
2022-08-17,216.25,221.9,215.1,220.2,40567,983.0,41.27,26596.0
2022-08-18,219.0,224.6,216.15,218.55,39288,1091.0,36.01,23785.0
2022-08-19,219.35,222.5,218.2,218.9,22337,650.0,34.36,13700.0
2022-08-22,222.0,222.0,216.55,217.9,30272,641.0,47.23,21083.0
2022-08-23,217.15,219.9,215.95,218.9,18673,379.0,49.27,13628.0
2022-08-24,219.75,221.45,217.65,218.85,18067,416.0,43.43,12780.0
2022-08-25,218.85,223.3,218.85,221.1,34084,838.0,40.67,22580.0
2022-08-26,222.0,223.0,218.6,220.1,22353,393.0,56.88,16381.0
2022-08-29,217.8,219.95,215.2,218.0,13396,413.0,32.44,8750.0
2022-08-30,219.9,232.7,218.3,226.3,133562,2674.0,49.95,61959.0
2022-09-01,225.5,229.0,220.1,222.4,36630,1252.0,29.26,21789.0
2022-09-02,223.2,223.95,219.5,223.05,23503,832.0,28.25,15569.0
2022-09-05,224.4,229.05,222.8,224.85,39357,957.0,41.13,25018.0
2022-09-06,226.0,226.0,219.25,221.55,27315,808.0,33.81,19038.0
2022-09-07,220.9,222.9,220.2,222.45,18226,517.0,35.25,14774.0
2022-09-08,224.4,226.0,221.6,223.2,55841,956.0,58.41,26890.0
2022-09-09,224.9,227.75,223.35,225.35,29669,1028.0,28.86,17455.0
2022-09-12,226.9,226.9,221.0,222.35,30367,738.0,41.15,19016.0
2022-09-13,224.5,225.95,222.05,223.8,29291,772.0,37.94,19163.0
2022-09-14,222.0,222.9,219.9,221.05,33552,872.0,38.48,22585.0
2022-09-15,222.85,224.65,217.0,220.45,49862,1042.0,47.85,33801.0
2022-09-16,219.35,221.85,216.1,217.15,34806,837.0,41.58,23903.0
2022-09-19,218.2,219.15,215.05,215.45,42033,745.0,56.42,33476.0
2022-09-20,217.55,217.9,214.55,215.15,26612,554.0,48.04,20105.0
2022-09-21,216.2,218.35,214.0,214.4,29314,487.0,60.19,23498.0
2022-09-22,214.3,217.0,211.0,214.0,30442,898.0,33.9,19680.0
2022-09-23,216.0,216.05,211.0,211.3,26035,688.0,37.84,18474.0
2022-09-26,213.35,213.35,196.0,202.2,28423,1250.0,22.74,16411.0
2022-09-27,203.0,204.7,197.7,199.85,78030,1974.0,39.53,58187.0
2022-09-28,201.75,201.75,196.0,196.85,59354,1237.0,47.98,37906.0
2022-09-29,200.75,203.95,195.2,197.8,28667,650.0,44.1,20370.0
2022-09-30,196.7,200.0,193.25,195.7,59278,1261.0,47.01,45969.0
2022-10-03,197.3,199.05,195.15,195.95,23762,734.0,32.37,18873.0
2022-10-04,196.05,200.35,195.0,195.7,58845,1028.0,57.24,50344.0
2022-10-06,197.65,199.25,194.65,196.7,28796,873.0,32.99,23047.0
2022-10-07,197.85,201.5,194.05,200.5,30991,802.0,38.64,21500.0
2022-10-10,199.5,200.0,195.15,197.9,24474,698.0,35.06,19214.0
2022-10-11,199.85,199.9,195.0,197.7,12091,557.0,21.71,8766.0
2022-10-12,199.65,199.65,194.85,196.55,12301,312.0,39.43,7565.0
2022-10-13,196.25,198.0,194.1,196.2,13671,411.0,33.26,9652.0
2022-10-14,198.5,201.1,198.05,198.7,26650,382.0,69.76,16370.0
2022-10-17,198.7,199.05,196.3,196.85,12164,267.0,45.56,6422.0
2022-10-18,198.75,201.0,192.0,196.15,17002,464.0,36.64,10307.0
2022-10-19,197.15,197.5,192.0,192.6,12500,354.0,35.31,8850.0
2022-10-20,194.45,194.45,191.0,192.5,7571,305.0,24.82,4267.0
2022-10-21,193.5,197.0,191.5,194.7,12250,364.0,33.65,7813.0
2022-10-24,196.5,198.0,191.0,194.1,6235,251.0,24.84,3893.0
2022-10-25,194.85,197.0,193.05,194.6,5393,231.0,23.35,3637.0
2022-10-27,196.15,198.1,194.6,196.3,8733,326.0,26.79,6205.0
2022-10-28,198.25,198.25,195.05,196.25,8599,333.0,25.82,5916.0
2022-10-31,196.5,198.15,193.25,194.05,18338,456.0,40.21,14612.0
2022-11-01,195.95,195.95,191.5,192.0,25198,749.0,33.64,18820.0
2022-11-02,192.5,197.0,191.95,195.65,24359,642.0,37.94,17390.0
2022-11-03,195.25,195.25,193.0,193.75,9428,495.0,19.05,5922.0
2022-11-04,193.8,194.9,192.0,192.45,30839,417.0,73.95,26853.0
2022-11-07,194.35,194.35,192.0,192.55,10684,367.0,29.11,7835.0
2022-11-09,192.65,193.0,191.3,192.15,11491,307.0,37.43,8518.0
2022-11-10,191.55,192.5,167.0,173.5,111152,1437.0,77.35,55974.0
2022-11-11,178.15,186.95,172.65,182.7,60265,2136.0,28.21,36069.0
2022-11-14,172.9,175.05,168.45,169.4,114168,2898.0,39.4,85889.0
2022-11-15,170.15,171.75,167.0,167.65,36992,2898.0,12.76,85889.0
2022-11-16,169.1,170.1,165.1,167.15,22415,1252.0,17.9,13088.0
2022-11-17,167.0,169.95,166.95,169.4,11462,585.0,19.59,8564.0
2022-11-18,170.9,170.95,165.5,166.75,29411,1516.0,19.4,19819.0
2022-11-21,167.05,170.0,165.0,168.75,17074,516.0,33.09,13495.0
2022-11-22,167.25,170.0,166.0,166.75,25147,638.0,39.42,21716.0
2022-11-23,167.95,168.9,165.55,166.35,32773,672.0,48.77,26920.0
2022-11-24,166.75,168.9,166.0,166.75,14999,676.0,22.19,10004.0
2022-11-25,168.2,178.85,168.05,174.9,58046,2149.0,27.01,31373.0
2022-11-28,174.9,176.1,171.4,174.0,21601,910.0,23.74,14673.0
2022-11-29,173.1,175.4,168.8,170.35,19499,977.0,19.96,11615.0
2022-11-30,171.2,173.15,171.2,172.7,9632,316.0,30.48,6149.0
2022-12-01,174.3,176.35,173.35,174.75,8572,358.0,23.94,5890.0
2022-12-02,175.7,177.45,173.75,176.25,13350,483.0,27.64,10180.0
2022-12-05,177.5,182.15,177.1,180.75,15539,622.0,24.98,8840.0
2022-12-06,180.75,182.05,178.0,179.25,12083,318.0,38.0,9687.0
2022-12-07,180.3,180.3,177.05,177.9,7461,264.0,28.26,5195.0
2022-12-08,177.65,178.7,176.2,177.2,20211,338.0,59.8,16289.0
2022-12-09,177.75,179.95,177.0,177.45,19077,442.0,43.16,12674.0
2022-12-12,178.25,179.0,170.95,173.5,27675,982.0,28.18,19636.0
2022-12-13,174.0,175.4,172.85,174.65,34126,559.0,61.05,21298.0
2022-12-14,173.75,175.2,172.55,174.15,17333,506.0,34.25,7976.0
2022-12-15,172.0,174.35,172.0,172.3,25220,475.0,53.09,16718.0
2022-12-16,172.0,172.4,169.85,171.8,19689,407.0,48.38,9146.0
2022-12-19,169.7,171.65,168.75,170.4,20486,677.0,30.26,13473.0
2022-12-20,171.4,179.8,168.35,177.35,65845,1310.0,50.26,46270.0
2022-12-21,179.0,181.45,175.0,175.85,38755,1556.0,24.91,22038.0
2022-12-22,177.55,177.55,168.05,170.7,17626,839.0,21.01,9835.0
2022-12-23,170.25,171.65,158.35,161.4,44409,1581.0,28.09,29651.0
2022-12-26,162.95,169.45,158.8,166.5,18286,1088.0,16.81,8295.0
2022-12-27,168.15,177.0,168.15,174.7,35884,1473.0,24.36,21984.0
2022-12-28,174.9,178.05,174.0,175.55,13504,667.0,20.25,7206.0
2022-12-29,175.2,185.0,174.0,177.7,31907,963.0,33.13,20560.0
2022-12-30,181.25,188.8,179.0,184.6,64198,2085.0,30.79,35092.0
2023-01-02,184.95,184.95,175.45,179.0,32455,1312.0,24.74,17889.0
2023-01-03,180.7,182.5,176.55,180.25,19384,775.0,25.01,10082.0
2023-01-04,180.25,180.4,176.45,179.45,24996,785.0,31.84,18889.0
2023-01-05,180.55,181.0,177.1,178.55,17733,775.0,22.88,12847.0
2023-01-06,177.85,180.0,176.55,179.4,13253,376.0,35.25,8267.0
2023-01-09,182.75,182.75,178.0,178.25,14450,978.0,14.78,9338.0
2023-01-10,178.7,180.3,176.95,179.1,7119,241.0,29.54,5021.0
2023-01-11,178.0,180.15,177.55,179.6,8950,307.0,29.15,3700.0
2023-01-12,181.0,181.35,178.35,179.2,7474,217.0,34.44,4163.0
2023-01-13,178.15,179.9,176.4,178.0,9493,346.0,27.44,5192.0
2023-01-16,178.9,207.0,177.4,194.75,456384,10187.0,44.8,116063.0
2023-01-17,196.4,204.0,192.95,198.3,184636,4265.0,43.29,70289.0
2023-01-18,200.7,212.4,194.0,210.1,247067,4605.0,53.65,99176.0
2023-01-19,209.95,210.0,200.1,208.3,83186,3195.0,26.04,41015.0
2023-01-20,208.3,218.25,206.55,212.1,128668,4082.0,31.52,58596.0
2023-01-23,214.15,214.15,198.0,199.25,72777,2204.0,33.02,55175.0
2023-01-24,201.2,201.2,185.85,190.0,65384,2662.0,24.56,37794.0
2023-01-25,189.85,190.0,183.1,184.2,59214,1620.0,36.55,37201.0
2023-01-27,184.2,184.95,174.5,176.65,45623,1392.0,32.78,28825.0
2023-01-30,178.0,182.85,175.3,177.25,18850,836.0,22.55,9424.0
2023-01-31,178.8,186.85,175.8,185.55,25538,1449.0,17.62,11229.0
2023-02-01,180.5,187.85,177.35,178.45,27712,1208.0,22.94,12135.0
2023-02-02,178.25,185.45,177.4,182.3,18234,1061.0,17.19,7826.0
2023-02-03,183.95,187.6,180.75,183.5,18551,813.0,22.82,9774.0
2023-02-06,185.1,187.7,181.3,186.6,7741,528.0,14.66,3821.0
2023-02-07,186.85,189.0,178.05,179.95,45529,1409.0,32.31,30740.0
2023-02-08,181.75,184.6,180.25,182.45,32069,705.0,45.49,5844.0
2023-02-09,183.8,184.75,177.5,179.2,16347,776.0,21.07,9426.0
2023-02-10,179.1,183.5,170.4,172.8,53438,1142.0,46.79,42219.0
2023-02-13,155.0,168.4,153.95,166.45,109666,2914.0,37.63,61325.0
2023-02-14,169.65,169.95,160.95,162.1,23864,726.0,32.87,17723.0
2023-02-15,162.1,175.0,160.75,171.1,96251,1461.0,65.88,75309.0
2023-02-16,172.75,173.05,170.0,170.45,26628,770.0,34.58,6624.0
2023-02-17,172.0,172.7,168.3,168.45,26160,553.0,47.31,19445.0
2023-02-20,170.05,174.9,167.3,169.9,10216,500.0,20.43,5138.0
2023-02-21,171.45,171.55,167.3,169.2,8204,326.0,25.17,4898.0
2023-02-22,169.1,169.1,165.1,167.4,13906,678.0,20.51,8512.0
2023-02-23,169.45,172.5,164.85,165.65,24753,549.0,45.09,18103.0
2023-02-24,167.2,167.95,159.75,160.4,23271,636.0,36.59,17766.0
2023-02-27,163.7,163.7,158.2,159.15,23224,427.0,54.39,16699.0
2023-02-28,160.0,162.1,157.95,160.35,10159,540.0,18.81,4514.0
2023-03-01,161.9,164.3,159.3,162.05,17701,669.0,26.46,9615.0
2023-03-02,162.5,166.5,162.0,163.25,17389,614.0,28.32,9565.0
2023-03-03,165.45,167.35,165.0,165.15,10045,341.0,29.46,6915.0
2023-03-06,165.35,168.5,165.1,166.45,13524,554.0,24.41,6096.0
2023-03-08,165.4,167.45,164.8,166.2,8404,275.0,30.56,5604.0
2023-03-09,166.25,169.85,165.6,167.5,32497,999.0,32.53,19832.0
2023-03-10,165.7,168.05,163.4,163.8,20391,457.0,44.62,14987.0
2023-03-13,163.8,165.15,158.0,158.65,23818,697.0,34.17,10785.0
2023-03-14,160.0,162.45,157.0,161.05,28538,669.0,42.66,23118.0
2023-03-15,161.6,163.85,160.0,162.15,9530,480.0,19.85,3221.0
2023-03-16,161.7,161.7,159.1,160.55,9229,243.0,37.98,6314.0
2023-03-17,161.6,163.75,160.65,160.75,32873,271.0,121.3,29740.0
2023-03-20,162.5,163.0,158.4,158.9,11162,337.0,33.12,7913.0
2023-03-21,160.45,160.45,158.0,158.4,21721,252.0,86.19,19101.0
2023-03-22,158.95,161.2,158.5,159.15,9590,253.0,37.91,5233.0
2023-03-23,160.65,160.65,159.0,159.05,8916,236.0,37.78,7093.0
2023-03-24,159.4,159.4,155.0,155.7,40294,548.0,73.53,35221.0
2023-03-27,156.95,157.05,148.25,150.55,16342,448.0,36.48,13129.0
2023-03-28,150.85,150.95,141.9,145.0,58150,1387.0,41.93,42230.0
2023-03-29,145.4,146.95,140.9,145.1,40372,911.0,44.32,32427.0
2023-03-31,146.55,150.9,145.55,146.75,28352,868.0,32.66,20024.0
2023-04-03,148.15,160.0,147.15,158.15,23531,1069.0,22.01,15440.0
2023-04-05,159.65,160.9,154.05,158.35,19867,915.0,21.71,11333.0
2023-04-06,159.45,169.0,156.4,166.2,19379,950.0,20.4,10879.0
2023-04-10,167.85,168.35,161.55,163.7,9486,726.0,13.07,4559.0
2023-04-11,164.2,167.35,161.55,165.55,5425,298.0,18.2,2862.0
2023-04-12,166.5,167.45,164.4,166.0,14952,633.0,23.62,5827.0
2023-04-13,167.15,174.6,166.05,171.75,43497,868.0,50.11,33251.0
2023-04-17,172.55,172.55,168.45,169.9,14696,466.0,31.54,10315.0
2023-04-18,171.55,174.85,169.1,171.65,17063,425.0,40.15,10773.0
2023-04-19,169.7,171.75,169.0,169.25,5246,237.0,22.14,3169.0
2023-04-20,169.4,169.95,165.05,166.8,8913,458.0,19.46,6335.0
2023-04-21,167.0,168.45,161.05,163.75,18872,560.0,33.7,14049.0
2023-04-24,164.6,168.4,160.95,163.3,15257,654.0,23.33,7549.0
2023-04-25,164.45,169.0,163.55,166.6,9781,397.0,24.64,4724.0
2023-04-26,167.2,171.8,163.4,166.95,32459,1054.0,30.8,8148.0
2023-04-27,167.9,169.7,166.45,167.55,12365,458.0,27.0,5909.0
2023-04-28,168.35,170.7,166.1,169.5,18635,311.0,59.92,13592.0
2023-05-02,171.15,171.85,167.6,169.0,16580,430.0,38.56,12505.0
2023-05-03,170.5,171.7,167.55,169.0,15169,407.0,37.27,9542.0
2023-05-04,170.65,179.9,168.7,177.7,84490,1901.0,44.45,30394.0
2023-05-05,178.95,178.95,172.0,172.2,34328,846.0,40.58,20674.0
2023-05-08,173.8,177.4,170.95,172.25,26847,765.0,35.09,15335.0
2023-05-09,173.95,176.05,173.45,174.35,15956,497.0,32.1,8981.0
2023-05-10,174.8,175.7,171.55,173.6,5598,239.0,23.42,2527.0
2023-05-11,176.0,176.0,171.9,172.1,10437,270.0,38.66,7365.0
2023-05-12,172.5,175.55,172.5,174.75,16550,325.0,50.92,11141.0
2023-05-15,175.15,178.75,174.5,177.15,18827,531.0,35.46,10431.0
2023-05-16,180.0,184.8,178.05,180.1,44670,864.0,51.7,25196.0
2023-05-17,180.25,182.7,178.8,180.35,20238,425.0,47.62,15701.0
2023-05-18,181.45,183.4,178.6,179.75,28521,549.0,51.95,22385.0
2023-05-19,181.5,181.5,175.3,176.3,21387,598.0,35.76,13885.0
2023-05-22,177.85,177.85,167.5,170.1,21622,1321.0,16.37,11286.0
2023-05-23,172.45,172.45,168.25,169.0,8269,408.0,20.27,6001.0
2023-05-24,169.7,174.95,164.4,168.2,21605,1216.0,17.77,10627.0
2023-05-25,169.65,175.0,169.65,173.9,20807,796.0,26.14,12534.0
2023-05-26,177.9,177.9,169.8,170.2,14951,888.0,16.84,8038.0
2023-05-29,174.9,195.0,171.75,185.2,198057,4739.0,41.79,83504.0
2023-05-30,185.95,187.5,176.55,183.6,39951,1269.0,31.48,22624.0
2023-05-31,185.35,191.2,182.1,186.9,40521,1304.0,31.07,28292.0
2023-06-01,186.9,202.4,184.15,196.0,98346,3097.0,31.76,60517.0
2023-06-02,198.1,209.5,197.95,199.9,83631,2500.0,33.45,46042.0
2023-06-05,201.5,204.3,197.35,200.95,41937,3099.0,13.53,24930.0
2023-06-06,198.1,204.0,197.0,197.9,27918,985.0,28.34,18232.0
2023-06-07,202.7,205.0,199.3,201.6,43463,1808.0,24.04,18813.0
2023-06-08,198.6,210.0,194.25,198.15,56696,2611.0,21.71,32359.0
2023-06-09,199.75,202.6,196.85,198.25,37227,1339.0,27.8,20157.0
2023-06-12,198.1,201.3,195.8,198.5,17500,798.0,21.93,10744.0
2023-06-13,197.55,204.3,195.0,203.2,57548,1461.0,39.39,45002.0
2023-06-14,203.15,211.9,203.15,210.2,89487,2754.0,32.49,58574.0
2023-06-15,210.95,221.7,208.1,215.55,80110,3550.0,22.57,54669.0
2023-06-16,220.0,224.0,213.55,220.7,80489,4178.0,19.26,55912.0
2023-06-19,220.7,229.8,220.7,224.8,77724,3264.0,23.81,55609.0
2023-06-20,221.45,226.9,218.2,225.25,41686,1854.0,22.48,27369.0
2023-06-21,226.45,226.45,221.05,221.7,17241,758.0,22.75,12519.0
2023-06-22,221.15,226.25,221.15,221.7,26142,721.0,36.26,20656.0
2023-06-23,223.85,225.3,219.45,221.75,22652,872.0,25.98,15072.0
2023-06-26,222.4,227.0,221.5,225.5,32564,983.0,33.13,21837.0
2023-06-27,224.95,229.35,224.15,225.15,23773,882.0,26.95,16112.0
2023-06-28,225.35,237.95,224.65,233.65,148832,3793.0,39.24,109546.0
2023-06-30,236.0,240.8,232.0,234.35,67379,1939.0,34.75,43121.0
2023-07-03,238.0,241.15,231.0,231.55,48242,2058.0,23.44,30112.0
2023-07-04,233.85,233.95,228.05,230.4,17747,1233.0,14.39,11706.0
2023-07-05,231.55,233.05,229.0,229.7,24646,1299.0,18.97,15275.0
2023-07-06,229.7,232.95,229.05,231.15,34039,1024.0,33.24,22206.0
2023-07-07,228.0,238.0,227.25,229.2,118500,5088.0,23.29,65242.0
2023-07-10,229.0,230.6,227.5,229.0,22509,785.0,28.67,15809.0
2023-07-11,227.05,231.35,227.05,229.0,23365,816.0,28.63,17516.0
2023-07-12,232.0,232.0,228.9,229.0,13640,497.0,27.44,10814.0
2023-07-13,230.85,230.85,221.75,228.1,53167,1112.0,47.81,42627.0
2023-07-14,229.4,229.4,225.55,226.9,19274,948.0,20.33,13501.0
2023-07-17,229.35,229.35,217.55,219.55,25502,1517.0,16.81,14640.0
2023-07-18,221.65,221.65,212.2,215.65,24792,1634.0,15.17,15800.0
2023-07-19,217.7,223.7,215.4,218.0,24581,1190.0,20.66,15555.0
2023-07-20,220.0,227.0,216.45,218.95,36302,1644.0,22.08,24463.0
2023-07-21,220.7,220.7,215.15,216.15,8385,980.0,8.56,5538.0
2023-07-24,217.55,220.0,209.55,212.45,29154,1002.0,29.1,20316.0
2023-07-25,213.0,217.25,209.0,210.95,29038,1560.0,18.61,19954.0
2023-07-26,214.1,225.85,212.8,218.05,43557,2175.0,20.03,28203.0
2023-07-27,225.0,225.0,213.0,215.2,36292,1590.0,22.83,25430.0
2023-07-28,216.45,226.95,213.0,221.95,53520,2112.0,25.34,38064.0
2023-07-31,207.0,213.15,202.8,208.1,95689,4091.0,23.39,47106.0
2023-08-01,208.1,216.85,206.3,213.25,47497,1724.0,27.55,25599.0
2023-08-02,214.3,216.8,208.6,210.7,25438,968.0,26.28,19332.0
2023-08-03,211.75,215.2,208.55,210.6,37528,1710.0,21.95,23298.0
2023-08-04,214.0,221.3,209.4,217.7,145903,4297.0,33.95,80102.0
2023-08-07,221.0,221.1,204.55,209.05,150329,5467.0,27.5,89261.0
2023-08-08,211.1,211.1,198.85,200.0,97263,3514.0,27.68,69925.0
2023-08-09,202.0,204.6,198.65,202.1,41088,1525.0,26.94,25741.0
2023-08-10,202.1,205.3,198.0,198.85,53674,2247.0,23.89,29783.0
2023-08-11,198.0,202.4,198.0,198.25,29103,1128.0,25.8,17117.0
2023-08-14,200.8,200.85,194.35,196.7,34687,1336.0,25.96,22766.0
2023-08-16,193.75,199.05,193.75,194.35,20085,755.0,26.6,12902.0
2023-08-17,195.1,197.2,194.15,195.25,10340,576.0,17.95,6034.0
2023-08-18,195.3,198.0,190.2,191.65,20425,976.0,20.93,13495.0
2023-08-21,190.5,199.8,184.9,197.75,30325,1393.0,21.77,15400.0
2023-08-22,197.75,207.4,197.75,204.8,61364,2720.0,22.56,39447.0
2023-08-23,203.05,212.0,203.0,204.3,35850,1914.0,18.73,20751.0
2023-08-24,205.05,210.0,202.2,204.55,20029,1121.0,17.87,12433.0
2023-08-25,205.4,209.8,203.45,207.65,24071,1420.0,16.95,14946.0
2023-08-28,208.0,212.0,205.1,205.9,24138,1642.0,14.7,15079.0
2023-08-29,202.55,209.35,202.55,206.1,20259,952.0,21.28,12531.0
2023-08-30,207.9,210.5,203.85,207.3,38914,1597.0,24.37,27400.0
2023-08-31,207.55,208.7,203.85,205.1,12290,669.0,18.37,8819.0
2023-09-01,206.5,206.5,201.1,204.7,26555,1508.0,17.61,14815.0
2023-09-04,206.45,210.35,205.0,208.1,16114,1072.0,15.03,10066.0
2023-09-05,207.45,209.0,202.1,204.8,25320,1486.0,17.04,15069.0
2023-09-06,206.25,208.55,201.35,203.4,26734,1260.0,21.22,17354.0
2023-09-07,204.9,206.5,195.85,205.4,27744,1350.0,20.55,16530.0
2023-09-08,205.4,218.7,205.2,211.25,97733,3589.0,27.23,57671.0
2023-09-11,215.5,216.9,209.0,214.55,48405,1825.0,26.52,33872.0
2023-09-12,215.8,216.3,203.55,210.5,32334,1484.0,21.79,16336.0
2023-09-13,210.3,213.3,204.85,208.15,21680,907.0,23.9,13767.0
2023-09-14,206.0,211.4,204.05,205.7,19817,836.0,23.7,12389.0
2023-09-15,205.7,210.5,205.7,207.6,14491,719.0,20.15,8460.0
2023-09-18,208.9,208.9,205.15,206.75,12057,538.0,22.41,7549.0
2023-09-20,207.0,208.05,203.5,203.95,8148,288.0,28.29,4384.0
2023-09-21,204.4,205.15,193.8,196.8,27749,1670.0,16.62,16197.0
2023-09-22,199.75,202.1,196.5,200.05,19369,1034.0,18.73,13080.0
2023-09-25,204.85,204.85,198.0,199.5,10951,936.0,11.7,5460.0
2023-09-26,199.35,206.9,198.05,201.45,11878,558.0,21.29,5357.0
2023-09-27,203.55,206.0,199.05,201.45,8329,643.0,12.95,4382.0
2023-09-28,202.25,203.1,198.0,199.95,26375,697.0,37.84,22388.0
2023-09-29,202.0,204.65,198.3,199.95,19798,676.0,29.29,15525.0
2023-10-03,195.2,210.3,195.2,209.1,56110,1532.0,36.63,40607.0
2023-10-04,208.7,210.5,204.5,205.2,23059,1277.0,18.06,12146.0
2023-10-05,208.85,211.0,205.25,207.95,26273,1288.0,20.4,14282.0
2023-10-06,207.0,209.0,203.6,204.4,17185,932.0,18.44,10036.0
2023-10-09,203.6,203.6,198.0,199.0,14461,938.0,15.42,9262.0
2023-10-10,203.0,204.5,198.0,200.65,22968,842.0,27.28,17204.0
2023-10-11,204.65,206.2,199.95,201.85,17669,773.0,22.86,12736.0
2023-10-12,202.25,205.4,201.0,201.95,33242,1147.0,28.98,25482.0
2023-10-13,202.9,203.95,198.55,199.9,25548,1217.0,20.99,15448.0
2023-10-16,199.9,202.25,199.9,200.85,8914,562.0,15.86,5895.0
2023-10-17,199.4,212.4,199.4,207.4,62176,2264.0,27.46,34399.0
2023-10-18,208.9,210.5,203.6,206.55,17450,1282.0,13.61,10751.0
2023-10-19,205.1,214.0,204.3,212.85,58037,1853.0,31.32,41651.0
2023-10-20,213.8,213.9,203.15,204.75,28530,1508.0,18.92,14217.0
2023-10-23,205.05,207.0,196.0,197.8,40250,1956.0,20.58,27433.0
2023-10-25,201.8,201.8,190.3,194.25,19177,1204.0,15.93,9823.0
2023-10-26,194.0,197.95,186.05,193.65,26254,1572.0,16.7,15782.0
2023-10-27,197.1,207.0,194.35,204.55,19599,1433.0,13.68,10864.0
2023-10-30,210.55,226.5,210.55,214.3,435988,14479.0,30.11,127427.0
2023-10-31,215.8,216.45,211.05,214.4,33804,1138.0,29.7,18504.0
2023-11-01,211.2,220.45,204.75,207.75,67685,2232.0,30.32,35751.0
2023-11-02,210.2,215.85,210.2,213.85,34524,1509.0,22.88,19149.0
2023-11-03,215.85,216.0,207.0,208.3,24590,1262.0,19.48,13854.0
2023-11-06,210.0,215.05,208.6,209.3,22920,1207.0,18.99,14210.0
2023-11-07,207.2,210.05,205.15,206.6,14527,882.0,16.47,8963.0
2023-11-08,205.0,211.15,205.0,209.4,14420,925.0,15.59,8745.0
2023-11-09,210.9,213.2,207.05,208.4,25045,604.0,41.47,20919.0
2023-11-10,207.05,211.45,204.3,205.85,27776,846.0,32.83,20110.0
2023-11-12,205.15,214.7,205.15,209.9,10501,433.0,24.25,6816.0
2023-11-13,211.75,224.0,207.9,218.75,133882,3133.0,42.73,87056.0
2023-11-15,233.0,233.0,222.1,229.05,181249,5979.0,30.31,113855.0
2023-11-16,229.5,233.75,226.1,228.15,102561,3051.0,33.62,60064.0
2023-11-17,230.9,259.0,228.35,256.95,1013706,35276.0,28.74,284309.0
2023-11-20,261.55,262.4,254.3,258.75,228728,8276.0,27.64,117891.0
2023-11-21,259.95,260.75,251.35,255.3,120811,6914.0,17.47,61569.0
2023-11-22,260.0,271.0,257.5,262.05,345360,13867.0,24.91,166484.0
2023-11-23,269.0,269.2,262.85,264.85,72320,3752.0,19.28,45856.0
2023-11-24,264.85,267.7,258.0,262.65,50989,3679.0,13.86,23594.0
2023-11-28,265.0,266.85,258.0,260.25,41553,3194.0,13.01,22725.0
2023-11-29,261.0,262.55,255.7,259.55,39322,2552.0,15.41,22790.0
2023-11-30,260.9,263.0,253.05,256.9,45554,4988.0,9.13,20792.0
2023-12-01,258.0,261.15,250.9,252.95,58773,5625.0,10.45,29465.0
2023-12-04,253.1,260.35,250.0,252.95,69532,4828.0,14.4,40143.0
2023-12-05,254.3,259.3,251.0,256.1,43323,2063.0,21.0,28752.0
2023-12-06,258.5,264.2,254.0,258.95,51661,3366.0,15.35,28676.0
2023-12-07,261.0,266.65,256.3,260.45,69066,5347.0,12.92,40161.0
2023-12-08,262.15,266.0,251.1,253.3,36418,3361.0,10.84,18948.0
2023-12-11,254.45,259.7,252.35,255.45,16662,1614.0,10.32,8263.0
2023-12-12,256.9,262.8,247.7,250.2,51175,2892.0,17.7,30182.0
2023-12-13,251.3,259.0,250.4,256.8,30107,3294.0,9.14,14078.0
2023-12-14,257.05,263.0,253.5,254.3,29014,2110.0,13.75,15289.0
2023-12-15,253.0,257.15,249.0,249.85,22795,1318.0,17.3,13514.0
2023-12-18,250.8,252.95,244.0,247.65,38834,1995.0,19.47,20090.0
2023-12-19,247.3,255.0,247.3,252.2,29414,2258.0,13.03,14091.0
2023-12-20,255.0,270.45,236.0,242.8,114706,5577.0,20.57,56321.0
2023-12-21,241.25,252.2,237.0,249.35,39747,2861.0,13.89,18358.0
2023-12-22,250.15,254.6,246.85,247.85,20781,1183.0,17.57,11387.0
2023-12-26,249.4,256.7,248.25,254.9,28297,2225.0,12.72,14131.0
2023-12-27,256.5,269.5,251.0,255.8,143806,6918.0,20.79,63377.0
2023-12-28,257.5,269.0,244.0,249.9,102750,5965.0,17.23,48459.0
2023-12-29,250.95,252.9,247.5,249.8,30117,1721.0,17.5,15499.0
2024-01-01,250.8,259.2,249.3,250.85,30972,1820.0,17.02,13257.0
2024-01-02,253.25,253.25,244.85,246.4,27478,2412.0,11.39,13170.0
2024-01-03,247.7,255.0,246.45,249.9,53100,2580.0,20.58,33830.0
2024-01-04,253.5,255.0,247.6,251.45,31291,2357.0,13.28,17726.0
2024-01-05,250.3,258.95,248.95,250.25,29061,2187.0,13.29,13570.0
2024-01-08,250.25,253.85,245.25,246.7,32769,4315.0,7.59,14487.0
2024-01-09,248.9,256.9,244.75,249.3,78684,4542.0,17.32,42268.0
2024-01-10,250.4,263.05,246.2,255.9,114151,5504.0,20.74,62630.0
2024-01-11,257.7,277.0,255.0,274.95,250523,11318.0,22.13,128784.0
2024-01-12,276.9,283.05,267.5,276.1,329354,19514.0,16.88,141837.0
2024-01-15,280.9,282.0,276.05,277.05,73233,6778.0,10.8,42271.0
2024-01-16,279.7,281.0,273.0,275.9,77527,5929.0,13.08,46546.0
2024-01-17,270.0,276.65,261.95,264.95,91809,8178.0,11.23,48929.0
2024-01-18,261.0,271.45,261.0,268.6,55218,5899.0,9.36,19002.0
2024-01-19,271.4,271.4,262.05,266.25,43575,4087.0,10.66,20304.0
2024-01-20,269.0,274.0,258.85,261.75,30999,2505.0,12.37,13115.0
2024-01-23,264.7,270.0,250.1,251.8,40695,3418.0,11.91,19446.0
2024-01-24,251.7,256.65,246.05,247.15,43535,3416.0,12.74,26642.0
2024-01-25,248.0,253.25,238.7,251.7,64443,5669.0,11.37,31607.0
2024-01-29,255.0,259.95,251.7,257.9,43879,4447.0,9.87,22734.0
2024-01-30,257.9,260.95,253.0,258.7,36526,2406.0,15.18,22486.0
2024-01-31,256.1,259.65,254.55,256.1,24378,1743.0,13.99,14423.0
2024-02-01,257.8,267.0,255.35,262.35,68364,4603.0,14.85,34878.0
2024-02-02,266.3,273.2,263.3,266.45,43559,3720.0,11.71,22605.0
2024-02-05,269.2,273.0,255.0,260.6,84722,6510.0,13.01,43434.0
2024-02-06,261.6,264.65,255.5,257.1,47926,3765.0,12.73,28346.0
2024-02-07,258.9,270.45,258.0,261.3,94623,7162.0,13.21,44432.0
2024-02-08,262.9,271.0,252.0,253.1,35353,4300.0,8.22,20237.0
2024-02-09,254.9,258.95,244.05,246.3,58409,4238.0,13.78,29885.0
2024-02-12,250.1,252.8,227.3,230.5,62510,7548.0,8.28,30288.0
2024-02-13,233.8,239.1,225.0,233.8,20588,3135.0,6.57,8911.0
2024-02-14,234.0,238.85,232.1,235.9,16885,1652.0,10.22,8077.0
2024-02-15,237.9,242.0,237.0,240.15,15374,1417.0,10.85,7914.0
2024-02-16,241.9,244.65,228.65,234.0,25746,1648.0,15.62,13408.0
2024-02-19,230.15,254.6,224.85,227.55,275097,10902.0,25.23,171213.0
2024-02-20,228.0,244.85,225.25,242.2,170849,5663.0,30.17,97099.0
2024-02-21,254.9,261.9,239.05,241.25,110485,5231.0,21.12,55891.0
2024-02-22,239.0,239.55,234.4,237.65,23904,2408.0,9.93,12072.0
2024-02-23,239.0,240.0,229.5,236.15,39321,2711.0,14.5,20309.0
2024-02-26,234.7,240.0,231.8,236.6,31361,2529.0,12.4,18219.0
2024-02-27,235.0,239.95,232.2,233.0,23323,1353.0,17.24,15828.0
2024-02-28,234.3,234.3,227.6,228.85,25243,1457.0,17.33,16585.0
2024-02-29,227.3,230.75,225.3,228.3,15006,1015.0,14.78,8277.0
2024-03-01,228.3,237.6,228.3,231.5,25735,1559.0,16.51,15459.0
2024-03-02,232.5,235.0,230.3,231.85,1103,56.0,19.7,947.0
2024-03-04,232.5,236.8,231.75,234.4,16290,788.0,20.67,11224.0
2024-03-05,231.75,236.15,228.8,233.3,22207,1053.0,21.09,11060.0
2024-03-06,234.25,234.3,221.8,224.75,27299,2038.0,13.39,14792.0
2024-03-07,226.3,229.25,223.8,227.75,21175,1242.0,17.05,12015.0
2024-03-11,226.75,231.0,225.85,228.05,14972,661.0,22.65,12075.0
2024-03-12,229.0,229.7,223.8,224.15,24151,1050.0,23.0,17720.0
2024-03-13,224.05,228.2,198.0,206.95,45414,2583.0,17.58,26620.0
2024-03-14,205.0,217.05,205.0,210.8,36026,1608.0,22.4,24605.0
2024-03-15,210.0,221.45,209.35,216.55,28286,1388.0,20.38,18569.0
2024-03-18,217.9,219.95,216.4,218.5,15741,712.0,22.11,10818.0
2024-03-19,217.55,217.95,211.0,211.45,19185,846.0,22.68,14901.0
2024-03-20,211.45,215.0,210.8,211.1,30360,653.0,46.49,23551.0
2024-03-21,211.0,218.0,211.0,215.5,18988,738.0,25.73,10423.0
2024-03-22,215.35,230.0,212.65,227.3,36011,1907.0,18.88,21646.0
2024-03-26,227.3,228.7,224.6,227.0,33507,805.0,41.62,24913.0
2024-03-27,225.35,227.4,217.0,219.65,34021,1437.0,23.68,25675.0
2024-03-28,222.2,229.95,209.0,215.05,37738,1932.0,19.53,20832.0
2024-04-01,215.8,227.15,215.75,225.95,16603,1314.0,12.64,8935.0
2024-04-02,225.35,236.25,224.8,234.5,39839,2036.0,19.57,26796.0
2024-04-03,230.3,236.0,230.3,232.95,23440,1200.0,19.53,13822.0
2024-04-04,233.95,239.0,232.35,235.9,20067,1698.0,11.82,9846.0
2024-04-05,234.8,239.0,233.9,236.0,31460,1112.0,28.29,21591.0
2024-04-08,237.7,239.85,233.55,235.4,14193,772.0,18.38,9814.0
2024-04-09,234.45,235.15,231.0,232.8,21449,674.0,31.82,15456.0
2024-04-10,232.8,232.9,224.8,227.7,67369,1463.0,46.05,49636.0
2024-04-12,228.5,229.2,222.75,224.1,15755,1028.0,15.33,8300.0
2024-04-15,223.2,226.15,220.5,222.5,19423,1009.0,19.25,11755.0
2024-04-16,222.55,236.6,221.7,232.65,58246,1889.0,30.83,39544.0
2024-04-18,236.4,248.0,232.75,240.6,81801,2760.0,29.64,44727.0
2024-04-19,237.0,248.0,233.15,244.7,70345,3683.0,19.1,41008.0
2024-04-22,246.0,250.0,240.05,241.45,24734,1523.0,16.24,12931.0
2024-04-23,242.9,247.0,242.3,244.55,23353,1147.0,20.36,15964.0
2024-04-24,245.8,252.2,243.05,244.9,44081,1998.0,22.06,29311.0
2024-04-25,242.7,247.15,242.7,245.35,15507,838.0,18.5,10692.0
2024-04-26,245.35,247.65,243.0,244.55,11432,599.0,19.09,7391.0
2024-04-29,245.05,253.0,244.0,246.2,41544,1478.0,28.11,24805.0
2024-04-30,246.2,254.4,245.85,251.2,35103,1500.0,23.4,23815.0
2024-05-02,251.0,252.05,242.3,244.6,25638,1312.0,19.54,16387.0
2024-05-03,245.0,250.95,238.05,248.1,43926,1479.0,29.7,28669.0
2024-05-06,249.8,254.4,244.0,245.65,43203,1993.0,21.68,25677.0
2024-05-07,247.25,248.9,236.5,242.8,36576,2158.0,16.95,22921.0
2024-05-08,241.25,242.25,238.0,239.3,31471,1130.0,27.85,21775.0
2024-05-09,239.9,241.2,234.1,235.1,24440,706.0,34.62,17118.0
2024-05-10,235.65,242.8,234.0,234.45,14476,1001.0,14.46,8199.0
2024-05-13,235.05,241.0,233.1,235.65,7251,605.0,11.99,4074.0
2024-05-14,236.9,241.2,234.55,238.85,9474,754.0,12.56,5395.0
2024-05-15,236.1,245.55,235.3,243.25,9660,602.0,16.05,6098.0
2024-05-16,245.0,247.2,239.75,240.8,11686,223.0,52.4,9524.0
2024-05-17,237.75,240.3,233.65,238.4,23292,891.0,26.14,14548.0
2024-05-18,236.5,241.65,236.5,240.5,4727,63.0,75.03,4326.0
2024-05-21,240.5,241.5,237.0,239.65,19988,563.0,35.5,14836.0
2024-05-22,239.65,241.0,236.05,239.55,20628,433.0,47.64,13427.0
2024-05-23,238.6,241.0,236.05,237.5,16818,657.0,25.6,12276.0
2024-05-24,238.2,241.2,236.25,239.75,17532,523.0,33.52,12443.0
2024-05-27,242.0,262.0,242.0,259.0,268071,8398.0,31.92,120455.0
2024-05-28,262.25,264.0,253.2,255.7,89339,3614.0,24.72,50239.0
2024-05-29,257.45,268.3,256.2,264.3,81988,4203.0,19.51,48794.0
2024-05-30,267.95,267.95,243.9,248.4,101360,5753.0,17.62,56236.0
2024-05-31,254.5,256.3,249.1,251.65,30338,1590.0,19.08,17446.0
2024-06-03,256.7,258.85,245.0,246.6,67521,2864.0,23.58,47840.0
2024-06-04,250.05,250.1,212.0,222.6,110412,4548.0,24.28,69901.0
2024-06-05,220.05,241.85,220.0,234.4,77579,3257.0,23.82,49897.0
2024-06-06,235.7,253.5,235.7,251.65,52437,3202.0,16.38,32520.0
2024-06-07,252.65,262.1,249.95,255.15,35496,2637.0,13.46,19483.0
2024-06-10,255.2,276.0,249.3,267.75,206330,7292.0,28.3,97408.0
2024-06-11,270.95,272.0,263.05,268.75,58602,2862.0,20.48,34910.0
2024-06-12,268.55,277.2,265.0,271.85,75714,4252.0,17.81,44297.0
2024-06-13,273.45,277.2,267.0,270.7,42343,2778.0,15.24,23273.0
2024-06-14,271.3,310.95,267.0,299.7,609123,22406.0,27.19,280733.0
2024-06-18,307.95,329.25,305.2,320.25,839017,32208.0,26.05,299488.0
2024-06-19,324.9,344.7,322.1,332.3,646019,29490.0,21.91,211786.0
2024-06-20,334.8,349.5,333.6,338.3,377327,17974.0,20.99,150156.0
2024-06-21,340.5,341.0,305.1,320.6,406458,16806.0,24.19,150164.0
2024-06-24,320.45,329.05,315.9,317.05,94274,5501.0,17.14,44606.0
2024-06-25,316.5,325.55,315.1,318.95,74730,6030.0,12.39,31341.0
2024-06-26,319.8,325.4,314.05,315.9,50667,4210.0,12.03,27427.0
2024-06-27,316.9,324.15,307.75,311.75,101720,6458.0,15.75,58598.0
2024-06-28,313.7,317.7,301.3,306.75,47436,4294.0,11.05,25635.0
2024-07-01,308.3,324.0,307.25,319.95,90777,6972.0,13.02,46690.0
2024-07-02,321.9,330.9,315.3,322.1,87751,6355.0,13.81,39242.0
2024-07-03,323.0,328.0,320.4,321.95,39328,2729.0,14.41,22462.0
2024-07-04,323.9,324.5,314.95,316.75,56153,4224.0,13.29,30943.0
2024-07-05,317.0,333.0,317.0,324.5,123969,8569.0,14.47,59276.0
2024-07-08,326.25,335.0,322.8,328.35,101350,7727.0,13.12,45914.0
2024-07-09,332.0,335.0,325.05,327.15,64795,4318.0,15.01,35644.0
2024-07-10,332.8,338.95,319.55,326.7,119267,6912.0,17.26,42725.0
2024-07-11,330.0,331.55,325.0,326.75,33537,2238.0,14.99,20135.0
2024-07-12,322.55,325.0,311.5,313.35,78712,5028.0,15.65,42052.0
2024-07-15,312.0,314.9,303.5,309.15,75425,5695.0,13.24,40061.0
2024-07-16,310.0,317.2,307.0,308.2,30596,2554.0,11.98,17901.0
2024-07-18,308.2,318.25,305.85,309.2,42786,3640.0,11.75,23512.0
2024-07-19,309.2,309.7,298.1,304.9,36066,3560.0,10.13,15503.0
2024-07-22,301.25,310.2,300.55,308.55,24352,2248.0,10.83,10702.0
2024-07-23,313.2,315.0,285.9,301.2,54905,5500.0,9.98,20760.0
2024-07-24,302.8,309.15,298.35,300.45,22643,2492.0,9.09,12685.0
2024-07-25,301.5,319.0,300.45,308.15,49626,4099.0,12.11,15056.0
2024-07-26,308.25,314.8,305.0,305.75,29315,3220.0,9.1,13009.0
2024-07-29,308.6,310.9,302.0,303.65,25025,1954.0,12.81,14370.0
2024-07-30,304.4,310.65,303.0,304.85,34344,3034.0,11.32,12026.0
2024-07-31,306.05,312.3,305.4,307.7,31365,3095.0,10.13,14959.0
2024-08-01,309.7,311.0,288.0,289.75,86040,7189.0,11.97,49392.0
2024-08-02,288.0,302.8,285.3,292.9,113958,8278.0,13.77,54922.0
2024-08-05,285.1,293.95,278.5,280.05,60954,8243.0,7.39,21851.0
2024-08-06,283.0,288.9,273.6,274.65,44348,7171.0,6.18,18217.0
2024-08-07,277.5,284.9,277.1,283.9,31522,4209.0,7.49,15234.0
2024-08-08,283.55,302.5,282.15,299.55,59089,5322.0,11.1,35991.0
2024-08-09,303.5,308.4,299.0,301.35,39468,3534.0,11.17,20513.0
2024-08-12,300.0,301.2,293.6,296.35,17278,2477.0,6.98,7142.0
2024-08-13,297.7,309.5,290.5,300.2,52038,5219.0,9.97,22284.0
2024-08-14,297.5,319.0,292.95,312.5,139247,12991.0,10.72,66606.0
2024-08-16,321.95,325.0,302.4,311.15,170927,12585.0,13.58,79953.0
2024-08-19,312.0,320.5,308.7,316.15,110364,8229.0,13.41,65179.0
2024-08-20,317.9,344.9,317.0,338.9,629965,31623.0,19.92,231234.0
2024-08-21,345.9,356.7,330.0,333.05,464886,21198.0,21.93,155397.0
2024-08-22,334.95,339.95,330.2,336.35,126661,7826.0,16.18,62145.0
2024-08-23,339.4,341.25,329.1,330.9,45184,3298.0,13.7,22402.0
2024-08-26,330.0,339.85,321.35,326.1,88909,7359.0,12.08,30081.0
2024-08-27,327.15,335.75,315.0,317.45,241254,17398.0,13.87,71533.0
2024-08-28,316.0,329.95,305.55,312.8,135751,8237.0,16.48,31560.0
2024-08-29,313.5,323.0,307.8,310.95,122390,10851.0,11.28,35963.0
2024-08-30,312.0,320.35,309.7,310.7,44507,3709.0,12.0,13082.0
2024-09-02,311.7,313.35,298.55,300.85,56667,3587.0,15.8,31496.0
2024-09-03,299.25,307.0,299.25,301.5,52284,6471.0,8.08,15326.0
2024-09-04,301.3,314.0,299.3,309.05,56106,4468.0,12.56,29483.0
2024-09-05,310.95,313.7,306.5,307.75,33973,3252.0,10.45,14502.0
2024-09-06,308.5,313.3,304.05,305.8,49338,5793.0,8.52,11167.0
2024-09-09,306.7,306.7,297.45,301.45,30739,3676.0,8.36,11371.0
2024-09-10,302.95,308.8,301.85,304.2,24468,2535.0,9.65,12289.0
2024-09-11,304.0,306.65,294.2,299.8,25388,3187.0,7.97,10507.0
2024-09-12,299.7,302.5,295.55,297.0,35141,2526.0,13.91,16829.0
2024-09-13,298.2,304.45,297.3,301.45,26278,3053.0,8.61,13061.0
2024-09-16,302.2,304.5,297.0,298.0,28921,1700.0,17.01,17849.0
2024-09-17,298.0,314.6,298.0,310.15,122214,8118.0,15.05,47100.0
2024-09-18,311.7,312.2,303.2,310.65,35152,2539.0,13.84,17071.0
2024-09-19,313.0,313.0,296.75,300.9,26378,2080.0,12.68,13306.0
2024-09-20,302.4,309.35,299.65,307.0,33853,1475.0,22.95,19063.0
2024-09-23,307.1,312.2,301.65,303.15,34146,5109.0,6.68,10370.0
2024-09-24,304.1,309.6,300.4,307.15,33574,1965.0,17.09,21962.0
2024-09-25,307.15,319.0,305.3,315.35,122874,5430.0,22.63,71341.0
2024-09-26,316.8,322.75,310.05,314.35,47036,3081.0,15.27,25704.0
2024-09-27,316.0,320.0,311.0,311.85,29880,1718.0,17.39,16798.0
2024-09-30,311.85,317.0,304.9,313.95,46627,2493.0,18.7,25438.0
2024-10-01,318.65,319.0,313.15,315.6,40635,1165.0,34.88,30457.0
2024-10-03,315.6,326.4,313.75,317.85,83760,2717.0,30.83,51773.0
2024-10-04,317.0,319.5,305.6,307.25,48492,2367.0,20.49,25960.0
2024-10-07,310.7,310.7,280.5,283.45,98147,3829.0,25.63,57601.0
2024-10-08,285.6,295.35,283.75,292.05,38336,1265.0,30.31,23575.0
2024-10-09,290.2,300.2,290.2,298.6,25899,910.0,28.46,16467.0
2024-10-10,295.65,304.5,295.65,300.3,17248,657.0,26.25,10937.0
2024-10-11,301.2,301.9,295.2,297.1,10806,453.0,23.85,6830.0
2024-10-14,298.7,299.8,293.7,294.2,11997,1367.0,8.78,5747.0
2024-10-15,295.3,307.85,292.05,294.45,27734,1638.0,16.93,17575.0
2024-10-16,294.4,298.75,293.45,296.15,22717,551.0,41.23,14696.0
2024-10-17,295.95,297.2,290.05,290.5,14354,790.0,18.17,8493.0
2024-10-18,291.25,296.35,283.95,294.0,24037,1094.0,21.97,13875.0
2024-10-21,294.05,295.5,288.5,292.0,28944,963.0,30.06,20629.0
2024-10-22,292.05,292.05,280.0,281.4,19692,1061.0,18.56,12476.0
2024-10-23,283.5,288.7,279.3,286.65,28140,1185.0,23.75,18901.0
2024-10-24,284.45,290.0,280.7,284.4,9041,557.0,16.23,4270.0
2024-10-25,285.1,285.1,272.5,278.1,40695,1597.0,25.48,28447.0
2024-10-28,271.0,280.0,261.75,273.25,44955,1469.0,30.6,22663.0
2024-10-29,273.6,281.85,271.55,277.15,14735,555.0,26.55,9096.0
2024-10-30,277.15,283.9,272.0,281.95,14964,768.0,19.48,7980.0
2024-10-31,280.45,282.9,278.05,282.05,5984,383.0,15.62,2918.0
2024-11-01,286.2,299.0,286.2,292.05,6751,382.0,17.67,4221.0
2024-11-04,295.2,295.2,280.2,282.8,11410,967.0,11.8,5761.0
2024-11-05,283.95,286.45,280.75,281.45,6180,588.0,10.51,3365.0
2024-11-06,282.0,287.95,276.8,282.95,27509,1522.0,18.07,16048.0
2024-11-07,283.1,288.85,282.9,285.1,11459,863.0,13.28,6359.0
2024-11-08,286.0,313.0,284.0,303.6,101923,3860.0,26.4,46016.0
2024-11-11,308.0,308.8,296.0,301.05,30844,1638.0,18.83,16614.0
2024-11-12,301.8,302.05,285.05,288.1,21228,1072.0,19.8,13805.0
2024-11-13,290.4,290.4,279.0,281.85,18963,948.0,20.0,10663.0
2024-11-14,281.0,283.9,276.05,277.5,11488,794.0,14.47,5515.0
2024-11-18,279.85,287.85,267.55,276.95,43105,2140.0,20.14,17224.0
2024-11-19,277.75,283.3,276.35,279.25,10717,668.0,16.04,5729.0
2024-11-21,278.0,281.65,271.1,274.5,15652,1032.0,15.17,8234.0
2024-11-22,277.15,288.0,277.15,279.75,26725,1385.0,19.3,9146.0
2024-11-25,280.5,283.85,276.0,278.5,14339,697.0,20.57,6717.0
2024-11-26,279.5,283.25,278.05,279.9,9914,870.0,11.4,4816.0
2024-11-27,281.4,288.2,280.0,283.65,13534,870.0,15.56,6729.0
2024-11-28,283.65,290.0,280.2,281.7,15377,950.0,16.19,7115.0
2024-11-29,282.35,288.0,281.85,287.3,9227,728.0,12.67,5754.0
2024-12-02,283.9,293.95,281.7,289.35,12404,937.0,13.24,5859.0
2024-12-03,290.25,294.45,281.9,292.75,8792,546.0,16.1,5772.0
2024-12-04,293.2,307.95,289.65,299.25,25884,1320.0,19.61,13548.0
2024-12-05,300.0,324.7,299.95,303.45,134277,4723.0,28.43,48500.0
2024-12-06,304.9,313.35,303.0,305.25,21985,1154.0,19.05,8712.0
2024-12-09,306.25,315.25,303.55,309.75,33531,1575.0,21.29,18101.0
2024-12-10,309.1,312.6,301.25,303.7,15617,821.0,19.02,8841.0
2024-12-11,304.7,308.0,301.0,303.3,11031,713.0,15.47,5083.0
2024-12-12,304.05,304.05,295.95,297.15,11960,569.0,21.02,8405.0
2024-12-13,296.0,297.45,292.0,294.3,12819,804.0,15.94,7484.0
2024-12-16,293.0,299.2,292.5,294.65,12526,726.0,17.25,7488.0
2024-12-17,294.35,298.9,292.55,293.95,10258,572.0,17.93,5806.0
2024-12-18,294.95,297.45,292.7,293.5,9164,413.0,22.19,6480.0
2024-12-19,291.7,291.85,284.75,288.05,17666,551.0,32.06,13118.0
2024-12-20,288.6,299.35,285.0,289.05,21386,746.0,28.67,10887.0
2024-12-23,289.05,289.05,280.65,285.65,8701,425.0,20.47,5378.0
2024-12-24,286.1,294.9,283.05,284.5,10166,343.0,29.64,7680.0
2024-12-26,287.45,287.45,281.25,283.05,7047,330.0,21.35,5371.0
2024-12-27,280.5,285.1,273.1,278.9,10518,707.0,14.88,5112.0
2024-12-30,278.55,287.0,270.1,272.2,23173,863.0,26.85,14537.0
2024-12-31,273.0,279.5,271.05,274.85,13059,579.0,22.55,7146.0
2025-01-01,275.0,278.9,272.0,274.25,14472,575.0,25.17,8736.0
2025-01-02,275.5,288.9,274.55,277.55,14382,578.0,24.88,8801.0
2025-01-03,278.65,287.3,278.5,285.75,22431,657.0,34.14,16640.0
2025-01-06,286.75,288.7,270.0,271.95,18121,841.0,21.55,12746.0
2025-01-07,271.95,285.0,270.05,284.35,8854,549.0,16.13,5659.0
2025-01-08,285.25,286.35,276.1,277.4,5595,329.0,17.01,3813.0
2025-01-09,277.0,282.95,275.05,277.3,8502,468.0,18.17,6093.0
2025-01-10,277.0,280.9,271.3,272.35,5850,314.0,18.63,4046.0
2025-01-13,268.05,268.05,243.95,249.3,43209,1720.0,25.12,31557.0
2025-01-14,251.25,261.65,251.25,258.5,5479,567.0,9.66,2537.0
2025-01-15,261.05,264.95,257.5,261.55,10706,737.0,14.53,7801.0
2025-01-16,263.6,285.45,263.6,279.55,8527,380.0,22.44,5794.0
2025-01-17,280.0,283.4,273.15,282.0,11275,401.0,28.12,8193.0
2025-01-20,281.1,285.7,276.15,281.2,18923,526.0,35.98,13030.0
2025-01-21,282.6,283.55,275.0,278.1,5666,289.0,19.61,3657.0
2025-01-22,278.0,279.2,263.7,268.65,11630,677.0,17.18,5361.0
2025-01-23,268.05,280.0,263.55,278.1,15633,734.0,21.3,10915.0
2025-01-24,280.5,282.0,271.75,272.55,2914,237.0,12.3,1500.0
2025-01-27,270.0,270.0,259.85,263.75,5232,441.0,11.86,3423.0
2025-01-28,263.25,270.9,250.1,251.8,18323,703.0,26.06,13942.0
2025-01-29,255.9,271.65,253.0,264.45,16111,820.0,19.65,11765.0
2025-01-30,266.1,269.1,259.6,261.5,5766,399.0,14.45,2819.0
2025-01-31,263.05,268.7,261.1,266.25,3540,283.0,12.51,1772.0
2025-02-01,264.7,272.0,264.7,271.25,2954,300.0,9.85,1943.0
2025-02-03,266.75,274.0,262.05,269.8,5781,325.0,17.79,3988.0
2025-02-04,270.85,282.75,265.1,276.85,8342,566.0,14.74,5747.0
2025-02-05,276.2,285.0,271.0,278.15,14102,704.0,20.03,7868.0
2025-02-06,279.55,290.5,279.25,282.65,7929,451.0,17.58,4993.0
2025-02-07,283.95,285.5,275.0,277.85,8993,375.0,23.98,5133.0
2025-02-10,280.5,308.85,278.45,286.15,139110,3967.0,35.07,66461.0
2025-02-11,289.0,289.0,273.8,280.1,24305,869.0,27.97,17999.0
2025-02-12,280.1,295.0,260.55,288.0,39023,1515.0,25.76,18189.0
2025-02-13,285.0,294.5,278.15,282.6,19237,877.0,21.94,13132.0
2025-02-14,286.65,286.65,265.15,267.95,14270,786.0,18.16,7765.0
2025-02-17,267.95,267.95,254.5,255.85,20785,717.0,28.99,12749.0
2025-02-18,255.25,258.9,253.0,254.35,10846,862.0,12.58,6005.0
2025-02-19,252.45,270.0,252.45,265.15,22737,1778.0,12.79,8049.0
2025-02-20,265.6,272.9,262.6,270.2,14388,1391.0,10.34,5299.0
2025-02-21,271.2,277.0,261.8,264.0,19483,2027.0,9.61,4325.0
2025-02-24,261.0,267.7,259.25,262.3,10504,1277.0,8.23,2802.0
2025-02-25,259.95,269.1,259.95,261.65,7648,864.0,8.85,2421.0
2025-02-27,263.9,268.0,256.0,257.35,7718,513.0,15.04,4823.0
2025-02-28,257.0,259.35,242.5,246.15,17079,939.0,18.19,11694.0
2025-03-03,249.9,249.9,238.8,240.23,11152,395.0,28.23,8162.0
2025-03-04,240.23,246.0,239.41,240.87,6152,373.0,16.49,3054.0
2025-03-05,242.79,259.65,242.79,251.57,37944,3341.0,11.36,6781.0
2025-03-06,255.8,258.99,251.09,256.98,8572,1003.0,8.55,2302.0
2025-03-07,256.01,259.0,253.61,257.36,16073,676.0,23.78,13086.0
2025-03-10,251.0,259.38,248.1,251.38,6636,556.0,11.94,4280.0
2025-03-11,250.52,254.0,247.5,248.89,5267,344.0,15.31,2388.0
2025-03-12,250.8,250.8,240.1,242.82,8938,597.0,14.97,5199.0
2025-03-13,243.02,249.79,240.0,240.56,7889,623.0,12.66,4062.0
2025-03-17,240.55,244.33,231.0,231.77,12850,868.0,14.8,7296.0
2025-03-18,232.8,239.0,232.8,237.86,7375,497.0,14.84,3815.0
2025-03-19,238.49,243.88,235.67,237.82,20182,528.0,38.22,16658.0
2025-03-20,238.0,250.0,238.0,246.03,21231,790.0,26.87,15684.0
2025-03-21,244.73,252.0,240.6,248.07,23251,1261.0,18.44,13915.0
2025-03-24,247.15,249.99,242.48,243.9,11237,554.0,20.28,6896.0
2025-03-25,245.3,247.0,234.05,235.34,16711,584.0,28.61,12814.0
2025-03-26,235.3,240.19,228.1,233.79,18338,665.0,27.58,11659.0
2025-03-27,231.86,235.79,217.7,220.49,33543,1268.0,26.45,22637.0
2025-03-28,223.0,226.9,211.1,213.18,33353,1426.0,23.39,23095.0
2025-04-01,217.0,223.78,214.04,219.05,23474,804.0,29.2,17467.0
2025-04-02,220.0,221.44,215.13,219.2,6889,535.0,12.88,3443.0
2025-04-03,220.93,224.5,218.78,224.04,12392,513.0,24.16,9275.0
2025-04-04,224.08,227.0,215.43,221.1,9726,527.0,18.46,5932.0
2025-04-07,215.0,220.65,201.31,218.77,16567,1056.0,15.69,8508.0
2025-04-08,223.6,230.0,220.97,226.57,8666,281.0,30.84,6656.0
2025-04-09,227.85,227.85,219.0,220.23,2547,141.0,18.06,1320.0
2025-04-11,222.4,227.0,214.25,215.56,20127,1076.0,18.71,14793.0
2025-04-15,218.7,229.8,218.6,228.31,22037,912.0,24.16,16239.0
2025-04-16,228.3,247.7,228.3,246.02,35288,1888.0,18.69,23649.0
2025-04-17,246.1,251.0,238.62,240.67,13371,797.0,16.78,6811.0
2025-04-21,241.0,247.02,238.01,244.27,10893,681.0,16.0,5110.0
2025-04-22,245.45,248.9,241.0,244.97,5909,519.0,11.39,3028.0
2025-04-23,245.05,246.7,240.9,242.11,3309,406.0,8.15,1331.0
2025-04-24,242.45,244.3,236.51,239.39,6714,634.0,10.59,3020.0
2025-04-25,240.08,243.7,231.75,234.81,10409,876.0,11.88,5914.0
2025-04-28,238.2,242.4,237.25,238.17,3777,422.0,8.95,2173.0
2025-04-29,239.6,241.79,233.23,238.15,4274,403.0,10.61,2429.0
2025-04-30,239.15,239.15,230.0,231.82,5164,397.0,13.01,3463.0
2025-05-02,229.6,238.0,229.6,233.34,3693,354.0,10.43,1664.0
2025-05-05,231.22,241.0,231.22,238.43,6530,432,15.12,4768
2025-05-06,236.06,258.0,235.28,238.71,23271,1279,18.19,9720
2025-05-07,240.11,243.12,231.2,237.69,6238,486,12.84,3516
2025-05-08,239.6,242.62,226.0,228.13,15258,594,25.69,11971
2025-05-09,221.9,228.63,219.96,225.59,11833,381,31.06,9052
2025-05-12,229.35,233.95,224.7,227.05,28484,833,34.19,17669
2025-05-13,229.8,255.0,229.8,247.21,69978,2576,27.17,41640
2025-05-14,249.82,251.0,243.39,249.57,7930,429,18.48,4190
2025-05-15,247.72,254.39,246.91,248.21,13861,541,25.62,7040
2025-05-16,249.2,254.0,247.81,252.4,4624,273,16.94,3039
2025-05-19,254.0,280.3,252.83,268.28,82319,2323,35.44,39406
2025-05-20,272.3,272.3,264.0,264.93,6295,334,18.85,4408
2025-05-21,266.09,267.5,258.0,262.27,10196,600,16.99,6296
2025-05-22,262.09,262.8,253.24,260.05,5921,371,15.96,3857
2025-05-23,259.53,264.5,259.11,263.14,3317,249,13.32,1892
2025-05-26,253.0,268.49,250.83,259.93,15416,1046,14.74,7504
2025-05-27,263.4,263.4,255.2,257.0,3205,174,18.42,2417
2025-05-28,258.1,265.57,254.45,256.54,13290,433,30.69,9225
2025-05-29,258.3,260.0,255.0,259.55,4545,455,9.99,2537
2025-05-30,259.48,265.49,257.05,262.59,5837,518,11.27,3765
2025-06-02,260.1,263.5,255.0,259.1,5699,525,10.86,3647
2025-06-03,255.5,262.0,255.5,258.55,3467,328,10.57,2047
2025-06-04,258.5,267.3,256.8,262.5,11208,868,12.91,7469
2025-06-05,262.0,266.2,258.85,259.95,11133,377,29.53,9098
2025-06-06,262.2,262.4,256.6,257.3,4722,460,10.27,3190
2025-06-09,257.0,263.0,256.05,259.25,7809,634,12.32,3870
2025-06-10,260.3,268.5,257.75,264.75,20519,522,39.31,15616
2025-06-11,264.75,274.3,264.75,270.0,22641,1076,21.04,11294
2025-06-12,271.4,275.8,260.55,262.15,13575,778,17.45,7679
2025-06-13,259.65,260.75,254.5,255.4,8824,749,11.78,4448
2025-06-16,255.35,257.5,249.0,250.4,9697,566,17.13,6701
2025-06-17,250.85,255.95,248.55,249.85,8345,329,25.36,5743
2025-06-18,250.4,251.95,247.0,248.45,5623,235,23.93,3980
2025-06-19,248.45,250.5,241.55,243.15,6458,569,11.35,3992
2025-06-20,240.65,251.95,240.65,244.1,9643,846,11.4,45682025-06-23,244.1,249.05,241.5,244.1,7659,529,14.48,5483
2025-06-24,249.75,252.9,244.85,247.7,10635,714,14.89,5346
2025-06-25,248.8,257.5,248.75,254.2,17663,903,19.56,12676
2025-06-26,258.0,258.0,253.5,257.05,9545,410,23.28,6915
2025-06-27,258.1,258.1,252.1,254.1,4713,320,14.73,3396
2025-06-30,255.2,256.0,251.3,255.1,4272,395,10.82,2665
2025-07-01,254.25,255.85,253.0,255.15,3452,214,16.13,2623
2025-07-02,255.1,257.0,252.5,253.0,9230,907,10.18,4890
2025-07-03,253.0,255.8,252.0,253.05,3358,167,20.11,1588
2025-07-04,253.0,255.95,252.0,253.0,8447,476,17.75,3900
2025-07-07,254.6,263.0,252.0,260.65,33690,1396,24.13,20616
2025-07-08,260.0,261.0,255.55,256.25,11565,976,11.85,4271
2025-07-09,258.5,260.0,252.25,254.75,16939,1584,10.69,5094
2025-07-10,254.85,257.85,250.1,251.1,16649,1850,9.0,6937
2025-07-11,252.15,256.5,250.2,251.05,16881,1493,11.31,5729
2025-07-14,251.2,257.5,250.0,251.0,11019,861,12.8,2905
2025-07-15,251.0,254.9,250.0,252.1,12852,810,15.87,5506
2025-07-16,252.25,267.8,250.9,266.5,33998,1091,31.16,22163
2025-07-17,267.1,267.1,262.1,262.65,20892,1140,18.33,12386
2025-07-18,263.8,266.7,258.1,261.55,16738,1930,8.67,6315
2025-07-21,262.7,268.75,260.1,265.75,20660,2212,9.34,6682
2025-07-22,263.45,266.85,258.3,260.45,14621,1255,11.65,6846
2025-07-23,259.25,266.3,259.25,263.05,23556,2268,10.39,6719
2025-07-24,262.75,264.2,260.25,261.2,10583,992,10.67,5093
2025-07-25,261.2,265.8,259.65,261.0,17166,1204,14.26,7567
2025-07-28,263.5,268.2,245.5,247.0,21633,1040,20.8,14990
2025-07-29,246.75,248.25,245.25,246.35,11259,444,25.36,8755
2025-07-30,247.3,250.45,245.25,247.75,11977,375,31.94,8915
2025-07-31,246.0,252.0,244.0,247.65,19606,1008,19.45,10002
2025-08-01,248.01,252.43,245.0,245.91,11978,690,17.36,6421
2025-08-04,245.91,248.65,243.0,243.79,11733,1173,10.0,35952025-08-04,245.91,248.65,243.0,243.79,11733,1173,10.0,3595
2025-08-05,242.26,245.2,239.25,240.42,7988,579,13.8,3848
2025-08-06,241.34,245.84,235.75,237.48,11729,934,12.56,6537
2025-08-07,238.96,239.15,234.75,236.81,13143,1055,12.46,4727
2025-08-08,237.54,242.0,235.71,239.82,11424,1095,10.43,3268
2025-08-11,240.1,271.1,237.06,248.1,19022,991,19.19,10117
2025-08-12,250.04,257.1,245.1,249.33,12025,773,15.56,6893
2025-08-13,247.22,250.99,243.35,244.83,7688,846,9.09,4693
2025-08-14,244.1,252.8,242.05,247.08,6991,745,9.38,3717
2025-08-18,245.27,260.25,242.05,243.33,20273,1856,10.92,5104
2025-08-19,245.62,252.0,243.16,246.25,22556,2488,9.07,2119
2025-08-20,247.0,251.59,245.1,246.8,15510,1742,8.9,4618
2025-08-21,247.77,250.89,244.16,246.03,9115,1178,7.74,3727
2025-08-22,245.9,246.9,241.9,243.01,4697,225,20.88,2982
2025-08-25,244.0,246.88,241.0,242.44,6279,616,10.19,3870
2025-08-26,242.44,244.48,238.0,239.55,7776,477,16.3,4343
2025-08-28,240.0,245.7,233.75,237.14,10462,639,16.37,6579
2025-08-29,237.14,245.99,237.1,238.75,9481,442,21.45,4273
2025-09-01,237.55,244.9,237.0,240.75,7640,526,14.52,4867
2025-08-29,237.14,245.99,237.1,238.75,9481,442,21.45,4273
2025-09-01,237.55,244.9,237.0,240.75,7640,526,14.52,4867
2025-09-02,241.7,242.37,237.73,239.88,5697,509,11.19,2723
2025-09-03,239.0,245.0,237.5,241.55,10075,1113,9.05,3896
2025-09-04,243.7,245.01,240.01,242.8,7263,607,11.97,3433
2025-09-05,240.0,244.78,240.0,241.53,4521,512,8.83,1535
2025-09-08,241.53,243.05,236.1,238.14,6661,301,22.13,5094
2025-09-09,240.5,241.04,237.5,238.29,4173,283,14.75,3129
2025-09-10,239.7,244.0,239.25,241.59,3646,245,14.88,2096
2025-09-11,242.5,244.89,241.3,241.7,6340,261,24.29,4391
2025-09-12,242.36,244.9,238.25,239.81,5983,370,16.17,4329
2025-09-15,240.0,242.89,237.1,237.48,8709,315,27.65,7025
2025-09-16,239.5,244.7,239.5,242.89,6370,285,22.35,4781
2025-09-17,243.8,244.3,241.0,241.62,2573,202,12.74,1905
2025-09-18,241.36,249.0,241.35,245.15,4537,280,16.2,3115
2025-09-19,246.1,246.89,240.0,241.22,4954,282,17.57,3479
