Date,Open,High,Low,Close,Volume,TOTAL_TRADES,QTY_PER_TRADE,DLV_QTY
2007-10-05,50.5,61.55,46.75,56.6,481058927,,,
2007-10-08,58.5,58.5,53.35,53.7,71252858,,,
2007-10-09,53.7,57.85,50.8,57.35,65658228,,,
2007-10-10,58.85,59.05,57.4,57.9,38211410,,,
2007-10-11,67.5,67.5,57.4,64.35,59805552,,,
2007-10-12,63.0,66.35,62.45,63.95,55918584,,,
2007-10-15,65.25,65.6,64.2,64.75,23520928,,,
2007-10-16,64.9,72.5,64.45,71.4,77970674,,,
2007-10-17,64.1,78.75,59.7,76.95,115242925,,,
2007-10-18,78.2,84.1,71.05,74.25,82472533,,,
2007-10-19,72.55,77.0,70.3,74.0,62024917,,,
2007-10-22,72.5,75.3,70.6,73.0,40642551,,,
2007-10-23,74.8,78.9,74.8,78.2,41959654,,,
2007-10-24,79.9,80.7,76.1,77.0,35468542,,,
2007-10-25,74.4,78.65,67.9,76.85,19418905,,,
2007-10-26,78.2,80.4,76.1,79.1,35083148,,,
2007-10-29,80.45,82.7,80.0,80.75,24557461,,,
2007-10-30,81.8,84.75,79.45,82.55,44955974,,,
2007-10-31,82.95,86.1,82.7,84.25,25118651,,,
2007-11-01,86.3,87.0,81.7,82.4,28480784,,,
2007-11-02,79.4,84.4,78.75,83.85,18000957,,,
2007-11-05,83.8,87.45,83.3,85.6,21843644,,,
2007-11-06,87.1,92.2,85.55,86.7,46057670,,,
2007-11-07,88.3,89.55,83.55,85.45,18896147,,,
2007-11-08,83.25,86.25,82.1,84.0,15744672,,,
2007-11-09,87.2,87.2,82.5,83.6,4863716,,,
2007-11-12,81.45,87.5,79.25,86.0,19773981,,,
2007-11-13,87.45,89.8,84.7,88.05,24654680,,,
2007-11-14,89.6,90.8,86.45,86.95,20665456,,,
2007-11-15,88.55,89.95,86.7,88.35,16448771,,,
2007-11-16,88.0,89.75,86.75,87.75,10628606,,,
2007-11-19,89.75,94.2,89.05,90.95,22903160,,,
2007-11-20,90.55,93.1,88.45,89.5,14817475,,,
2007-11-21,90.1,90.6,80.55,82.55,15083160,,,
2007-11-22,81.7,85.0,76.25,79.7,19179109,,,
2007-11-23,84.95,85.5,80.2,85.0,15561055,,,
2007-11-26,88.1,88.1,85.0,85.65,11339510,,,
2007-11-27,87.15,87.15,82.7,83.55,11572427,,,
2007-11-28,85.4,85.8,81.75,82.3,9244865,,,
2007-11-29,84.4,84.8,79.05,80.1,14361173,,,
2007-11-30,81.55,83.7,80.45,83.2,10371221,,,
2007-12-03,84.2,85.45,83.55,84.4,9478818,,,
2007-12-04,84.95,85.65,82.65,83.3,7879911,,,
2007-12-05,83.4,86.95,83.25,86.6,15595480,,,
2007-12-06,88.5,89.8,83.9,85.0,13558903,,,
2007-12-07,85.55,86.75,83.1,84.65,6605094,,,
2007-12-10,85.45,85.75,83.6,84.7,4685632,,,
2007-12-11,85.45,85.95,83.9,84.3,6573349,,,
2007-12-12,83.25,85.0,82.7,84.25,9192451,,,
2007-12-13,84.85,85.5,82.5,82.9,8230435,,,
2007-12-14,82.6,83.3,81.6,82.05,6182918,,,
2007-12-17,82.5,82.95,75.95,77.1,10887572,,,
2007-12-18,76.2,79.3,74.35,76.75,12154381,,,
2007-12-19,79.25,79.9,74.7,75.35,10983891,,,
2007-12-20,76.3,76.95,74.25,74.6,9621680,,,
2007-12-24,75.7,78.1,75.1,76.9,9400232,,,
2007-12-26,77.3,80.2,77.3,79.2,11773181,,,
2007-12-27,80.8,81.95,79.1,79.75,25067975,,,
2007-12-28,79.6,80.7,78.75,80.4,10324419,,,
2007-12-31,81.0,81.45,80.0,80.95,6740050,,,
2008-01-01,81.4,83.2,80.6,82.45,9386860,,,
2008-01-02,82.45,83.05,80.8,82.0,7558472,,,
2008-01-03,81.5,85.7,80.5,85.4,17896065,,,
2008-01-04,86.6,87.75,84.4,84.95,15756366,,,
2008-01-07,84.4,86.2,83.3,84.2,8920163,,,
2008-01-08,84.3,85.5,80.4,81.4,7471502,,,
2008-01-09,81.45,81.8,79.9,80.05,7376361,,,
2008-01-10,80.45,82.7,77.6,78.15,10137942,,,
2008-01-11,79.25,80.1,76.2,79.35,6541562,,,
2008-01-14,79.5,81.4,78.2,80.55,5773637,,,
2008-01-15,81.8,82.2,77.45,78.1,6501565,,,
2008-01-16,77.55,78.2,74.55,76.5,8344164,,,
2008-01-17,76.8,80.3,75.15,78.55,9095287,,,
2008-01-18,77.95,78.0,74.25,74.9,7455465,,,
2008-01-21,74.25,74.25,54.15,62.2,18676349,,,
2008-01-22,56.0,59.05,44.4,55.9,33050094,,,
2008-01-23,56.8,64.55,56.8,62.2,15989624,,,
2008-01-24,65.5,66.7,59.3,62.3,16825465,,,
2008-01-25,65.25,65.8,62.85,65.5,7059783,,,
2008-01-28,64.6,66.7,59.3,66.2,7650626,,,
2008-01-29,66.4,67.35,64.1,65.1,4319932,,,
2008-01-30,65.25,65.55,60.7,61.5,5071559,,,
2008-01-31,62.2,62.3,56.8,57.5,23365448,,,
2008-02-01,58.45,59.9,57.95,59.5,5112677,,,
2008-02-04,60.6,63.3,60.6,62.55,6755281,,,
2008-02-05,62.65,65.3,61.3,64.5,8208735,,,
2008-02-06,62.7,64.7,60.4,63.95,6991437,,,
2008-02-07,63.05,65.2,60.5,60.9,6356296,,,
2008-02-08,61.3,61.85,58.25,59.3,7601738,,,
2008-02-11,60.2,60.2,54.55,55.15,8512501,,,
2008-02-12,56.8,57.2,53.7,54.15,5758667,,,
2008-02-13,55.1,55.85,52.3,53.4,5847613,,,
2008-02-14,54.55,58.65,54.55,58.05,7039129,,,
2008-02-15,57.8,60.2,56.3,59.7,6795559,,,
2008-02-18,61.05,61.05,58.9,59.35,3924650,,,
2008-02-19,60.45,60.6,58.3,58.7,4064931,,,
2008-02-20,58.15,58.2,56.6,57.25,3152813,,,
2008-02-21,58.2,58.65,56.95,57.7,2179331,,,
2008-02-22,55.7,57.3,55.15,56.9,1513812,,,
2008-02-25,57.6,58.1,56.0,57.4,3526981,,,
2008-02-26,57.95,58.45,57.35,57.65,4015927,,,
2008-02-27,58.45,64.0,58.45,61.0,24313018,,,
2008-02-28,61.55,63.2,60.75,62.7,20117169,,,
2008-02-29,62.3,63.55,60.8,61.85,9268575,,,
2008-03-03,59.1,61.2,58.55,59.25,5652650,,,
2008-03-04,59.6,59.85,56.25,57.7,6460426,,,
2008-03-05,58.0,59.05,56.3,58.8,4826844,,,
2008-03-07,57.95,57.95,53.45,55.75,8016710,,,
2008-03-10,55.55,55.7,52.1,55.3,6588935,,,
2008-03-11,54.8,60.4,53.55,59.85,11061638,,,
2008-03-12,61.5,61.9,57.75,58.35,6897574,,,
2008-03-13,56.8,57.4,48.95,50.3,26437554,,,
2008-03-14,51.7,54.0,50.7,53.8,20136684,,,
2008-03-17,52.75,52.75,50.6,51.7,10806344,,,
2008-03-18,51.6,53.15,50.75,52.1,7106029,,,
2008-03-19,54.55,58.4,52.1,52.4,9252578,,,
2008-03-24,54.4,54.4,51.8,52.95,6545766,,,
2008-03-25,54.3,55.3,53.3,54.95,7443240,,,
2008-03-26,54.55,55.9,54.0,54.6,6439678,,,
2008-03-27,53.8,56.1,53.8,55.55,9801634,,,
2008-03-28,55.85,56.1,54.2,55.7,6524727,,,
2008-03-31,55.7,55.95,54.55,55.3,5577023,,,
2008-04-01,55.7,56.2,54.7,55.4,3394457,,,
2008-04-02,55.7,57.95,55.7,56.3,3423952,,,
2008-04-03,56.45,56.7,55.4,55.9,2184455,,,
2008-04-04,56.2,56.2,54.5,55.55,3322428,,,
2008-04-07,55.65,55.9,54.7,55.35,2299911,,,
2008-04-08,55.3,55.4,53.55,53.95,3236520,,,
2008-04-09,54.1,54.55,53.5,54.05,2124211,,,
2008-04-10,54.0,55.55,53.8,55.15,3979856,,,
2008-04-11,55.7,55.95,54.8,55.4,2257122,,,
2008-04-15,55.1,56.55,54.1,56.25,3579068,,,
2008-04-16,56.8,57.2,55.3,55.5,2658260,,,
2008-04-17,56.3,58.95,55.7,57.65,8342534,,,
2008-04-21,58.5,59.6,57.95,58.55,4297142,,,
2008-04-22,58.5,60.2,57.95,59.5,4958309,,,
2008-04-23,59.6,60.25,58.8,59.6,2961903,,,
2008-04-24,60.2,60.3,56.95,57.45,4951003,,,
2008-04-25,58.5,58.75,57.15,57.95,2303995,,,
2008-04-28,58.0,59.3,57.95,58.15,2648388,,,
2008-04-29,58.5,59.55,58.2,59.0,3654644,,,
2008-04-30,59.6,60.15,59.05,59.35,3561401,,,
2008-05-02,60.25,61.55,59.8,59.9,3182861,,,
2008-05-05,60.7,61.05,59.25,59.6,4298791,,,
2008-05-06,59.15,60.3,58.8,59.1,2846907,,,
2008-05-07,59.05,59.5,57.4,58.3,2420498,,,
2008-05-08,57.8,58.15,57.2,57.55,2048667,,,
2008-05-09,56.8,58.7,56.35,57.2,4849742,,,
2008-05-12,57.2,57.7,55.95,57.2,2750848,,,
2008-05-13,57.5,57.8,56.9,57.4,2844432,,,
2008-05-14,56.25,57.8,56.25,57.5,1677649,,,
2008-05-15,56.25,58.15,56.25,57.5,1488803,,,
2008-05-16,57.95,58.1,57.25,58.0,2487538,,,
2008-05-20,57.4,58.1,57.25,57.85,1949014,,,
2008-05-21,56.55,59.05,56.55,58.2,1923238,,,
2008-05-22,56.8,57.7,56.8,57.45,2001376,,,
2008-05-23,57.05,57.9,56.25,56.5,2484579,,,
2008-05-26,53.45,56.4,53.45,56.05,1465767,,,
2008-05-27,56.15,56.8,54.1,54.4,1865560,,,
2008-05-28,54.55,56.7,53.6,56.35,2534457,,,
2008-05-29,56.95,57.95,55.65,57.3,6202246,,,
2008-05-30,57.45,57.7,55.25,55.45,2263180,,,
2008-06-02,55.1,56.25,52.3,53.1,2492773,,,
2008-06-03,52.3,52.9,50.65,51.15,3510432,,,
2008-06-04,50.9,51.45,49.25,49.55,3241176,,,
2008-06-05,49.5,49.85,47.8,49.45,5468120,,,
2008-06-06,49.2,51.0,48.2,48.95,3553364,,,
2008-06-09,48.4,49.45,46.1,48.25,3656706,,,
2008-06-10,47.8,48.35,46.85,47.9,3778821,,,
2008-06-11,48.4,48.95,47.8,48.15,1454724,,,
2008-06-12,47.55,48.75,46.1,48.5,1824870,,,
2008-06-13,48.4,48.9,47.65,48.2,2389743,,,
2008-06-16,48.6,50.6,48.45,49.9,2449472,,,
2008-06-17,50.6,51.75,49.0,51.4,2664048,,,
2008-06-18,51.2,52.4,51.2,51.3,2843449,,,
2008-06-19,50.3,51.2,49.4,50.2,2374466,,,
2008-06-20,50.6,50.8,48.4,49.05,2158757,,,
2008-06-23,48.7,48.8,46.9,47.3,2540279,,,
2008-06-24,47.3,48.05,45.4,45.85,2946490,,,
2008-06-25,45.0,45.55,43.6,44.6,2212808,,,
2008-06-26,44.85,49.15,44.85,47.15,10267456,,,
2008-06-27,45.55,46.6,44.8,45.05,3836973,,,
2008-06-30,45.05,45.45,42.9,44.2,2585428,,,
2008-07-01,44.2,44.2,39.45,41.05,3488792,,,
2008-07-02,41.05,43.3,39.75,42.8,2950855,,,
2008-07-03,42.45,42.8,40.5,41.7,2658822,,,
2008-07-04,41.05,43.1,40.8,42.25,2735334,,,
2008-07-07,42.8,44.9,42.8,43.2,3109509,,,
2008-07-08,39.95,45.55,39.95,44.5,4699284,,,
2008-07-09,45.05,47.8,45.05,47.55,3859184,,,
2008-07-10,47.55,50.25,46.25,49.65,4059100,,,
2008-07-11,50.1,50.75,46.9,47.3,3397946,,,
2008-07-14,46.1,49.0,46.1,47.3,3342460,,,
2008-07-15,46.1,46.65,45.0,45.35,2077526,,,
2008-07-16,45.35,46.1,43.35,44.1,3922804,,,
2008-07-17,45.0,46.7,45.0,46.35,2834010,,,
2008-07-18,47.2,49.35,45.8,48.95,3365538,,,
2008-07-21,49.8,52.0,49.0,51.7,4924232,,,
2008-07-22,51.7,54.3,51.2,53.8,7104971,,,
2008-07-23,56.2,58.7,55.2,57.6,7199366,,,
2008-07-24,52.1,58.65,52.1,55.55,6054921,,,
2008-07-25,55.0,57.5,53.6,55.7,6024591,,,
2008-07-28,55.7,56.8,54.6,55.25,3112809,,,
2008-07-29,54.0,54.8,52.55,53.0,2894586,,,
2008-07-30,53.5,55.7,53.5,55.25,4137046,,,
2008-07-31,56.2,56.2,52.55,53.3,3378667,,,
2008-08-01,52.45,55.1,50.6,54.8,2643420,,,
2008-08-04,53.75,56.2,53.75,55.2,2419508,,,
2008-08-05,55.4,58.1,54.8,57.7,5153129,,,
2008-08-06,59.7,59.7,55.8,56.2,4846834,,,
2008-08-07,54.3,57.35,54.3,56.05,2705269,,,
2008-08-08,55.4,56.5,54.9,55.1,2747152,,,
2008-08-11,55.8,56.4,55.2,55.6,1527022,,,
2008-08-12,55.95,56.25,54.2,54.65,3263219,,,
2008-08-13,54.0,55.4,53.6,54.85,1549468,,,
2008-08-14,54.55,55.1,53.45,53.55,1443579,,,
2008-08-18,53.45,54.55,52.4,52.95,1666721,,,
2008-08-19,52.85,53.2,50.9,51.95,1654394,,,
2008-08-20,52.3,52.95,52.15,52.55,1867169,,,
2008-08-21,52.3,52.85,51.4,52.0,2327899,,,
2008-08-22,53.8,53.8,50.1,51.45,2328683,,,
2008-08-25,52.7,52.7,51.65,52.0,1144253,,,
2008-08-26,51.45,52.3,51.15,52.1,837839,,,
2008-08-27,52.35,52.7,50.8,51.05,2417158,,,
2008-08-28,51.2,51.75,49.65,50.3,4152420,,,
2008-08-29,51.2,52.55,50.95,52.35,1248233,,,
2008-09-01,51.85,52.15,50.9,51.95,1922102,,,
2008-09-02,52.3,54.9,51.85,54.7,2829603,,,
2008-09-04,54.05,54.5,53.05,53.5,1582496,,,
2008-09-05,52.9,52.95,51.75,52.35,1873513,,,
2008-09-08,55.1,57.35,54.55,55.1,4712597,,,
2008-09-09,55.1,55.7,54.05,55.3,2102220,,,
2008-09-10,55.0,55.7,54.3,54.8,2164331,,,
2008-09-11,54.55,54.55,52.95,53.35,1444137,,,
2008-09-12,53.7,55.35,53.0,53.9,3427513,,,
2008-09-15,51.9,52.7,49.0,50.5,3808277,,,
2008-09-16,48.55,51.9,47.8,51.45,2618225,,,
2008-09-17,52.2,52.2,49.5,50.15,2629233,,,
2008-09-18,49.5,51.0,46.4,50.05,3714588,,,
2008-09-19,51.2,53.35,50.6,53.05,5524725,,,
2008-09-22,54.55,56.8,51.5,51.9,2341415,,,
2008-09-23,51.3,52.45,50.3,51.3,3695448,,,
2008-09-24,51.45,53.0,50.8,52.5,3223184,,,
2008-09-25,52.6,52.85,49.65,50.85,6146317,,,
2008-09-26,51.15,51.15,49.15,50.05,2794470,,,
2008-09-29,51.45,51.45,47.25,48.2,4421231,,,
2008-09-30,45.55,50.05,45.55,48.25,3721748,,,
2008-10-01,48.9,50.3,47.9,49.9,2105854,,,
2008-10-03,50.1,51.2,49.2,50.6,2633292,,,
2008-10-06,50.05,50.6,48.55,49.55,3127657,,,
2008-10-07,49.5,52.3,49.5,51.15,5584647,,,
2008-10-08,49.45,51.2,47.3,50.8,5616830,,,
2008-10-10,50.6,51.6,46.7,50.5,5076665,,,
2008-10-13,50.7,51.85,50.35,51.45,3828163,,,
2008-10-14,51.75,53.4,49.85,50.25,2868404,,,
2008-10-15,49.95,50.9,49.3,49.8,3090951,,,
2008-10-16,49.1,49.1,46.95,47.9,3741226,,,
2008-10-17,48.9,49.2,43.65,44.3,3142178,,,
2008-10-20,44.5,46.6,43.4,44.8,4456669,,,
2008-10-21,45.25,47.55,43.9,45.15,4526594,,,
2008-10-22,44.7,45.05,42.25,42.7,3042057,,,
2008-10-23,41.6,42.0,40.0,40.6,3735772,,,
2008-10-24,39.4,39.95,34.9,35.35,5571895,,,
2008-10-27,34.7,34.9,29.25,32.6,7243974,,,
2008-10-28,34.9,37.0,34.9,35.6,756524,,,
2008-10-29,37.1,39.25,33.75,36.95,7365490,,,
2008-10-31,38.85,40.5,37.35,39.3,4555063,,,
2008-11-03,41.5,41.55,39.1,40.5,2785022,,,
2008-11-04,39.95,42.6,39.75,42.25,2540154,,,
2008-11-05,44.3,44.3,39.95,40.7,3456894,,,
2008-11-06,39.95,42.05,38.55,39.4,2754130,,,
2008-11-07,39.1,43.7,38.8,42.45,4640709,,,
2008-11-10,43.75,44.4,42.45,43.4,2123538,,,
2008-11-11,43.6,44.7,41.9,42.9,5006254,,,
2008-11-12,43.8,43.8,40.6,41.1,3209283,,,
2008-11-14,40.7,42.75,40.4,40.95,2271871,,,
2008-11-17,44.05,44.05,38.8,42.65,3015866,,,
2008-11-18,42.55,42.55,39.55,40.35,3595753,,,
2008-11-19,40.5,41.8,38.85,39.35,3153786,,,
2008-11-20,39.4,39.7,37.3,38.9,2857723,,,
2008-11-21,38.65,42.7,37.7,41.4,4696928,,,
2008-11-24,42.65,43.1,40.35,42.45,3048818,,,
2008-11-25,42.9,43.4,41.05,41.4,3067747,,,
2008-11-26,41.85,43.0,40.65,42.35,2950906,,,
2008-11-28,41.05,42.45,40.0,41.65,4761542,,,
2008-12-01,42.45,44.1,41.15,41.3,3224815,,,
2008-12-02,41.05,41.4,39.7,40.95,3307121,,,
2008-12-03,41.3,42.7,40.1,42.2,3617245,,,
2008-12-04,37.4,44.45,37.4,44.2,2614605,,,
2008-12-05,42.2,45.8,42.2,43.7,3003167,,,
2008-12-08,44.85,45.2,41.9,43.8,6586476,,,
2008-12-10,45.8,45.8,42.45,43.1,6284291,,,
2008-12-11,43.85,43.85,41.9,42.6,5550522,,,
2008-12-12,41.55,41.8,40.4,41.3,5539334,,,
2008-12-15,42.7,42.9,41.6,41.95,3229674,,,
2008-12-16,42.2,44.1,39.95,43.6,5165723,,,
2008-12-17,44.7,44.7,42.4,43.5,4905426,,,
2008-12-18,42.55,45.3,42.55,44.8,7110012,,,
2008-12-19,46.1,47.55,44.75,46.95,5653468,,,
2008-12-22,45.4,47.4,45.4,47.0,3670106,,,
2008-12-23,46.7,47.45,45.7,46.05,2897869,,,
2008-12-24,37.95,46.65,37.95,45.25,7491797,,,
2008-12-26,47.75,47.75,44.2,45.35,3082800,,,
2008-12-29,45.8,46.65,44.45,46.3,1922861,,,
2008-12-30,46.15,46.95,44.5,46.2,2738363,,,
2008-12-31,47.5,47.5,45.75,46.75,2472852,,,
2009-01-01,48.35,48.35,45.1,47.2,1224846,,,
2009-01-02,48.2,48.2,46.55,47.45,2236809,,,
2009-01-05,48.2,48.2,45.8,46.4,2534247,,,
2009-01-06,48.15,48.15,45.3,46.05,2232957,,,
2009-01-07,47.6,47.6,40.9,43.6,6811438,,,
2009-01-09,47.25,47.25,41.25,43.4,2965831,,,
2009-01-12,44.45,44.45,40.55,42.2,3710087,,,
2009-01-13,42.2,42.7,41.05,41.6,2308929,,,
2009-01-14,42.4,42.4,40.55,41.7,1562221,,,
2009-01-15,41.3,41.7,40.2,41.1,2077650,,,
2009-01-16,42.55,43.0,40.8,42.4,1198971,,,
2009-01-19,43.55,44.4,42.2,44.05,1455709,,,
2009-01-20,44.05,50.05,42.2,48.95,10744724,,,
2009-01-21,50.05,50.05,45.05,45.7,6362791,,,
2009-01-22,47.15,48.5,45.1,47.85,5926249,,,
2009-01-23,48.65,49.1,46.35,48.55,3940837,,,
2009-01-27,48.4,50.8,46.7,50.1,4774461,,,
2009-01-28,51.15,51.45,49.5,51.2,3732826,,,
2009-01-29,52.3,52.3,49.0,50.9,7787526,,,
2009-01-30,50.05,50.05,48.4,49.65,2575344,,,
2009-02-02,49.5,50.05,46.35,47.05,3756826,,,
2009-02-03,43.1,48.95,43.1,47.8,3707628,,,
2009-02-04,49.2,50.4,46.15,48.2,4064336,,,
2009-02-05,47.8,49.2,47.5,47.95,2037744,,,
2009-02-06,48.35,49.2,48.05,48.6,1253549,,,
2009-02-09,50.5,50.5,47.35,48.65,1794673,,,
2009-02-10,49.35,49.55,47.6,48.55,1832712,,,
2009-02-11,48.4,48.95,46.95,48.7,1068588,,,
2009-02-12,48.65,51.6,48.05,51.0,4791024,,,
2009-02-13,52.05,53.3,51.75,52.75,5248783,,,
2009-02-16,53.65,53.65,49.55,50.3,1821589,,,
2009-02-17,50.25,50.25,47.85,48.05,1510168,,,
2009-02-18,48.05,50.05,46.7,49.4,2574405,,,
2009-02-19,49.5,50.6,48.85,49.55,2853236,,,
2009-02-20,48.95,49.35,47.95,48.55,1876665,,,
2009-02-24,48.7,52.1,46.1,51.65,5576110,,,
2009-02-25,52.2,53.95,50.95,51.5,4399375,,,
2009-02-26,51.7,52.55,50.35,52.3,5316398,,,
2009-02-27,51.45,56.55,51.2,54.5,19916378,,,
2009-03-02,51.75,53.2,51.2,52.0,5446623,,,
2009-03-03,52.3,52.55,49.8,50.1,3498149,,,
2009-03-04,51.05,52.0,50.3,51.5,3711051,,,
2009-03-05,52.25,52.25,50.8,51.6,3436746,,,
2009-03-06,50.8,52.3,50.6,52.05,2229043,,,
2009-03-09,52.3,52.3,50.7,51.15,1667378,,,
2009-03-12,52.85,53.15,51.2,52.65,3426533,,,
2009-03-13,53.45,53.7,52.1,53.4,3560494,,,
2009-03-16,53.7,54.35,52.15,53.95,4630768,,,
2009-03-17,54.3,55.0,53.5,54.15,2801929,,,
2009-03-18,48.4,55.3,48.4,53.8,2254416,,,
2009-03-19,51.75,54.4,51.75,54.1,1848599,,,
2009-03-20,53.95,54.75,53.5,54.35,1774433,,,
2009-03-23,53.95,55.7,53.9,55.25,3956849,,,
2009-03-24,55.95,56.3,54.55,55.35,4247932,,,
2009-03-25,54.85,55.7,53.8,54.6,3187574,,,
2009-03-26,56.2,56.2,53.0,54.15,5393483,,,
2009-03-27,54.8,54.8,52.7,53.2,3539085,,,
2009-03-30,54.4,54.4,49.2,53.2,2723771,,,
2009-03-31,55.0,55.0,50.65,53.8,4322223,,,
2009-04-01,56.2,56.2,51.45,51.7,4118368,,,
2009-04-02,52.85,53.45,52.1,52.65,5166686,,,
2009-04-06,52.9,53.6,51.7,52.05,3913891,,,
2009-04-08,51.45,55.5,50.3,54.8,9499978,,,
2009-04-09,55.95,56.8,53.6,53.95,4477495,,,
2009-04-13,54.3,54.8,52.45,53.25,3817354,,,
2009-04-15,52.9,55.0,52.9,54.6,5353421,,,
2009-04-16,55.35,55.55,52.7,53.2,9010790,,,
2009-04-17,54.45,57.15,52.95,54.8,13909652,,,
2009-04-20,56.8,58.45,53.75,57.35,11382658,,,
2009-04-21,57.05,57.5,55.7,56.25,4926113,,,
2009-04-22,57.6,57.6,53.6,54.4,5777185,,,
2009-04-23,54.8,56.75,53.5,56.3,4300383,,,
2009-04-24,57.05,57.15,55.2,56.3,2786267,,,
2009-04-27,56.25,56.25,54.05,54.4,3543156,,,
2009-04-28,55.05,55.65,51.45,51.75,4511717,,,
2009-04-29,52.85,53.2,51.3,52.1,5803543,,,
2009-05-04,53.35,53.95,52.6,52.9,3570013,,,
2009-05-05,53.45,54.55,52.55,53.95,6049164,,,
2009-05-06,54.5,55.45,53.6,54.2,4591617,,,
2009-05-07,54.55,55.1,53.7,54.6,3685679,,,
2009-05-08,54.55,56.8,53.8,54.75,9029409,,,
2009-05-11,54.6,56.2,54.4,54.75,4600120,,,
2009-05-12,55.3,57.2,54.05,56.9,5087822,,,
2009-05-13,57.4,57.65,55.3,55.8,4618499,,,
2009-05-14,56.2,57.05,54.4,55.9,4199442,,,
2009-05-15,55.95,57.35,55.9,56.8,3369595,,,
2009-05-18,64.1,67.5,60.8,65.85,95991,,,
2009-05-19,64.1,69.7,60.2,66.4,10708550,,,
2009-05-20,69.2,73.1,63.0,66.8,6021350,,,
2009-05-21,67.45,69.75,65.55,66.1,6466105,,,
2009-05-22,66.9,69.1,65.55,66.75,4794812,,,
2009-05-25,67.45,67.5,64.8,65.6,3327179,,,
2009-05-26,66.1,66.2,59.3,60.6,6372535,,,
2009-05-27,61.9,64.1,60.6,61.7,5531426,,,
2009-05-28,63.0,64.1,60.25,63.0,10151446,,,
2009-05-29,64.1,65.25,63.3,64.65,7197685,,,
2009-06-01,66.35,67.95,64.3,67.6,7604594,,,
2009-06-02,68.05,69.6,65.35,67.0,5998814,,,
2009-06-03,68.05,71.2,66.4,70.65,10938035,,,
2009-06-04,71.2,71.4,68.5,70.6,6397754,,,
2009-06-05,71.4,72.3,69.1,70.35,7447943,,,
2009-06-08,70.3,71.6,66.75,68.0,4659721,,,
2009-06-09,67.9,68.9,65.45,68.1,3544718,,,
2009-06-10,70.7,70.7,67.85,68.8,3101754,,,
2009-06-11,70.3,70.6,68.2,68.95,4739173,,,
2009-06-12,69.2,69.85,66.45,68.2,4961246,,,
2009-06-15,69.6,69.6,66.7,68.6,3424777,,,
2009-06-16,69.1,69.6,66.5,69.1,2944786,,,
2009-06-17,70.75,70.75,65.85,67.0,4808551,,,
2009-06-18,66.95,67.2,60.6,61.55,8862927,,,
2009-06-19,63.5,63.5,58.6,60.8,6334121,,,
2009-06-22,60.75,61.55,59.05,59.8,6205788,,,
2009-06-23,58.5,61.3,58.1,60.4,5097224,,,
2009-06-24,62.3,62.3,59.8,60.5,6837904,,,
2009-06-25,61.3,62.15,59.35,60.2,12857852,,,
2009-06-26,61.85,62.7,59.65,62.35,9468625,,,
2009-06-29,64.15,64.15,62.2,62.7,9409053,,,
2009-06-30,63.0,63.8,60.65,61.55,6006577,,,
2009-07-01,61.6,62.0,59.05,60.2,5453150,,,
2009-07-02,62.35,62.35,60.05,61.95,6521231,,,
2009-07-03,61.55,64.0,60.35,63.5,8055409,,,
2009-07-06,64.6,66.1,57.7,58.3,9302024,,,
2009-07-07,61.3,61.3,57.95,58.8,3519225,,,
2009-07-08,58.45,58.45,55.5,57.35,5622241,,,
2009-07-09,57.7,58.6,56.35,57.9,3243389,,,
2009-07-10,58.2,59.85,56.85,57.75,2707763,,,
2009-07-13,58.2,59.25,55.85,58.0,3740471,,,
2009-07-14,58.9,61.3,58.3,60.75,3758239,,,
2009-07-15,61.55,62.85,60.85,62.5,2991436,,,
2009-07-16,64.35,64.35,60.75,62.35,3787721,,,
2009-07-17,63.45,63.45,61.95,62.85,2652188,,,
2009-07-20,63.05,64.1,62.3,62.95,1802730,,,
2009-07-21,63.4,63.4,61.05,62.0,1905363,,,
2009-07-22,62.2,63.4,60.5,61.25,2337641,,,
2009-07-23,63.2,64.5,61.35,63.9,4064458,,,
2009-07-24,65.5,65.5,63.05,63.6,2215629,,,
2009-07-27,65.2,65.2,63.3,64.5,2964944,,,
2009-07-28,65.6,65.8,64.2,65.4,3214338,,,
2009-07-29,66.35,66.4,63.45,66.05,4966713,,,
2009-07-30,66.45,67.9,66.2,67.0,9624564,,,
2009-07-31,67.45,68.2,65.7,66.05,3236039,,,
2009-08-03,66.7,67.1,65.7,66.0,2061700,,,
2009-08-04,67.45,67.45,64.95,65.2,2037130,,,
2009-08-05,65.55,65.55,63.55,64.6,2685725,,,
2009-08-06,64.35,65.15,62.85,63.3,3995736,,,
2009-08-07,63.0,64.45,62.5,63.45,2010820,,,
2009-08-10,64.1,64.6,61.7,62.25,1310939,,,
2009-08-11,63.35,63.35,61.45,62.6,1489132,,,
2009-08-12,59.05,62.6,59.05,61.85,1782687,,,
2009-08-13,63.5,63.5,62.2,62.85,1896780,,,
2009-08-14,62.45,64.1,62.45,62.95,3201815,,,
2009-08-17,61.9,62.65,59.6,59.9,4233291,,,
2009-08-18,60.0,61.3,59.05,61.15,2155089,,,
2009-08-19,61.7,61.85,59.5,59.7,1134040,,,
2009-08-20,60.4,60.7,59.9,60.25,726405,,,
2009-08-21,60.2,60.8,59.1,60.6,1392890,,,
2009-08-24,61.3,61.5,60.6,61.1,2093010,,,
2009-08-25,61.85,62.4,61.15,61.85,3174765,,,
2009-08-26,61.9,62.65,61.05,61.55,2503483,,,
2009-08-27,61.55,62.15,60.4,60.8,4235051,,,
2009-08-28,61.2,61.5,59.85,60.5,2530566,,,
2009-08-31,60.15,60.85,59.75,60.5,3008193,,,
2009-09-01,60.7,61.05,59.5,59.9,2512997,,,
2009-09-02,59.6,60.85,59.3,60.7,1976600,,,
2009-09-03,61.3,61.3,59.3,59.8,3060474,,,
2009-09-04,59.95,60.4,58.9,60.25,1981848,,,
2009-09-07,61.3,61.4,59.95,60.2,2773785,,,
2009-09-08,60.55,61.5,60.5,60.8,2341299,,,
2009-09-09,60.75,60.75,59.05,59.3,4529986,,,
2009-09-10,60.05,61.1,59.7,60.4,4137533,,,
2009-09-11,60.85,61.2,60.0,60.85,2512236,,,
2009-09-14,60.45,61.0,60.2,60.75,1289779,,,
2009-09-15,61.1,61.15,60.05,60.4,3572794,,,
2009-09-16,60.8,61.25,60.0,60.65,4085163,,,
2009-09-17,61.0,61.1,60.2,60.8,2550272,,,
2009-09-18,60.2,60.9,60.2,60.7,2141991,,,
2009-09-22,60.75,61.2,60.6,60.75,2099543,,,
2009-09-23,61.1,62.9,60.9,61.95,6123077,,,
2009-09-24,62.45,63.75,61.85,62.65,5710724,,,
2009-09-25,62.45,63.4,62.2,62.6,3236701,,,
2009-09-29,63.55,63.75,62.2,62.4,1885019,,,
2009-09-30,62.55,63.2,61.65,61.85,3145275,,,
2009-10-01,61.95,62.45,61.5,61.7,2595333,,,
2009-10-05,61.3,61.6,60.8,61.3,2164068,,,
2009-10-06,61.7,61.85,60.35,61.55,1621814,,,
2009-10-07,61.9,62.1,60.9,61.2,1964418,,,
2009-10-08,61.3,61.55,60.5,60.7,3472463,,,
2009-10-09,61.05,61.2,60.2,60.7,2358576,,,
2009-10-12,60.75,61.15,60.55,60.9,1012714,,,
2009-10-14,61.5,63.0,60.95,62.5,3830547,,,
2009-10-15,62.5,64.1,62.5,63.25,4259311,,,
2009-10-16,63.55,63.8,62.75,63.0,1863095,,,
2009-10-17,63.05,63.8,62.7,62.9,478527,,,
2009-10-20,62.7,64.0,62.5,62.9,1805074,,,
2009-10-21,62.9,63.4,62.25,62.65,1111564,,,
2009-10-22,62.2,62.65,56.8,61.35,1509122,,,
2009-10-23,61.9,62.2,61.3,62.0,1113541,,,
2009-10-26,61.55,62.45,61.1,61.85,1023770,,,
2009-10-27,61.3,62.0,61.05,61.35,2304521,,,
2009-10-28,61.3,61.3,59.75,60.5,1053657,,,
2009-10-29,59.7,61.3,59.05,59.5,2507219,,,
2009-10-30,60.7,60.7,58.0,58.7,1638083,,,
2009-11-03,58.2,59.45,57.2,57.6,1800368,,,
2009-11-04,58.3,59.0,56.4,58.75,1513288,,,
2009-11-05,58.65,60.2,57.65,59.9,1673569,,,
2009-11-06,60.7,60.95,59.75,60.0,1499503,,,
2009-11-09,60.55,60.6,59.1,60.4,687742,,,
2009-11-10,60.75,60.75,58.8,59.2,1519043,,,
2009-11-11,59.55,61.3,59.05,61.05,1806301,,,
2009-11-12,61.95,61.95,59.35,59.8,3957079,,,
2009-11-13,59.9,60.35,58.55,58.9,2841089,,,
2009-11-16,59.6,60.1,58.55,59.0,3396351,,,
2009-11-17,59.3,59.3,58.35,59.0,2575395,,,
2009-11-18,59.05,59.5,58.55,58.75,1979775,,,
2009-11-19,58.95,59.3,58.55,58.85,2213095,,,
2009-11-20,59.1,60.3,58.9,60.05,2631244,,,
2009-11-23,60.2,60.3,59.3,59.75,1586994,,,
2009-11-24,59.9,59.9,58.25,58.4,3059487,,,
2009-11-25,58.5,59.0,58.4,58.9,1049447,,,
2009-11-26,58.45,58.9,57.7,58.0,3251389,,,
2009-11-27,57.9,58.2,56.5,57.45,4064646,,,
2009-11-30,57.95,58.35,53.5,56.15,19428412,,,
2009-12-01,57.4,58.15,56.25,57.7,5339483,,,
2009-12-02,57.7,58.35,57.25,58.0,2792744,,,
2009-12-03,58.05,58.4,57.85,58.0,2013040,,,
2009-12-04,57.7,58.7,57.5,58.35,2006801,,,
2009-12-07,58.45,58.6,58.15,58.2,2556726,,,
2009-12-08,58.4,59.2,58.05,58.9,2365969,,,
2009-12-09,58.85,59.3,58.4,58.5,1741888,,,
2009-12-10,58.5,59.75,58.5,59.3,1882910,,,
2009-12-11,59.6,60.05,58.9,59.15,1423183,,,
2009-12-14,59.05,59.5,58.8,59.0,820610,,,
2009-12-15,59.15,59.3,58.6,59.0,1326952,,,
2009-12-16,58.8,59.2,58.25,58.8,2026347,,,
2009-12-17,59.6,59.6,58.7,58.9,711522,,,
2009-12-18,58.8,59.2,58.3,58.8,940224,,,
2009-12-21,58.55,59.0,58.4,58.8,736800,,,
2009-12-22,58.9,60.4,58.55,59.9,1825950,,,
2009-12-23,60.2,62.15,60.05,61.6,5361576,,,
2009-12-24,61.55,62.6,60.8,61.2,1985507,,,
2009-12-29,61.7,62.6,61.4,61.7,2014949,,,
2009-12-30,61.55,62.2,61.05,61.25,1061455,,,
2009-12-31,61.7,63.5,61.45,61.95,4941633,,,
2010-01-04,62.0,63.65,61.95,63.2,2448797,,,
2010-01-05,63.55,64.35,63.15,63.4,2460791,,,
2010-01-06,63.9,64.35,63.55,63.85,3121853,,,
2010-01-07,64.1,64.85,63.4,64.45,2551021,,,
2010-01-08,64.7,65.15,64.15,64.6,2143102,,,
2010-01-11,65.25,65.4,64.45,64.65,1710732,,,
2010-01-12,64.25,64.95,63.45,63.7,1445189,,,
2010-01-13,63.7,64.95,62.9,64.65,1868773,,,
2010-01-14,64.95,66.7,64.7,66.0,3795356,,,
2010-01-15,66.55,68.3,66.0,66.75,6341488,,,
2010-01-18,66.8,67.5,65.85,66.15,2298275,,,
2010-01-19,66.1,66.9,65.05,65.4,2808442,,,
2010-01-20,65.4,66.35,65.2,65.8,2079957,,,
2010-01-21,65.55,66.1,63.6,63.95,1999985,,,
2010-01-22,61.9,64.65,61.7,64.3,2780532,,,
2010-01-25,64.3,65.8,63.05,64.9,1638480,,,
2010-01-27,64.9,66.05,63.1,63.75,4642270,,,
2010-01-28,65.2,66.35,60.9,64.1,6525233,,,
2010-01-29,63.5,64.0,62.5,63.4,2247911,,,
2010-02-01,63.15,63.95,63.0,63.5,1169312,,,
2010-02-02,63.8,64.95,63.3,64.0,1950076,,,
2010-02-03,64.1,64.3,63.3,63.5,1128575,,,
2010-02-04,63.3,64.3,62.85,63.0,1268404,,,
2010-02-05,62.2,62.45,60.2,60.4,2470490,,,
2010-02-06,60.75,61.3,60.2,60.6,204308,,,
2010-02-08,61.05,61.3,60.05,61.05,1030116,,,
2010-02-09,60.8,61.3,60.5,60.8,626208,,,
2010-02-10,61.05,61.1,60.2,60.4,575632,,,
2010-02-11,60.45,60.9,60.15,60.2,360269,,,
2010-02-15,60.4,61.05,58.95,59.0,886071,,,
2010-02-16,59.05,60.45,58.95,60.05,671053,,,
2010-02-17,60.45,60.6,60.0,60.2,556754,,,
2010-02-18,60.35,61.55,59.75,60.8,963940,,,
2010-02-19,60.8,60.8,59.9,60.25,712740,,,
2010-02-22,60.4,60.95,60.05,60.2,469780,,,
2010-02-23,60.2,60.3,59.65,59.95,450665,,,
2010-02-24,59.75,60.15,59.45,59.8,509671,,,
2010-02-25,60.2,60.2,59.1,59.9,928189,,,
2010-02-26,60.2,61.3,59.6,60.5,870967,,,
2010-03-02,60.5,61.55,60.2,60.5,439018,,,
2010-03-03,59.9,61.3,59.9,61.1,887680,,,
2010-03-04,61.3,61.55,60.9,61.2,651271,,,
2010-03-05,61.3,61.7,60.75,60.9,431017,,,
2010-03-08,61.3,62.25,61.05,61.9,1124426,,,
2010-03-09,61.9,62.1,61.05,61.2,769813,,,
2010-03-10,61.3,61.7,60.8,61.35,884447,,,
2010-03-11,61.3,62.0,59.7,60.05,2394439,,,
2010-03-12,59.65,60.4,59.35,59.8,4394944,,,
2010-03-15,59.9,59.9,58.6,58.9,1361307,,,
2010-03-16,58.55,59.2,58.25,59.0,950678,,,
2010-03-17,59.1,60.1,59.1,59.8,1162731,,,
2010-03-18,59.35,60.15,57.45,59.7,1269713,,,
2010-03-19,59.6,61.45,59.4,60.85,1892003,,,
2010-03-22,60.2,61.35,60.0,60.5,1225366,,,
2010-03-23,60.6,61.3,60.05,60.7,777178,,,
2010-03-25,61.0,61.0,59.6,59.9,1759579,,,
2010-03-26,59.9,60.45,59.55,60.05,1158745,,,
2010-03-29,60.45,60.55,59.7,60.05,1112468,,,
2010-03-30,60.05,60.45,59.9,60.0,770082,,,
2010-03-31,60.2,60.5,59.25,60.25,967142,,,
2010-04-01,60.45,60.5,59.9,60.0,522202,,,
2010-04-05,60.75,60.9,60.05,60.5,812294,,,
2010-04-06,60.75,60.75,60.15,60.3,1585238,,,
2010-04-07,60.2,62.45,60.2,62.2,2212031,,,
2010-04-08,63.0,63.5,60.8,62.5,2545854,,,
2010-04-09,62.55,62.7,61.5,61.7,1247906,,,
2010-04-12,61.35,62.2,60.8,61.0,480818,,,
2010-04-13,60.45,61.4,60.4,60.6,673282,,,
2010-04-15,61.05,61.3,60.4,60.55,1031909,,,
2010-04-16,60.4,60.85,60.2,60.7,1918151,,,
2010-04-19,60.4,60.7,59.9,60.5,1123397,,,
2010-04-20,60.45,61.25,59.9,60.7,1498041,,,
2010-04-21,60.75,62.55,60.7,61.9,2479686,,,
2010-04-22,61.7,62.8,60.5,61.1,1832584,,,
2010-04-23,61.3,61.9,61.0,61.7,689092,,,
2010-04-26,61.9,62.6,61.7,62.1,677776,,,
2010-04-27,62.0,64.5,61.95,63.7,6591398,,,
2010-04-28,63.3,67.8,60.8,64.65,5059017,,,
2010-04-29,64.1,64.1,61.65,62.15,2978217,,,
2010-04-30,62.7,62.7,61.75,61.9,741638,,,
2010-05-03,61.85,61.85,61.35,61.5,875989,,,
2010-05-04,61.55,61.85,60.25,60.45,588211,,,
2010-05-05,60.2,60.6,59.75,60.35,790004,,,
2010-05-06,59.9,60.45,59.3,60.05,743793,,,
2010-05-07,59.3,60.05,59.1,59.6,2949627,,,
2010-05-10,59.8,61.1,59.75,60.8,630825,,,
2010-05-11,61.3,61.3,59.9,60.05,471690,,,
2010-05-12,60.5,60.55,59.7,60.1,712472,,,
2010-05-13,60.45,61.1,59.9,60.95,906990,,,
2010-05-14,60.35,61.0,59.3,59.8,962977,,,
2010-05-17,59.05,59.6,58.0,58.3,1041549,,,
2010-05-18,59.0,59.0,58.0,58.5,765741,,,
2010-05-19,58.5,58.5,57.45,57.75,1378513,,,
2010-05-20,57.5,58.85,56.95,58.55,1190603,,,
2010-05-21,56.9,58.6,56.45,58.1,805514,,,
2010-05-24,58.3,58.55,57.45,57.8,2142589,,,
2010-05-25,57.4,57.5,56.3,56.8,1474391,,,
2010-05-26,57.9,58.5,57.6,58.05,941871,,,
2010-05-27,58.8,58.8,56.35,57.0,2543890,,,
2010-05-28,57.0,58.45,57.0,58.0,688260,,,
2010-05-31,58.1,58.3,57.45,58.1,2228987,,,
2010-06-01,59.05,59.05,57.85,58.55,1222694,,,
2010-06-02,58.7,58.9,57.95,58.7,600599,,,
2010-06-03,59.0,59.6,58.7,59.4,481122,,,
2010-06-04,59.6,59.7,58.95,59.5,411056,,,
2010-06-07,58.7,59.0,57.4,58.75,624538,,,
2010-06-08,58.75,59.05,57.75,58.0,770474,,,
2010-06-09,58.0,58.4,57.45,57.65,1145781,,,
2010-06-10,57.8,58.35,57.05,57.35,1169941,,,
2010-06-11,57.7,57.95,56.9,57.05,1007684,,,
2010-06-14,57.9,58.1,57.2,58.0,956746,,,
2010-06-15,58.0,58.2,57.7,58.1,589271,,,
2010-06-16,58.1,58.6,57.6,57.75,725594,,,
2010-06-17,57.75,58.1,57.5,57.85,372413,,,
2010-06-18,57.7,58.45,57.35,57.85,625230,,,
2010-06-21,58.05,58.35,57.85,58.15,636638,,,
2010-06-22,58.2,58.35,57.45,57.7,640900,,,
2010-06-23,57.4,57.85,57.35,57.5,762387,,,
2010-06-24,57.45,57.8,56.8,57.05,1310272,,,
2010-06-25,56.85,57.5,56.8,57.0,940975,,,
2010-06-28,57.05,58.35,57.05,58.1,1350735,,,
2010-06-29,58.35,58.9,57.45,57.7,867531,,,
2010-06-30,57.4,58.8,57.15,58.55,1523393,,,
2010-07-01,58.35,58.55,57.7,58.1,815805,,,
2010-07-02,58.3,58.65,58.0,58.25,862966,,,
2010-07-05,57.95,58.45,56.25,57.45,792925,,,
2010-07-06,57.45,57.65,57.25,57.4,430616,,,
2010-07-07,57.95,58.95,57.7,57.75,2306081,,,
2010-07-08,58.5,58.5,57.3,57.4,1208165,,,
2010-07-09,57.7,57.75,57.2,57.35,1167995,,,
2010-07-12,57.45,57.7,56.6,56.8,2356072,,,
2010-07-13,56.7,57.05,56.4,56.8,2124667,,,
2010-07-14,57.35,57.4,56.5,56.6,1647283,,,
2010-07-15,57.05,57.2,56.55,56.65,1998111,,,
2010-07-16,57.05,57.05,56.25,56.45,736779,,,
2010-07-19,55.7,57.05,55.7,56.3,1719055,,,
2010-07-20,56.55,56.6,56.1,56.2,1260802,,,
2010-07-21,56.45,56.45,56.0,56.2,772393,,,
2010-07-22,56.6,57.75,56.25,57.05,3273624,,,
2010-07-23,57.6,57.6,56.6,56.8,1027587,,,
2010-07-26,56.8,57.05,56.25,56.8,1057213,,,
2010-07-27,56.3,57.25,56.3,56.9,1567073,,,
2010-07-28,57.05,57.7,56.65,56.95,1799944,,,
2010-07-29,56.35,57.35,56.1,56.45,1300929,,,
2010-07-30,56.55,56.9,56.3,56.5,723075,,,
2010-08-02,56.8,57.05,56.4,56.55,437945,,,
2010-08-03,56.7,56.7,56.1,56.2,961253,,,
2010-08-04,56.55,56.55,55.5,56.3,1061129,,,
2010-08-05,56.0,56.7,55.4,55.55,848645,,,
2010-08-06,55.85,56.95,55.7,56.0,2206225,,,
2010-08-09,56.65,57.6,56.6,57.45,1774793,,,
2010-08-10,57.9,57.9,56.85,57.05,1143897,,,
2010-08-11,56.8,57.15,56.25,56.3,777984,,,
2010-08-12,56.0,56.35,55.95,56.1,419990,,,
2010-08-13,56.45,57.5,56.05,57.35,1596846,,,
2010-08-16,57.6,60.45,57.6,59.25,5871284,,,
2010-08-17,59.9,60.4,58.85,59.05,2403437,,,
2010-08-18,59.45,59.8,57.75,58.45,1148710,,,
2010-08-19,59.6,59.6,58.0,58.7,1209757,,,
2010-08-20,58.8,59.1,57.95,58.05,759674,,,
2010-08-23,58.35,59.0,57.5,58.7,876747,,,
2010-08-24,59.0,59.0,57.7,58.0,798616,,,
2010-08-25,57.7,58.5,57.55,58.0,961049,,,
2010-08-26,58.45,59.75,57.95,59.3,3836127,,,
2010-08-27,59.6,59.9,58.35,58.7,1866785,,,
2010-08-30,59.3,61.55,59.05,61.15,7087319,,,
2010-08-31,61.3,62.3,60.45,61.2,4079072,,,
2010-09-01,61.2,61.7,60.4,60.85,2309375,,,
2010-09-02,61.35,61.35,60.2,60.5,1168657,,,
2010-09-03,61.0,61.35,60.65,60.75,1139262,,,
2010-09-06,60.2,61.2,60.2,60.8,932086,,,
2010-09-07,61.05,61.05,59.8,60.0,1330185,,,
2010-09-08,60.0,60.2,59.5,59.9,1192291,,,
2010-09-09,60.15,60.2,58.55,58.8,2433208,,,
2010-09-13,59.5,59.9,59.0,59.35,1250458,,,
2010-09-14,59.1,59.8,58.8,59.1,1179429,,,
2010-09-15,59.1,60.4,59.1,60.1,2081417,,,
2010-09-16,60.15,60.7,59.25,59.45,925417,,,
2010-09-17,59.8,59.9,59.05,59.2,2249576,,,
2010-09-20,59.5,59.8,59.3,59.45,932875,,,
2010-09-21,59.9,60.2,59.25,59.45,2344521,,,
2010-09-22,59.5,60.05,59.25,59.55,1423517,,,
2010-09-23,59.4,59.8,58.9,59.1,729027,,,
2010-09-24,59.1,59.5,58.75,59.35,1244266,,,
2010-09-27,60.2,60.2,59.25,59.55,973699,,,
2010-09-28,59.6,60.25,59.4,60.15,1730585,,,
2010-09-29,60.2,62.15,60.2,61.1,6572513,,,
2010-09-30,61.2,61.75,59.7,59.9,2945458,,,
2010-10-01,60.15,61.45,60.15,61.05,2179798,,,
2010-10-04,61.45,62.2,60.7,61.7,2559675,,,
2010-10-05,61.7,63.35,61.65,62.95,5783863,,,
2010-10-06,63.3,63.95,62.4,62.85,3361358,,,
2010-10-07,62.85,63.2,61.0,61.45,3276622,,,
2010-10-08,61.55,62.25,61.1,61.55,1615882,,,
2010-10-11,62.8,62.85,61.55,61.85,1644381,,,
2010-10-12,61.9,61.95,60.85,61.55,747036,,,
2010-10-13,61.75,62.45,61.5,61.8,1567052,,,
2010-10-14,62.1,62.3,59.6,60.15,3490994,,,
2010-10-15,60.2,61.0,59.5,60.05,2151867,,,
2010-10-18,61.0,61.1,59.5,60.05,1496853,,,
2010-10-19,60.3,60.45,58.95,59.25,1409813,,,
2010-10-20,59.5,59.8,58.35,58.65,906307,,,
2010-10-21,59.8,60.2,59.2,59.4,2856255,,,
2010-10-22,60.15,61.2,59.5,60.15,4282751,,,
2010-10-25,60.2,60.7,58.1,58.35,2460352,,,
2010-10-26,58.5,58.7,57.25,57.5,2002410,,,
2010-10-27,57.85,58.1,57.15,57.3,2433526,,,
2010-10-28,57.75,57.75,55.8,56.2,7194083,,,
2010-10-29,56.3,57.4,56.25,56.5,1438361,,,
2010-11-01,56.7,57.2,56.4,56.6,2049797,,,
2010-11-02,56.25,56.5,55.15,56.3,4906171,,,
2010-11-03,56.25,56.6,55.7,56.5,3258331,,,
2010-11-04,56.7,58.7,56.25,57.05,4262651,,,
2010-11-05,57.4,57.9,56.9,57.4,2209169,,,
2010-11-08,54.7,55.9,54.15,55.3,13403586,,,
2010-11-09,55.5,59.05,55.35,58.4,21123236,,,
2010-11-10,58.5,59.2,57.2,57.4,13017721,,,
2010-11-11,57.4,58.35,56.7,56.95,5234435,,,
2010-11-12,56.75,57.35,55.7,56.0,4868649,,,
2010-11-15,56.25,57.8,56.25,56.9,3814601,,,
2010-11-16,57.2,57.2,56.2,56.3,3284843,,,
2010-11-18,56.85,57.5,55.95,57.05,6580441,,,
2010-11-19,56.55,58.1,56.4,57.35,7397462,,,
2010-11-22,56.8,57.35,55.5,57.05,9089715,,,
2010-11-23,55.7,56.5,54.55,55.4,16678690,,,
2010-11-24,54.3,55.3,54.0,54.6,16591273,,,
2010-11-25,53.45,54.7,52.5,54.3,167134120,,,
2010-11-26,53.85,54.4,52.55,54.25,60752060,,,
2010-11-29,53.85,54.0,52.3,52.8,26612960,,,
2010-11-30,52.35,53.5,51.65,53.4,31713780,,,
2010-12-01,53.2,54.7,53.1,54.5,27774588,,,
2010-12-02,54.8,55.7,54.3,55.7,39257476,,,
2010-12-03,55.7,56.45,54.7,56.15,39450149,,,
2010-12-06,56.25,56.4,55.55,56.1,20244483,,,
2010-12-07,55.65,55.95,55.2,55.65,12557606,,,
2010-12-08,55.25,55.55,54.75,55.05,4888666,,,
2010-12-09,55.0,55.3,53.45,53.8,11058369,,,
2010-12-10,53.65,54.25,53.2,54.05,7119513,,,
2010-12-13,54.05,55.3,53.95,55.1,5753547,,,
2010-12-14,55.1,55.4,54.4,54.6,7032841,,,
2010-12-15,54.55,54.75,54.15,54.4,4237257,,,
2010-12-16,54.4,54.4,53.6,54.05,5691132,,,
2010-12-20,53.85,54.6,53.7,53.9,6816312,,,
2010-12-21,54.0,55.2,53.95,54.65,7702537,,,
2010-12-22,54.8,55.3,54.65,55.1,6524373,,,
2010-12-23,54.85,55.2,54.6,54.7,2594059,,,
2010-12-24,54.3,55.1,54.3,55.0,2630620,,,
2010-12-27,54.8,55.0,54.2,54.4,3098692,,,
2010-12-28,54.3,54.5,53.95,54.05,3415433,,,
2010-12-29,54.05,54.3,53.7,53.85,5802165,,,
2010-12-30,53.85,54.85,53.25,54.35,17970754,,,
2010-12-31,54.5,55.4,54.4,55.3,6867383,,,
2011-01-03,55.4,55.55,55.05,55.3,3198645,,,
2011-01-04,55.4,55.65,55.0,55.35,5556777,,,
2011-01-05,55.35,55.6,55.0,55.2,3688825,,,
2011-01-06,55.25,56.1,55.0,55.7,9515665,,,
2011-01-07,55.7,56.2,54.65,55.05,8873898,,,
2011-01-10,55.0,55.45,53.95,54.05,6607745,,,
2011-01-11,54.45,55.1,53.55,54.05,4726603,,,
2011-01-12,54.4,54.8,53.7,54.7,3012875,,,
2011-01-13,54.7,54.8,54.25,54.4,3285003,,,
2011-01-14,54.3,55.75,54.15,54.9,7660790,,,
2011-01-17,54.3,55.1,53.8,55.0,5750250,,,
2011-01-18,54.7,55.65,54.7,55.5,4795372,,,
2011-01-19,55.05,55.7,54.8,55.1,4602173,,,
2011-01-20,54.55,55.7,54.55,55.65,4563782,,,
2011-01-21,55.3,55.7,55.1,55.6,4085723,,,
2011-01-24,55.2,55.85,55.1,55.4,5951414,,,
2011-01-25,55.7,55.95,55.15,55.35,3248007,,,
2011-01-27,55.3,55.95,52.4,55.55,11986031,,,
2011-01-28,55.4,55.55,53.55,54.3,6840734,,,
2011-01-31,53.9,55.35,53.55,54.3,5834473,,,
2011-02-01,54.55,54.9,53.7,53.8,3198274,,,
2011-02-02,54.05,54.3,53.05,53.75,5489726,,,
2011-02-03,53.7,55.65,53.5,55.5,4653190,,,
2011-02-04,55.4,56.35,54.65,54.75,7641970,,,
2011-02-07,54.75,55.4,54.3,55.0,5667580,,,
2011-02-08,55.7,55.7,53.7,53.85,3920205,,,
2011-02-09,54.55,54.7,53.3,53.95,8951780,,,
2011-02-10,53.8,54.7,53.5,53.65,8460605,,,
2011-02-11,54.3,54.8,53.85,54.2,9018066,,,
2011-02-14,54.3,55.85,54.05,55.4,5314679,,,
2011-02-15,55.4,55.85,55.0,55.55,3742421,,,
2011-02-16,55.4,55.55,55.25,55.45,1727333,,,
2011-02-17,55.45,55.65,55.3,55.45,1356097,,,
2011-02-18,55.45,55.7,54.7,55.2,4490350,,,
2011-02-21,54.6,55.7,54.6,55.65,5106792,,,
2011-02-22,55.4,55.65,55.0,55.4,3550247,,,
2011-02-23,55.4,56.4,55.4,56.0,16054865,,,
2011-02-24,55.95,56.25,54.5,55.3,8025658,,,
2011-02-25,55.4,56.2,54.25,55.8,17975050,,,
2011-02-28,56.4,58.7,55.0,55.65,72110146,,,
2011-03-01,55.95,56.3,55.1,55.95,12428736,,,
2011-03-03,55.4,56.8,55.4,55.9,6781331,,,
2011-03-04,55.9,56.2,55.5,55.7,3261213,,,
2011-03-07,55.65,55.65,54.05,55.15,3850368,,,
2011-03-08,55.1,55.65,53.85,55.1,4668706,,,
2011-03-09,55.1,55.4,54.9,55.15,2803553,,,
2011-03-10,55.1,55.65,54.75,55.35,2792070,,,
2011-03-11,54.8,55.45,54.8,55.15,3458392,,,
2011-03-14,54.95,55.7,54.95,55.55,2668284,,,
2011-03-15,55.05,55.3,54.6,55.0,4115298,,,
2011-03-16,55.15,55.7,55.1,55.45,1995860,,,
2011-03-17,55.0,55.4,55.0,55.3,2425792,,,
2011-03-18,55.4,55.7,54.9,55.1,4283220,,,
2011-03-21,55.0,55.2,54.7,54.8,1953594,,,
2011-03-22,55.1,55.1,54.45,54.75,1989022,,,
2011-03-23,54.75,55.3,54.6,54.8,3181001,,,
2011-03-24,55.1,55.25,54.65,55.1,4391768,,,
2011-03-25,55.25,55.35,54.85,55.2,4838959,,,
2011-03-28,55.15,55.9,55.1,55.7,6474278,,,
2011-03-29,55.7,56.45,55.55,56.15,5054255,,,
2011-03-30,56.25,57.0,56.2,56.8,2718329,,,
2011-03-31,56.8,57.85,56.4,57.35,8801686,,,
2011-04-01,57.0,59.3,57.0,59.0,12439676,,,
2011-04-04,58.6,60.35,58.6,59.6,5659208,,,
2011-04-05,59.3,59.8,58.55,59.2,4360658,,,
2011-04-06,59.05,60.15,58.9,59.1,3021629,,,
2011-04-07,59.1,60.0,58.7,59.0,3312448,,,
2011-04-08,59.1,59.3,58.3,59.0,1846142,,,
2011-04-11,58.55,59.0,58.3,58.65,1553148,,,
2011-04-13,58.0,59.5,58.0,59.2,3220375,,,
2011-04-15,59.1,59.5,58.9,59.1,1533781,,,
2011-04-18,59.05,59.7,58.4,58.6,2163844,,,
2011-04-19,58.9,58.9,57.95,58.2,1198543,,,
2011-04-20,58.9,58.9,58.0,58.65,2147009,,,
2011-04-21,58.65,59.05,58.4,58.85,2140249,,,
2011-04-25,58.5,59.3,58.5,58.8,890852,,,
2011-04-26,59.05,59.15,58.0,58.65,2469890,,,
2011-04-27,58.8,59.05,58.35,58.7,1601324,,,
2011-04-28,58.55,58.8,58.3,58.55,2901490,,,
2011-04-29,58.55,59.3,58.3,58.8,2033462,,,
2011-05-02,58.5,60.05,58.5,59.85,3223800,,,
2011-05-03,59.6,59.9,58.3,58.5,2140127,,,
2011-05-04,58.3,58.85,57.7,58.65,2275058,,,
2011-05-05,58.5,58.65,56.7,57.3,2927674,,,
2011-05-06,57.45,58.3,57.35,58.0,1672488,,,
2011-05-09,58.0,58.4,57.7,57.75,1926006,,,
2011-05-10,57.7,58.35,57.4,57.55,718052,,,
2011-05-11,57.45,58.8,57.45,58.55,2910174,,,
2011-05-12,58.55,58.55,56.9,57.05,1237475,,,
2011-05-13,57.0,57.75,56.85,57.0,1906481,,,
2011-05-16,57.15,57.5,57.0,57.25,1487172,,,
2011-05-17,57.25,57.7,57.0,57.05,1148893,,,
2011-05-18,57.25,57.9,56.85,57.0,1864566,,,
2011-05-19,57.05,57.35,55.3,55.6,1424788,,,
2011-05-20,55.5,57.15,55.3,56.8,1102302,,,
2011-05-23,56.4,56.4,55.7,56.0,953392,,,
2011-05-24,56.2,57.05,55.35,55.55,5555356,,,
2011-05-25,55.7,55.95,54.25,54.6,3236089,,,
2011-05-26,54.8,55.1,53.45,53.75,2776116,,,
2011-05-27,53.85,55.1,53.85,54.95,2531269,,,
2011-05-30,55.1,55.85,54.65,55.7,4594003,,,
2011-05-31,55.8,57.05,55.7,56.85,4200555,,,
2011-06-01,56.55,56.95,56.2,56.6,1009666,,,
2011-06-02,56.25,56.9,55.7,55.85,2509352,,,
2011-06-03,55.85,57.35,55.85,56.8,3177797,,,
2011-06-06,56.7,57.2,56.1,57.05,2762043,,,
2011-06-07,56.9,57.2,56.75,57.05,3665290,,,
2011-06-08,56.55,57.05,56.45,57.0,7966636,,,
2011-06-09,56.8,57.3,56.8,57.05,3931404,,,
2011-06-10,57.05,57.25,56.55,56.9,4309633,,,
2011-06-13,56.8,57.95,56.55,57.7,1602800,,,
2011-06-14,57.45,58.5,57.45,58.35,2508049,,,
2011-06-15,58.35,58.4,57.0,57.25,1424871,,,
2011-06-16,57.15,57.7,56.75,57.4,1390929,,,
2011-06-17,57.15,57.95,57.1,57.75,1419955,,,
2011-06-20,57.4,58.35,55.7,57.35,3484387,,,
2011-06-21,57.25,57.65,56.5,57.0,2883693,,,
2011-06-22,57.0,57.6,56.85,57.5,1354940,,,
2011-06-23,57.4,57.8,57.25,57.5,2107427,,,
2011-06-24,57.4,58.55,57.25,58.3,3192281,,,
2011-06-27,57.5,61.5,57.5,60.95,16801536,,,
2011-06-28,61.55,61.85,60.8,61.35,7803161,,,
2011-06-29,61.5,62.2,61.3,61.95,7512954,,,
2011-06-30,61.9,62.7,60.8,61.55,17118433,,,
2011-07-01,61.9,62.3,61.55,62.0,13473977,,,
2011-07-04,62.05,62.65,61.7,62.15,2985201,,,
2011-07-05,61.9,62.05,60.75,61.65,5999533,,,
2011-07-06,61.45,61.7,61.05,61.35,1839396,,,
2011-07-07,61.55,62.0,61.0,61.85,3294513,,,
2011-07-08,61.45,62.3,61.25,61.4,7101951,,,
2011-07-11,61.05,61.2,59.8,60.75,1602517,,,
2011-07-12,60.6,61.3,59.9,60.85,1661866,,,
2011-07-13,60.9,62.6,60.85,62.0,2148437,,,
2011-07-14,61.55,62.0,60.9,61.35,5894651,,,
2011-07-15,60.95,63.1,60.95,62.0,4636585,,,
2011-07-18,62.15,62.4,61.35,61.5,1173026,,,
2011-07-19,61.1,62.05,61.1,61.8,1671854,,,
2011-07-20,61.7,62.15,61.25,61.4,2349799,,,
2011-07-21,61.3,61.55,60.25,60.75,1692161,,,
2011-07-22,60.75,61.95,60.4,61.6,1895088,,,
2011-07-25,61.55,61.55,60.4,61.05,4179133,,,
2011-07-26,60.75,61.8,60.35,61.3,3245959,,,
2011-07-27,61.1,61.4,59.9,60.25,4057982,,,
2011-07-28,59.7,60.2,58.3,59.35,7821766,,,
2011-07-29,58.5,60.55,57.55,59.1,5494515,,,
2011-08-01,59.1,61.1,59.1,60.45,2628257,,,
2011-08-02,60.4,60.9,60.05,60.7,1822049,,,
2011-08-03,59.9,60.55,58.0,58.9,7200160,,,
2011-08-04,59.4,60.15,58.4,58.8,3903451,,,
2011-08-05,56.55,58.35,56.3,57.5,6792616,,,
2011-08-08,55.4,58.4,55.35,57.65,7715656,,,
2011-08-09,55.7,58.35,55.7,57.35,4066308,,,
2011-08-10,57.7,58.7,57.4,58.25,2883885,,,
2011-08-11,57.55,58.65,57.5,57.95,3543230,,,
2011-08-12,58.35,58.85,57.95,58.3,3611897,,,
2011-08-16,58.55,59.0,58.0,58.3,2386603,,,
2011-08-17,57.75,58.9,57.75,58.0,4179890,,,
2011-08-18,58.2,58.4,57.2,57.75,2874594,,,
2011-08-19,56.25,57.7,56.0,56.85,2950767,,,
2011-08-22,56.8,58.3,56.1,58.05,1721091,,,
2011-08-23,58.1,58.7,56.8,56.9,1596056,,,
2011-08-24,57.6,57.8,56.4,57.4,3874708,,,
2011-08-25,57.4,57.7,55.7,56.1,7738882,,,
2011-08-26,56.1,56.25,54.35,54.8,5223897,,,
2011-08-29,54.7,56.3,54.55,56.2,3569133,,,
2011-08-30,56.8,56.85,55.85,56.35,2149822,,,
2011-09-02,58.05,59.05,55.3,55.9,4593517,,,
2011-09-05,55.75,55.95,54.4,54.65,4175212,,,
2011-09-06,54.5,54.5,53.0,53.6,8352467,,,
2011-09-07,53.85,55.0,53.8,54.45,6483633,,,
2011-09-08,54.9,55.0,53.6,54.1,3965197,,,
2011-09-09,54.05,54.5,53.7,54.05,3815259,,,
2011-09-12,53.5,53.85,52.55,53.05,2965104,,,
2011-09-13,53.35,53.6,53.0,53.2,2268683,,,
2011-09-14,53.5,53.6,52.6,53.4,2389640,,,
2011-09-15,53.55,54.2,52.85,54.0,4659456,,,
2011-09-16,54.2,56.4,53.85,56.05,3855137,,,
2011-09-19,55.35,56.4,54.85,55.1,2093188,,,
2011-09-20,55.0,56.2,55.0,55.55,2474813,,,
2011-09-21,55.3,56.1,55.2,55.85,1227453,,,
2011-09-22,55.35,55.4,53.85,54.15,2133097,,,
2011-09-23,53.7,54.7,53.25,54.05,2031814,,,
2011-09-26,54.05,54.25,53.2,53.6,1057863,,,
2011-09-27,54.25,54.75,53.75,54.4,716131,,,
2011-09-28,54.45,54.9,53.95,54.75,2474022,,,
2011-09-29,54.45,55.65,54.05,54.8,5321787,,,
2011-09-30,54.55,55.7,54.55,55.4,3907579,,,
2011-10-03,55.1,55.2,54.1,54.75,4228348,,,
2011-10-04,54.45,55.15,53.8,53.9,1541496,,,
2011-10-05,54.05,54.6,53.7,53.95,1970799,,,
2011-10-07,54.5,55.6,54.3,54.7,2495070,,,
2011-10-10,54.35,55.35,54.35,55.15,4683622,,,
2011-10-11,55.4,55.7,54.8,55.5,2837801,,,
2011-10-12,56.1,56.15,55.2,55.7,2759494,,,
2011-10-13,55.7,56.2,55.3,55.9,1986678,,,
2011-10-14,55.55,56.3,55.4,55.65,2834539,,,
2011-10-17,55.55,55.8,54.75,55.05,903214,,,
2011-10-18,54.55,55.5,54.55,55.2,1139600,,,
2011-10-19,55.7,56.55,55.4,56.2,2894575,,,
2011-10-20,55.7,56.2,55.5,55.7,1620872,,,
2011-10-21,55.55,56.3,55.3,55.7,1196816,,,
2011-10-24,56.4,56.95,56.3,56.65,1875801,,,
2011-10-25,56.7,58.9,56.6,58.45,4278299,,,
2011-10-26,58.15,59.0,58.15,58.45,471362,,,
2011-10-28,59.3,60.75,58.1,59.05,4783829,,,
2011-10-31,59.05,59.4,58.15,59.0,2565738,,,
2011-11-01,58.65,59.15,57.95,58.3,1212433,,,
2011-11-02,57.95,58.45,57.6,58.0,1366710,,,
2011-11-03,58.2,58.8,58.0,58.55,1505678,,,
2011-11-04,59.05,59.05,58.15,58.4,1164832,,,
2011-11-08,58.4,58.5,58.15,58.4,519252,,,
2011-11-09,58.5,58.9,58.15,58.25,1880337,,,
2011-11-11,58.2,59.5,57.95,59.3,4357866,,,
2011-11-14,59.5,60.2,58.8,59.25,4576535,,,
2011-11-15,58.55,59.45,58.1,58.3,1463874,,,
2011-11-16,57.75,59.25,57.75,58.6,3127433,,,
2011-11-17,58.2,59.25,57.8,58.0,2567433,,,
2011-11-18,57.95,58.2,55.3,56.8,3921428,,,
2011-11-21,55.95,56.8,55.35,55.7,3220543,,,
2011-11-22,55.95,55.95,54.6,55.1,3230215,,,
2011-11-23,54.75,55.0,52.95,53.5,2765398,,,
2011-11-24,53.95,54.3,53.25,53.6,5696700,,,
2011-11-25,53.8,54.7,53.3,54.2,4347034,,,
2011-11-28,54.6,55.0,54.1,54.6,3057805,,,
2011-11-29,54.8,55.0,53.45,53.55,3026208,,,
2011-11-30,53.7,56.2,53.6,55.7,7657574,,,
2011-12-01,56.25,57.4,55.95,56.25,2375148,,,
2011-12-02,56.3,58.5,56.2,58.15,3210607,,,
2011-12-05,57.5,58.2,57.3,57.75,1663858,,,
2011-12-07,57.4,58.8,57.3,58.0,3361153,,,
2011-12-08,57.9,58.15,55.7,55.9,3267678,,,
2011-12-09,54.85,55.55,54.6,55.4,2417043,,,
2011-12-12,55.7,55.9,53.85,54.35,4590341,,,
2011-12-13,54.2,56.2,53.8,55.7,2239847,,,
2011-12-14,55.65,55.95,54.0,54.2,3249185,,,
2011-12-15,53.4,56.45,53.4,55.9,7297476,,,
2011-12-16,55.85,57.0,54.35,55.2,7081831,,,
2011-12-19,54.35,56.2,54.15,55.75,2711657,,,
2011-12-20,55.95,55.95,54.4,54.85,3752246,,,
2011-12-21,55.4,55.6,54.55,55.1,5771140,,,
2011-12-22,55.0,56.8,54.8,56.6,1944227,,,
2011-12-23,56.55,57.35,56.0,56.95,1827907,,,
2011-12-26,56.6,56.85,56.35,56.75,716334,,,
2011-12-27,56.65,56.7,54.65,55.65,2355225,,,
2011-12-28,55.8,56.8,55.35,56.35,1898837,,,
2011-12-29,56.25,56.55,55.8,56.25,1645247,,,
2011-12-30,56.25,56.7,55.9,56.3,1174376,,,
2012-01-02,56.05,56.4,55.4,56.25,1047077,,,
2012-01-03,56.45,57.0,56.25,56.8,1897279,,,
2012-01-04,56.7,57.5,55.9,57.05,2103345,,,
2012-01-05,57.05,57.5,56.6,57.0,3031345,,,
2012-01-06,56.9,57.0,55.6,56.1,4128979,,,
2012-01-07,56.2,56.4,56.05,56.2,64216,,,
2012-01-09,55.7,57.25,55.7,57.05,1332279,,,
2012-01-10,56.85,58.1,56.85,57.7,1808993,,,
2012-01-11,57.75,57.75,56.2,56.35,2462327,,,
2012-01-12,57.05,57.05,55.95,56.55,2296432,,,
2012-01-13,56.6,57.5,56.55,57.35,3243660,,,
2012-01-16,56.7,57.35,56.1,56.3,2756023,,,
2012-01-17,56.55,56.95,56.3,56.55,5866201,,,
2012-01-18,56.75,56.95,55.3,55.7,3541172,,,
2012-01-19,56.0,56.9,55.7,56.2,4655511,,,
2012-01-20,56.25,57.5,56.2,57.05,3870901,,,
2012-01-23,57.4,58.1,56.6,56.8,10435091,,,
2012-01-24,56.7,57.05,56.3,56.55,5748692,,,
2012-01-25,56.85,57.05,56.0,56.75,7408956,,,
2012-01-27,57.05,59.0,56.9,58.0,5521867,,,
2012-01-30,57.4,58.2,56.95,57.2,2386820,,,
2012-01-31,57.4,58.95,57.15,58.55,5806141,,,
2012-02-01,58.7,58.7,57.75,57.9,6051218,,,
2012-02-02,58.05,59.65,57.75,59.1,6500622,,,
2012-02-03,59.35,60.9,59.25,60.15,6708718,,,
2012-02-06,60.6,61.55,59.8,61.3,5110026,,,
2012-02-07,61.55,62.0,60.1,60.6,3419643,,,
2012-02-08,61.1,62.3,59.7,60.6,6473505,,,
2012-02-09,61.9,62.2,60.7,61.2,6468631,,,
2012-02-10,60.4,61.45,59.6,60.4,4832334,,,
2012-02-13,59.8,62.2,59.8,61.7,8779981,,,
2012-02-14,61.55,62.0,61.15,61.55,3226050,,,
2012-02-15,61.55,63.6,61.5,62.25,8960650,,,
2012-02-16,62.0,63.15,61.45,62.25,2172617,,,
2012-02-17,63.0,63.8,62.45,62.85,4806291,,,
2012-02-21,62.75,63.0,62.0,62.2,3900539,,,
2012-02-22,62.05,63.4,61.7,61.85,3303143,,,
2012-02-23,61.65,64.2,61.65,63.4,10134552,,,
2012-02-24,63.6,64.8,63.45,64.3,6163879,,,
2012-02-27,64.7,64.7,62.5,62.75,6337156,,,
2012-02-28,63.0,63.8,62.3,62.9,5296770,,,
2012-02-29,63.15,64.1,63.0,63.55,4494982,,,
2012-03-01,62.9,63.9,62.7,63.3,1562282,,,
2012-03-02,63.2,63.55,62.6,63.15,1784623,,,
2012-03-03,62.9,63.3,62.8,62.95,48282,,,
2012-03-05,62.95,63.2,61.4,62.0,2052733,,,
2012-03-06,62.0,62.9,61.65,62.5,2563870,,,
2012-03-07,61.9,62.0,60.05,61.1,8712397,,,
2012-03-09,61.35,62.3,61.35,61.95,2167156,,,
2012-03-12,62.45,62.9,61.8,62.35,2882303,,,
2012-03-13,62.6,63.05,61.9,62.6,5473710,,,
2012-03-14,63.15,63.8,62.75,63.35,2474282,,,
2012-03-15,63.15,63.75,61.7,62.05,2538926,,,
2012-03-16,62.2,63.0,60.35,60.65,2071590,,,
2012-03-19,60.85,61.0,59.3,60.7,1853006,,,
2012-03-20,60.7,61.2,59.9,60.45,1920231,,,
2012-03-21,60.4,61.55,60.0,61.15,1929530,,,
2012-03-22,60.75,61.1,59.25,59.8,2220764,,,
2012-03-23,59.95,60.85,59.5,60.6,2051856,,,
2012-03-26,60.2,60.45,59.2,59.6,2688038,,,
2012-03-27,60.2,60.25,58.95,59.5,3282077,,,
2012-03-28,59.8,60.15,59.2,59.75,2742313,,,
2012-03-29,59.75,59.9,59.05,59.5,6862273,,,
2012-03-30,59.5,61.5,59.5,60.8,4806425,,,
2012-04-02,60.8,61.5,60.55,61.1,4880408,,,
2012-04-03,61.4,62.2,61.05,61.95,2006302,,,
2012-04-04,61.9,62.6,61.45,62.35,2165816,,,
2012-04-09,61.95,62.35,61.05,61.7,2517348,,,
2012-04-10,61.7,62.6,61.35,62.1,2586599,,,
2012-04-11,61.35,63.0,61.35,62.85,2263417,,,
2012-04-12,62.8,64.0,62.5,62.85,2870421,,,
2012-04-13,63.0,63.75,62.2,63.0,3713901,,,
2012-04-16,62.95,63.4,62.6,62.9,2447365,,,
2012-04-17,62.5,64.1,62.45,63.9,5330825,,,
2012-04-18,64.0,64.85,63.7,64.05,2498246,,,
2012-04-19,63.8,64.7,63.75,64.5,1404026,,,
2012-04-20,64.25,64.9,63.75,64.05,1563051,,,
2012-04-23,63.8,64.45,62.0,62.3,2168331,,,
2012-04-24,62.5,62.7,61.45,61.9,1783053,,,
2012-04-25,61.75,62.15,60.6,61.0,1901454,,,
2012-04-26,61.5,62.3,60.35,60.8,2462175,,,
2012-04-27,60.85,61.9,60.6,60.9,1105647,,,
2012-04-28,60.75,61.3,60.55,61.1,46248,,,
2012-04-30,60.8,63.05,60.8,62.6,1799662,,,
2012-05-02,62.3,62.9,61.35,61.65,2144010,,,
2012-05-03,61.3,61.55,60.8,61.1,816893,,,
2012-05-04,60.8,61.1,59.7,60.05,3187426,,,
2012-05-07,59.85,60.2,58.05,59.5,2568100,,,
2012-05-08,59.5,60.25,59.1,59.5,1664674,,,
2012-05-09,59.1,59.8,58.35,58.65,1356925,,,
2012-05-10,58.55,59.25,57.4,57.7,2219872,,,
2012-05-11,57.7,57.95,56.35,57.0,1906395,,,
2012-05-14,56.8,57.25,56.35,56.95,1256494,,,
2012-05-15,56.85,58.1,56.3,57.9,1965421,,,
2012-05-16,57.5,59.25,56.8,58.8,2494887,,,
2012-05-17,59.05,60.05,58.4,58.9,2367335,,,
2012-05-18,58.4,59.7,57.7,59.1,2776136,,,
2012-05-21,59.0,59.6,58.1,58.45,838896,,,
2012-05-22,58.7,58.8,58.0,58.35,1328651,,,
2012-05-23,58.45,59.0,57.5,58.3,1736746,,,
2012-05-24,58.7,59.5,57.65,59.25,1201322,,,
2012-05-25,58.8,59.05,58.35,58.55,813713,,,
2012-05-28,58.2,60.4,58.2,59.85,501041,,,
2012-05-29,60.6,60.9,59.5,60.4,2925762,,,
2012-05-30,60.35,60.55,59.3,59.7,2277314,,,
2012-05-31,59.15,60.2,59.1,59.7,4518935,,,
2012-06-01,59.3,59.6,57.95,58.3,2130654,,,
2012-06-04,57.95,58.75,57.45,58.55,1838192,,,
2012-06-05,59.0,60.3,58.8,59.6,6971615,,,
2012-06-06,59.6,62.5,59.6,61.7,5340537,,,
2012-06-07,61.7,62.3,60.45,60.8,2380410,,,
2012-06-08,60.65,61.05,59.5,60.2,2248808,,,
2012-06-11,60.75,61.05,60.2,60.35,1240534,,,
2012-06-12,60.15,60.8,59.65,60.55,1899307,,,
2012-06-13,60.45,60.9,60.0,60.5,1404409,,,
2012-06-14,60.2,60.8,59.05,59.5,3752993,,,
2012-06-15,59.75,60.05,59.3,59.65,5786394,,,
2012-06-18,59.9,60.45,59.5,60.2,1702691,,,
2012-06-19,60.2,61.85,59.95,61.15,5482685,,,
2012-06-20,60.95,61.85,60.75,61.0,4996486,,,
2012-06-21,60.45,61.85,60.15,61.7,2296690,,,
2012-06-22,61.3,62.25,61.15,61.9,4124399,,,
2012-06-25,61.7,62.15,60.35,60.7,2867135,,,
2012-06-26,60.4,61.9,60.4,61.8,1120633,,,
2012-06-27,61.9,62.65,61.35,61.75,3221730,,,
2012-06-28,61.9,62.3,61.1,61.7,1734499,,,
2012-06-29,62.05,64.45,62.0,63.85,4211378,,,
2012-07-02,63.9,64.1,63.15,63.35,1481877,,,
2012-07-03,63.75,63.8,62.5,62.8,2301375,,,
2012-07-04,62.9,63.8,62.6,63.55,1722241,,,
2012-07-05,63.55,64.6,63.3,64.3,1592047,,,
2012-07-06,64.1,64.45,63.05,63.55,2136218,,,
2012-07-09,63.5,63.55,63.05,63.45,1348518,,,
2012-07-10,62.95,64.0,62.85,63.65,1799956,,,
2012-07-11,63.4,64.45,63.4,63.95,1633081,,,
2012-07-12,63.9,63.9,63.05,63.25,1534726,,,
2012-07-13,63.35,63.55,62.85,63.05,940924,,,
2012-07-16,62.85,63.7,62.5,63.4,1771228,,,
2012-07-17,63.45,63.6,62.95,63.15,1354260,,,
2012-07-18,63.05,63.3,62.3,62.55,1415394,,,
2012-07-19,62.95,63.45,62.7,63.0,1221468,,,
2012-07-20,62.6,63.3,62.3,62.6,889519,,,
2012-07-23,62.25,62.45,61.35,61.5,1534769,,,
2012-07-24,61.4,63.2,61.3,62.4,4706388,,,
2012-07-25,62.25,62.65,61.05,62.3,3448980,,,
2012-07-26,62.4,63.3,62.0,62.85,5726984,,,
2012-07-27,63.75,64.7,63.05,64.3,2691755,,,
2012-07-30,64.4,66.7,64.1,66.45,5824528,,,
2012-07-31,66.5,67.9,66.45,66.9,7332077,,,
2012-08-01,66.7,67.2,66.15,66.95,2878170,,,
2012-08-02,66.45,67.1,66.35,66.45,2909369,,,
2012-08-03,66.0,67.0,65.6,66.5,2245718,,,
2012-08-06,66.9,68.1,66.7,67.75,2243856,,,
2012-08-07,67.65,68.0,66.25,66.7,3093459,,,
2012-08-08,66.8,67.1,66.5,66.9,3253197,,,
2012-08-09,67.0,67.65,66.55,67.0,2421520,,,
2012-08-10,66.9,68.35,66.5,67.25,2759632,,,
2012-08-13,66.95,67.65,66.45,67.45,1561008,,,
2012-08-14,66.75,68.0,66.75,67.55,1980214,,,
2012-08-16,67.5,68.95,66.8,67.6,1894888,,,
2012-08-17,67.7,68.05,65.4,66.2,2306468,,,
2012-08-21,65.85,67.65,65.55,67.25,1633876,,,
2012-08-22,66.7,67.3,66.5,66.9,1118270,,,
2012-08-23,67.1,67.1,65.7,66.1,2616921,,,
2012-08-24,65.8,66.55,65.35,65.85,2857808,,,
2012-08-27,65.7,66.75,65.65,66.5,729159,,,
2012-08-28,66.7,69.2,66.5,68.3,2450426,,,
2012-08-29,68.6,69.15,66.5,67.0,3569495,,,
2012-08-30,66.9,69.2,66.5,68.5,5455146,,,
2012-08-31,68.5,68.5,66.8,67.2,3608267,,,
2012-09-03,67.6,68.6,67.55,68.35,2188949,,,
2012-09-04,68.05,70.1,68.05,69.7,4841665,,,
2012-09-05,69.2,70.0,68.8,69.0,2914734,,,
2012-09-06,69.0,69.0,67.1,68.1,1158220,,,
2012-09-07,68.95,69.1,68.3,68.6,726986,,,
2012-09-08,68.25,68.6,68.2,68.5,54490,,,
2012-09-10,68.25,69.2,68.05,68.6,1317974,,,
2012-09-11,68.2,68.6,67.6,68.0,756998,,,
2012-09-12,68.3,68.6,67.6,68.3,1601389,,,
2012-09-13,67.9,68.95,67.8,68.15,1446848,,,
2012-09-14,68.6,69.1,66.9,67.5,7604636,,,
2012-09-17,67.95,68.1,65.8,66.15,7124174,,,
2012-09-18,66.2,67.4,65.8,66.2,4729957,,,
2012-09-20,65.25,66.5,65.25,65.65,3544842,,,
2012-09-21,65.95,68.05,65.95,67.65,4897827,,,
2012-09-24,67.6,68.3,66.1,66.45,4271336,,,
2012-09-25,66.8,67.1,65.0,66.05,6600156,,,
2012-09-26,65.8,66.35,65.4,65.8,5232530,,,
2012-09-27,65.85,66.55,65.3,65.65,7019259,,,
2012-09-28,66.1,67.9,66.1,67.8,4976575,,,
2012-10-01,67.55,68.05,66.8,67.55,2890143,,,
2012-10-03,67.5,68.05,66.0,66.2,6825359,,,
2012-10-04,66.5,66.95,65.55,66.4,4082537,,,
2012-10-05,66.8,67.0,53.55,66.5,6516528,,,
2012-10-08,66.4,67.2,65.85,66.75,3829434,,,
2012-10-09,67.0,67.8,66.3,67.6,2928188,,,
2012-10-10,67.4,67.9,66.4,67.2,4183063,,,
2012-10-11,67.5,67.85,66.7,67.0,3080597,,,
2012-10-12,66.95,67.7,64.7,67.45,1601686,,,
2012-10-15,67.3,68.0,66.65,66.85,4055012,,,
2012-10-16,67.0,67.35,66.5,66.7,2253543,,,
2012-10-17,67.15,67.5,66.7,67.35,1484960,,,
2012-10-18,67.5,68.0,67.15,67.85,1420733,,,
2012-10-19,67.5,67.8,66.95,67.15,1773602,,,
2012-10-22,66.65,67.05,66.35,66.7,2619643,,,
2012-10-23,66.45,66.75,66.0,66.1,2213576,,,
2012-10-25,66.25,66.4,65.3,65.6,6778140,,,
2012-10-26,65.45,65.7,63.8,64.05,2776226,,,
2012-10-29,64.2,65.0,64.2,64.65,1194454,,,
2012-10-30,64.7,64.9,63.45,63.7,1446089,,,
2012-10-31,63.95,64.45,63.6,64.1,1041764,,,
2012-11-01,64.9,66.05,64.9,65.8,2544998,,,
2012-11-02,66.15,66.5,65.85,66.4,2658640,,,
2012-11-05,66.35,66.4,65.7,65.85,2043080,,,
2012-11-06,66.2,67.45,65.55,67.3,2654162,,,
2012-11-07,67.2,67.85,66.95,67.5,2640817,,,
2012-11-08,66.9,67.1,66.5,66.85,1690424,,,
2012-11-09,66.75,68.0,66.6,67.25,3104164,,,
2012-11-12,67.3,67.9,67.3,67.5,3367525,,,
2012-11-13,67.3,67.8,67.0,67.15,220699,,,
2012-11-15,67.0,67.65,66.75,67.45,6343799,,,
2012-11-16,67.4,67.45,66.5,67.0,4473446,,,
2012-11-19,67.0,67.7,66.75,67.55,2633977,,,
2012-11-20,67.6,68.9,67.6,68.7,3277160,,,
2012-11-21,68.7,68.9,67.1,67.6,4528470,,,
2012-11-22,67.65,67.9,66.75,67.0,1837131,,,
2012-11-23,67.2,68.05,66.85,67.35,1580486,,,
2012-11-26,67.5,67.85,67.0,67.7,1651006,,,
2012-11-27,67.8,68.0,66.5,66.7,3996868,,,
2012-11-29,66.7,67.0,65.8,66.35,8765880,,,
2012-11-30,66.5,66.85,66.0,66.35,5617176,,,
2012-12-03,66.45,67.0,66.1,66.9,3257855,,,
2012-12-04,66.9,68.05,66.75,67.75,4773842,,,
2012-12-05,67.9,68.2,66.95,67.6,4495403,,,
2012-12-06,67.8,67.85,66.75,67.55,2187190,,,
2012-12-07,67.65,67.75,66.45,66.75,1784403,,,
2012-12-10,66.8,67.0,66.4,66.7,1504425,,,
2012-12-11,66.95,67.05,66.0,66.1,2831898,,,
2012-12-12,66.35,66.55,65.7,65.95,3534675,,,
2012-12-13,66.35,66.8,66.15,66.5,4346921,,,
2012-12-14,66.5,66.5,65.1,65.4,3429862,,,
2012-12-17,65.4,65.95,64.95,65.45,2199926,,,
2012-12-18,65.8,66.35,65.3,65.85,2561375,,,
2012-12-19,66.1,66.2,64.85,65.35,3451648,,,
2012-12-20,65.8,65.8,64.95,65.15,1193513,,,
2012-12-21,65.0,65.1,64.45,64.5,1717567,,,
2012-12-24,64.6,65.2,64.05,64.35,1212803,,,
2012-12-26,64.6,65.35,64.45,64.9,1667040,,,
2012-12-27,64.9,65.25,63.6,63.8,4198581,,,
2012-12-28,64.35,64.9,63.15,63.8,3623399,,,
2012-12-31,63.8,64.7,63.8,64.55,859877,,,
2013-01-01,64.75,65.0,64.0,64.05,3598385,,,
2013-01-02,64.2,64.6,63.5,63.6,6088468,,,
2013-01-03,64.0,64.55,63.65,64.2,4369572,,,
2013-01-04,64.45,64.75,63.85,64.65,4148426,,,
2013-01-07,64.7,64.75,63.85,64.35,3235184,,,
2013-01-08,64.15,65.65,64.1,65.5,4020413,,,
2013-01-09,65.65,65.8,64.7,65.0,4617197,,,
2013-01-10,65.1,65.6,63.8,64.1,3084180,,,
2013-01-11,64.2,64.25,63.5,63.65,3967785,,,
2013-01-14,63.6,64.3,62.85,63.05,5832826,,,
2013-01-15,63.3,63.6,62.35,62.5,4124988,,,
2013-01-16,62.45,63.2,62.1,63.05,7160550,,,
2013-01-17,63.05,63.6,62.6,63.4,4905502,,,
2013-01-18,63.4,64.95,63.0,64.65,6433459,,,
2013-01-21,64.3,64.7,63.7,64.1,3244428,,,
2013-01-22,64.2,64.85,63.45,63.8,2870338,,,
2013-01-23,64.1,64.45,62.75,63.05,2320461,,,
2013-01-24,63.1,63.3,62.25,62.4,4273494,,,
2013-01-25,62.0,62.8,62.0,62.45,3305731,,,
2013-01-28,62.5,63.15,61.7,62.95,2548556,,,
2013-01-29,62.8,63.8,62.55,63.05,5025248,,,
2013-01-30,63.0,63.45,62.35,62.7,3763767,,,
2013-01-31,62.55,62.95,61.65,62.0,5974331,,,
2013-02-01,61.95,62.55,61.85,62.15,3675280,,,
2013-02-04,62.2,62.85,62.2,62.55,2334622,,,
2013-02-05,62.3,62.4,61.4,61.65,1229031,,,
2013-02-06,61.9,62.25,61.3,61.5,1604667,,,
2013-02-07,61.55,63.2,61.55,62.8,2845737,,,
2013-02-08,63.0,63.45,62.2,62.6,2904113,,,
2013-02-11,62.7,63.4,62.05,63.3,2115533,,,
2013-02-12,62.85,64.9,62.65,63.5,5510550,,,
2013-02-13,64.7,64.7,61.5,61.85,4399340,,,
2013-02-14,61.9,62.1,58.4,59.5,8349653,,,
2013-02-15,58.85,59.8,58.2,59.45,4769469,,,
2013-02-18,59.2,61.55,59.2,60.9,4680815,,,
2013-02-19,60.9,61.1,60.3,61.0,4772572,,,
2013-02-20,61.05,61.7,60.4,60.8,4480141,,,
2013-02-21,60.65,61.3,59.8,60.1,3636467,,,
2013-02-22,60.5,61.55,60.2,61.35,7905507,,,
2013-02-25,61.55,63.15,61.45,63.05,8990751,,,
2013-02-26,62.95,62.95,62.0,62.4,9908355,,,
2013-02-27,62.7,62.9,61.1,61.3,5378385,,,
2013-02-28,61.65,61.9,57.4,58.65,6471760,,,
2013-03-01,59.5,61.3,58.65,60.7,5436337,,,
2013-03-04,60.75,61.55,59.8,61.0,3282417,,,
2013-03-05,61.05,61.3,59.9,61.1,2442693,,,
2013-03-06,61.1,61.3,60.4,60.55,1320806,,,
2013-03-07,60.25,61.2,60.25,60.85,2128766,,,
2013-03-08,61.3,61.95,60.8,61.9,3299337,,,
2013-03-11,61.85,62.3,61.3,62.1,2178013,,,
2013-03-12,62.2,62.2,60.8,61.45,3222998,,,
2013-03-13,61.35,62.0,61.2,61.75,2691400,,,
2013-03-14,61.65,61.9,61.15,61.7,2769589,,,
2013-03-15,61.55,61.9,61.0,61.3,2765966,,,
2013-03-18,61.3,61.3,61.05,61.15,2021538,,,
2013-03-19,61.3,61.55,59.1,60.2,2922745,,,
2013-03-20,59.9,60.15,58.4,58.7,2826987,,,
2013-03-21,58.5,59.25,56.75,57.15,2768216,,,
2013-03-22,57.2,58.05,56.75,57.65,4867763,,,
2013-03-25,58.15,58.8,57.95,58.45,2343868,,,
2013-03-26,58.2,59.25,58.2,59.05,2119183,,,
2013-03-28,59.0,59.85,58.55,59.5,2550449,,,
2013-04-01,59.2,59.9,58.9,59.3,951264,,,
2013-04-02,59.6,60.55,59.1,59.9,2617108,,,
2013-04-03,59.55,59.95,59.35,59.75,1328485,,,
2013-04-04,59.5,59.9,58.4,58.8,2089082,,,
2013-04-05,58.35,59.05,58.35,58.9,4615460,,,
2013-04-08,59.05,59.6,58.2,58.55,1741993,,,
2013-04-09,58.8,59.75,57.8,58.1,1290326,,,
2013-04-10,58.25,58.95,57.9,58.85,1071892,,,
2013-04-11,58.95,58.95,58.0,58.25,1873118,,,
2013-04-12,58.0,59.55,58.0,59.3,1023367,,,
2013-04-15,59.05,59.05,58.3,58.55,1473478,,,
2013-04-16,58.55,60.7,58.5,60.15,1432432,,,
2013-04-17,60.15,60.8,59.8,60.15,2123792,,,
2013-04-18,59.7,60.7,59.2,60.2,2857881,,,
2013-04-22,59.8,62.2,59.8,61.55,3137130,,,
2013-04-23,61.3,61.9,61.1,61.7,1660340,,,
2013-04-25,61.35,63.15,60.75,61.8,3995986,,,
2013-04-26,62.0,62.25,61.55,62.0,1922265,,,
2013-04-29,61.6,62.65,61.6,62.15,2960779,,,
2013-04-30,62.0,63.65,61.55,63.1,3179588,,,
2013-05-02,62.6,64.95,62.6,64.65,4380660,,,
2013-05-03,64.1,64.8,62.8,63.0,1962678,,,
2013-05-06,62.75,63.5,62.3,63.05,883607,,,
2013-05-07,62.95,64.0,62.1,63.4,2416255,,,
2013-05-08,63.4,64.75,63.4,64.55,2600524,,,
2013-05-09,64.7,64.8,63.45,63.8,1934717,,,
2013-05-10,63.5,64.45,63.0,63.2,1906156,,,
2013-05-11,63.0,63.4,62.95,63.1,34063,,,
2013-05-13,62.8,63.55,62.65,63.1,1961149,,,
2013-05-14,63.15,64.75,63.15,64.3,2918118,,,
2013-05-15,64.45,65.0,63.55,64.0,4274427,,,
2013-05-16,63.7,64.85,63.7,64.1,4411905,,,
2013-05-17,64.1,65.8,64.0,65.3,2376999,,,
2013-05-20,65.25,65.3,64.1,64.3,3404073,,,
2013-05-21,64.2,64.65,62.9,63.4,2194513,,,
2013-05-22,63.55,63.6,62.95,63.4,2418859,,,
2013-05-23,63.05,63.5,61.3,61.65,3046871,,,
2013-05-24,62.3,62.3,60.8,61.3,2416205,,,
2013-05-27,61.4,63.4,61.3,63.05,1111664,,,
2013-05-28,63.2,64.0,62.95,63.3,2220385,,,
2013-05-29,63.5,64.1,63.1,63.8,2319545,,,
2013-05-30,63.7,64.7,63.05,64.35,2708231,,,
2013-05-31,64.65,64.7,63.4,63.75,4618147,,,
2013-06-03,63.75,63.8,62.25,62.65,1314592,,,
2013-06-04,62.55,64.05,62.55,63.7,3565942,,,
2013-06-05,63.3,63.5,62.95,63.25,1654740,,,
2013-06-06,62.85,63.35,62.85,63.05,2104497,,,
2013-06-07,62.5,63.4,62.15,62.25,1897422,,,
2013-06-10,62.45,62.7,61.75,61.9,2350144,,,
2013-06-11,61.5,62.9,60.4,60.7,2806287,,,
2013-06-12,60.75,61.55,60.3,60.75,1116780,,,
2013-06-13,60.35,61.0,59.25,59.5,1867979,,,
2013-06-14,59.8,61.55,59.6,61.35,3060421,,,
2013-06-17,61.35,61.55,60.2,60.85,990849,,,
2013-06-18,60.75,61.7,60.4,61.0,1462215,,,
2013-06-19,60.7,60.85,60.1,60.45,1776648,,,
2013-06-20,60.3,60.4,59.35,59.55,2214359,,,
2013-06-21,59.45,60.55,59.05,60.3,4556765,,,
2013-06-24,59.95,61.05,59.1,59.6,4345985,,,
2013-06-25,59.75,60.2,57.4,58.0,3299092,,,
2013-06-26,57.8,59.85,57.65,59.6,5578849,,,
2013-06-27,59.9,60.75,59.55,59.9,5694774,,,
2013-06-28,60.2,63.05,60.2,62.6,7849869,,,
2013-07-01,62.2,63.75,62.2,63.5,2745225,,,
2013-07-02,63.05,63.45,62.2,62.6,2720309,,,
2013-07-03,62.3,62.3,60.65,60.9,1801999,,,
2013-07-04,61.05,61.55,59.8,60.55,2946948,,,
2013-07-05,60.75,61.3,60.05,60.5,1618911,,,
2013-07-08,60.45,60.45,58.95,59.25,2854540,,,
2013-07-09,59.8,61.9,59.55,61.8,3164897,,,
2013-07-10,62.15,62.5,60.7,60.8,3831205,,,
2013-07-11,61.85,62.65,61.4,62.05,3250747,,,
2013-07-12,62.25,62.3,60.8,62.0,2013905,,,
2013-07-15,61.85,62.4,61.35,61.9,1641478,,,
2013-07-16,60.9,62.4,60.9,62.0,1393404,,,
2013-07-17,61.95,63.1,61.75,62.4,5563646,,,
2013-07-18,62.2,62.85,62.0,62.45,3274208,,,
2013-07-19,62.9,62.9,62.2,62.6,2560944,,,
2013-07-22,62.25,62.9,62.0,62.5,1415226,,,
2013-07-23,63.15,63.15,61.4,61.95,3046043,,,
2013-07-24,61.35,62.25,61.15,61.9,1459240,,,
2013-07-25,62.2,62.85,59.8,61.95,2366141,,,
2013-07-26,62.2,62.3,60.8,60.95,3037460,,,
2013-07-29,61.4,61.7,60.4,60.8,1156996,,,
2013-07-30,60.8,60.85,58.9,59.35,743888,,,
2013-07-31,58.55,59.05,55.3,56.85,3403207,,,
2013-08-01,56.7,58.45,55.7,57.85,2502195,,,
2013-08-02,55.7,56.45,48.7,51.4,17445798,,,
2013-08-05,51.7,53.3,49.35,52.5,8887069,,,
2013-08-06,52.3,53.7,52.0,52.6,8090192,,,
2013-08-07,52.9,53.4,52.05,52.5,3216209,,,
2013-08-08,52.75,54.55,52.55,54.0,3813118,,,
2013-08-12,54.3,54.8,53.2,53.5,5317147,,,
2013-08-13,53.4,54.3,52.9,54.05,1269404,,,
2013-08-14,54.0,55.2,53.75,54.6,5099757,,,
2013-08-16,54.6,55.7,53.7,55.1,9368333,,,
2013-08-19,54.6,55.0,53.3,54.3,2836181,,,
2013-08-20,54.3,54.55,53.35,54.25,3059519,,,
2013-08-21,54.5,55.6,54.4,54.9,9850885,,,
2013-08-22,54.55,55.55,54.05,55.2,6356054,,,
2013-08-23,55.0,55.25,54.35,55.0,10854846,,,
2013-08-26,55.0,55.4,54.7,55.1,13730827,,,
2013-08-27,55.1,58.1,53.3,53.85,7574657,,,
2013-08-28,53.45,54.45,51.8,52.8,6411646,,,
2013-08-29,52.7,55.4,52.7,54.75,8737780,,,
2013-08-30,54.5,55.3,52.75,54.95,4636448,,,
2013-09-02,55.0,55.95,54.7,55.7,8664362,,,
2013-09-03,55.95,56.25,52.95,53.8,2743347,,,
2013-09-04,53.2,54.5,52.95,54.2,2728381,,,
2013-09-05,54.85,56.5,53.45,54.1,5482245,,,
2013-09-06,53.95,56.5,53.5,55.65,3960697,,,
2013-09-10,55.85,58.25,55.85,57.5,4906960,,,
2013-09-11,57.35,57.9,55.15,55.7,2896921,,,
2013-09-12,55.95,56.6,55.3,55.7,3042880,,,
2013-09-13,55.4,56.35,55.4,56.1,3561568,,,
2013-09-16,56.1,58.45,55.8,57.7,7922663,,,
2013-09-17,57.4,57.7,55.4,57.1,3331721,,,
2013-09-18,56.55,57.05,55.65,56.5,2607325,,,
2013-09-19,57.8,58.55,55.85,56.5,5739560,,,
2013-09-20,56.65,57.7,56.55,57.15,8600659,,,
2013-09-23,56.3,56.8,55.6,55.85,2098231,,,
2013-09-24,55.4,56.2,55.15,55.75,4671113,,,
2013-09-25,55.7,56.75,55.25,56.55,2897173,,,
2013-09-26,56.25,56.4,55.4,55.9,3820301,,,
2013-09-27,55.9,56.5,55.4,55.65,2573837,,,
2013-09-30,55.25,55.65,54.4,55.15,3241768,,,
2013-10-01,55.3,55.8,55.1,55.7,2263606,,,
2013-10-03,56.25,56.4,55.45,56.2,6281254,,,
2013-10-04,55.95,55.95,55.0,55.1,9229880,,,
2013-10-07,54.85,55.25,54.3,55.15,2049699,,,
2013-10-08,55.45,55.55,55.0,55.3,3938276,,,
2013-10-09,54.8,55.9,54.8,55.7,3271136,,,
2013-10-10,55.7,56.0,55.3,55.85,2275492,,,
2013-10-11,56.0,56.2,55.5,55.65,1459447,,,
2013-10-14,55.7,56.2,55.3,56.0,2018698,,,
2013-10-15,56.05,56.3,55.3,55.65,3693471,,,
2013-10-17,55.55,56.15,54.6,54.9,4003605,,,
2013-10-18,55.4,56.25,54.6,55.95,8826095,,,
2013-10-21,55.95,56.2,55.7,55.95,1137960,,,
2013-10-22,55.9,58.3,55.9,57.35,5193454,,,
2013-10-23,57.9,58.1,56.4,56.6,2013462,,,
2013-10-24,56.8,57.1,55.25,55.7,4053983,,,
2013-10-25,56.0,56.65,55.3,56.35,2970792,,,
2013-10-28,56.4,56.8,55.3,55.55,2973981,,,
2013-10-29,55.45,56.8,55.1,56.5,3986029,,,
2013-10-30,56.6,56.65,56.25,56.3,1850330,,,
2013-10-31,56.8,57.7,55.6,57.0,4640098,,,
2013-11-01,57.0,57.35,54.9,55.1,5409322,,,
2013-11-03,55.35,55.6,55.3,55.35,335031,,,
2013-11-05,55.0,55.15,53.2,53.5,9994108,,,
2013-11-06,53.6,54.4,53.6,54.15,5379856,,,
2013-11-07,53.95,54.15,53.2,53.5,5596330,,,
2013-11-08,53.0,54.25,52.7,54.05,3615429,,,
2013-11-11,53.95,54.2,53.0,53.95,4007184,,,
2013-11-12,53.95,54.1,53.3,53.6,3214426,,,
2013-11-13,53.35,54.15,53.2,54.0,2764367,,,
2013-11-14,54.05,54.4,53.85,54.0,1310575,,,
2013-11-18,54.15,54.4,53.85,54.2,2374150,,,
2013-11-19,53.8,54.2,53.05,53.5,3532769,,,
2013-11-20,53.2,53.7,52.6,52.7,2822597,,,
2013-11-21,52.9,53.0,52.1,52.55,2408171,,,
2013-11-22,52.4,53.0,52.4,52.85,4228300,,,
2013-11-25,52.7,53.2,52.7,52.95,4683289,,,
2013-11-26,52.7,53.25,52.5,53.0,4319558,,,
2013-11-27,52.7,53.25,51.7,51.8,2627355,,,
2013-11-28,51.9,53.45,51.55,53.25,12340035,,,
2013-11-29,53.05,53.8,52.55,53.5,11234571,,,
2013-12-02,51.8,53.25,51.8,52.65,6827923,,,
2013-12-03,52.55,52.9,52.4,52.7,6085824,,,
2013-12-04,52.65,53.95,52.5,53.8,12270217,,,
2013-12-05,54.3,54.4,53.5,54.15,7974607,,,
2013-12-06,53.95,56.2,53.95,55.65,14610273,,,
2013-12-09,55.95,57.3,55.4,57.0,17235229,,,
2013-12-10,57.0,57.05,54.55,55.35,16157405,,,
2013-12-11,54.8,55.4,54.65,55.1,4213768,,,
2013-12-12,55.0,55.25,54.8,55.1,5578051,,,
2013-12-13,54.7,55.2,54.6,54.8,6892033,,,
2013-12-16,54.55,55.9,54.45,55.7,12262822,,,
2013-12-17,55.35,55.85,55.05,55.5,10202237,,,
2013-12-18,53.45,57.2,53.3,56.25,88146388,,,
2013-12-19,54.8,56.8,54.15,55.85,286173629,,,
2013-12-20,55.55,56.4,55.3,55.9,30955799,,,
2013-12-23,55.7,56.2,55.4,56.1,15621936,,,
2013-12-24,55.95,56.1,55.4,55.4,9369550,,,
2013-12-26,55.2,56.0,54.75,55.7,32945175,,,
2013-12-27,55.7,56.3,55.25,56.15,9708321,,,
2013-12-30,55.9,56.35,55.45,55.7,5932576,,,
2013-12-31,55.7,56.25,55.6,56.2,7245586,,,
2014-01-01,56.2,56.2,55.75,55.95,1792257,,,
2014-01-02,56.3,57.6,56.25,57.35,16723346,,,
2014-01-03,57.35,57.8,56.3,56.6,6030050,,,
2014-01-06,56.8,56.8,55.7,56.2,3714326,,,
2014-01-07,56.2,56.25,55.4,55.55,7173768,,,
2014-01-08,55.4,55.95,55.4,55.55,5992789,,,
2014-01-09,55.55,55.95,55.4,55.6,7295617,,,
2014-01-10,55.95,55.95,54.3,54.8,12188622,,,
2014-01-13,54.45,55.35,54.45,55.1,6623537,,,
2014-01-14,55.1,55.4,54.65,54.8,3522541,,,
2014-01-15,54.85,55.95,54.6,54.8,4628819,,,
2014-01-16,55.1,55.5,54.95,55.3,8533114,,,
2014-01-17,55.1,55.3,54.4,54.7,6316862,,,
2014-01-20,54.55,55.65,54.55,55.4,7341050,,,
2014-01-21,55.2,55.55,55.0,55.05,6541602,,,
2014-01-22,55.1,55.65,55.05,55.2,6927453,,,
2014-01-23,55.1,55.4,54.9,55.15,3159612,,,
2014-01-24,55.0,55.5,55.0,55.2,6734980,,,
2014-01-27,54.8,55.65,53.9,54.3,7108564,,,
2014-01-28,54.3,54.55,54.15,54.35,4228311,,,
2014-01-29,54.4,54.5,53.65,53.85,2912136,,,
2014-01-30,53.85,54.15,53.45,53.8,15923325,,,
2014-01-31,54.0,54.0,53.55,53.7,8487386,,,
2014-02-03,53.5,54.4,53.4,53.55,2521535,,,
2014-02-04,53.5,54.1,53.3,53.6,4633370,,,
2014-02-05,53.25,54.5,53.25,54.4,4568278,,,
2014-02-06,54.0,54.3,53.6,54.1,4722864,,,
2014-02-07,54.1,55.05,53.9,54.8,3655075,,,
2014-02-10,54.75,55.1,54.4,54.55,2133505,,,
2014-02-11,54.6,54.8,53.7,53.8,2820365,,,
2014-02-12,53.95,54.2,53.6,53.85,3115231,,,
2014-02-13,53.75,53.95,53.4,53.45,3683843,,,
2014-02-14,53.55,53.6,53.4,53.6,8299362,,,
2014-02-17,53.5,53.9,53.5,53.75,2673374,,,
2014-02-18,53.8,54.05,53.7,53.85,2737172,,,
2014-02-19,53.75,53.9,53.2,53.4,1577688,,,
2014-02-20,53.2,53.8,53.0,53.5,2891908,,,
2014-02-21,53.6,53.85,53.5,53.6,2506718,,,
2014-02-24,53.6,53.6,52.9,53.5,2879127,,,
2014-02-25,53.5,53.8,53.4,53.6,2279327,,,
2014-02-26,53.7,54.1,53.35,53.55,11841288,,,
2014-02-28,53.5,53.65,52.45,53.2,15413344,,,
2014-03-03,52.95,53.6,52.8,53.25,8647752,,,
2014-03-04,53.0,54.35,52.85,54.05,5293389,,,
2014-03-05,54.1,54.4,53.65,54.2,3029493,,,
2014-03-06,54.2,55.3,54.05,54.9,4473127,,,
2014-03-07,54.7,55.95,54.7,55.7,7364336,,,
2014-03-10,55.55,55.9,55.0,55.65,6494928,,,
2014-03-11,55.35,55.7,55.2,55.6,4372580,,,
2014-03-12,55.3,55.55,55.0,55.4,8579968,,,
2014-03-13,55.4,56.25,55.2,55.55,6933544,,,
2014-03-14,55.3,56.25,55.1,55.3,6670758,,,
2014-03-18,55.4,57.35,55.4,57.05,8726024,,,
2014-03-19,57.0,58.2,57.0,57.5,7268172,,,
2014-03-20,57.2,57.5,55.7,55.9,3405750,,,
2014-03-21,56.15,57.85,56.0,56.75,12098714,,,
2014-03-22,56.8,57.15,56.6,56.95,155275,,,
2014-03-24,56.8,58.6,56.8,58.05,5600709,,,
2014-03-25,57.7,59.6,57.7,59.4,7953535,,,
2014-03-26,59.6,59.9,58.3,58.5,3827946,,,
2014-03-27,58.5,59.85,58.5,59.3,11751971,,,
2014-03-28,59.25,60.9,58.95,60.45,3919167,,,
2014-03-31,60.3,60.9,58.8,59.05,3713666,,,
2014-04-01,59.3,61.55,59.1,60.75,7477287,,,
2014-04-02,60.8,61.35,60.35,61.0,4963284,,,
2014-04-03,60.8,61.65,60.15,61.1,3575117,,,
2014-04-04,61.15,61.15,59.8,59.95,4072780,,,
2014-04-07,60.0,60.9,59.5,60.15,3514412,,,
2014-04-09,60.2,60.4,59.35,60.05,3743342,,,
2014-04-10,60.15,60.85,59.75,60.65,5323872,,,
2014-04-11,60.3,60.7,60.25,60.55,3538342,,,
2014-04-15,60.35,60.85,60.05,60.7,5064847,,,
2014-04-16,60.6,60.85,59.5,60.6,5749198,,,
2014-04-17,60.45,60.45,59.7,60.3,6141683,,,
2014-04-21,60.05,60.85,59.5,59.6,2784656,,,
2014-04-22,59.75,59.9,58.7,59.6,4921361,,,
2014-04-23,59.6,60.15,59.2,59.4,6244543,,,
2014-04-25,59.3,59.8,58.85,59.3,3170018,,,
2014-04-28,59.2,59.9,58.95,59.7,2356632,,,
2014-04-29,60.05,60.4,59.15,59.4,5053537,,,
2014-04-30,59.5,60.7,59.0,59.5,5377989,,,
2014-05-02,59.4,59.9,58.55,58.8,1486465,,,
2014-05-05,58.65,59.4,58.45,59.1,1100104,,,
2014-05-06,59.0,59.15,57.4,57.7,2422295,,,
2014-05-07,57.75,58.3,57.4,57.7,3854181,,,
2014-05-08,58.15,58.9,57.7,58.25,3662658,,,
2014-05-09,58.4,60.35,58.25,60.1,11142081,,,
2014-05-12,59.9,63.55,59.9,62.7,4815515,,,
2014-05-13,63.2,64.9,63.05,63.5,7993282,,,
2014-05-14,63.5,64.1,62.7,63.0,4942434,,,
2014-05-15,62.75,65.0,60.9,64.4,9878745,,,
2014-05-16,65.85,70.7,65.85,67.2,19900878,,,
2014-05-19,67.65,70.45,67.65,68.8,14082465,,,
2014-05-20,69.7,71.8,69.15,70.3,12677741,,,
2014-05-21,69.75,70.8,69.2,70.0,5745255,,,
2014-05-22,69.8,71.4,69.25,70.55,9593686,,,
2014-05-23,70.9,74.25,67.55,73.6,12904691,,,
2014-05-26,74.05,75.8,69.2,72.1,13357888,,,
2014-05-27,70.65,72.3,69.75,71.4,6238825,,,
2014-05-28,71.45,71.45,69.9,70.25,7450960,,,
2014-05-29,70.8,71.45,70.0,70.35,8326976,,,
2014-05-30,70.6,71.2,67.6,68.6,39325100,,,
2014-06-02,68.8,71.05,68.75,70.45,7519140,,,
2014-06-03,70.3,71.2,69.5,70.45,10334654,,,
2014-06-04,70.45,70.85,69.65,69.9,13079110,,,
2014-06-05,70.7,72.3,70.6,71.4,10926061,,,
2014-06-06,71.95,72.2,70.9,72.1,8410058,,,
2014-06-09,72.5,80.2,72.1,77.25,23568839,,,
2014-06-10,78.4,79.3,75.7,76.45,12916932,,,
2014-06-11,76.45,77.15,74.0,75.2,8172994,,,
2014-06-12,75.15,77.35,74.35,76.75,8868917,,,
2014-06-13,77.25,77.95,73.1,75.05,5872307,,,
2014-06-16,74.8,74.8,72.95,74.15,6491510,,,
2014-06-17,73.7,75.8,73.7,75.1,9425438,,,
2014-06-18,75.4,76.8,73.95,75.35,7459948,,,
2014-06-19,75.4,75.95,73.5,73.8,2758812,,,
2014-06-20,74.2,75.0,73.5,74.4,5119300,,,
2014-06-23,74.25,75.1,73.55,73.9,5599914,,,
2014-06-24,74.8,75.1,74.2,74.5,6112361,,,
2014-06-25,74.25,74.95,73.9,74.5,8096138,,,
2014-06-26,74.85,75.1,74.0,74.55,11012581,,,
2014-06-27,74.8,77.3,73.95,76.8,11989943,,,
2014-06-30,77.5,78.85,77.25,78.3,18768252,,,
2014-07-01,78.75,79.7,77.9,78.75,9945749,,,
2014-07-02,79.1,80.3,79.1,79.5,8793619,,,
2014-07-03,79.7,79.9,78.25,79.05,6060085,,,
2014-07-04,79.0,82.3,78.5,81.1,6621642,,,
2014-07-07,81.8,82.65,81.05,82.15,7458285,,,
2014-07-08,82.1,82.35,76.5,77.5,8408294,,,
2014-07-09,77.6,78.4,75.25,76.6,4854255,,,
2014-07-10,77.05,78.6,73.1,77.35,10087636,,,
2014-07-11,77.25,78.1,73.5,74.6,6367317,,,
2014-07-14,74.6,76.9,74.1,75.35,4452393,,,
2014-07-15,75.65,76.45,74.85,76.0,5477410,,,
2014-07-16,76.1,77.2,75.0,76.65,3606212,,,
2014-07-17,76.55,78.4,76.3,78.0,5020004,,,
2014-07-18,77.55,77.7,76.45,77.1,2895851,,,
2014-07-21,77.1,77.6,76.7,77.0,2619356,,,
2014-07-22,77.05,77.5,75.75,76.35,3906336,,,
2014-07-23,76.75,77.75,76.05,76.65,4089154,,,
2014-07-24,76.6,76.8,75.4,75.75,3342511,,,
2014-07-25,75.7,76.3,74.3,75.8,4629926,,,
2014-07-28,75.95,76.3,74.35,74.95,3029696,,,
2014-07-30,74.8,76.45,74.8,75.75,4824886,,,
2014-07-31,75.5,75.75,74.5,74.85,10733393,,,
2014-08-01,74.8,74.8,72.7,73.0,6008770,,,
2014-08-04,73.7,75.75,72.2,74.5,13112971,,,
2014-08-05,74.8,75.4,73.7,74.5,9071403,,,
2014-08-06,74.2,75.9,73.9,75.4,5550251,,,
2014-08-07,75.8,76.7,75.3,75.7,6416053,,,
2014-08-08,75.2,75.45,73.4,74.2,3237233,,,
2014-08-11,75.25,75.25,73.1,74.2,4030420,,,
2014-08-12,74.3,74.8,73.7,74.4,2507484,,,
2014-08-13,74.25,75.5,73.6,74.4,4409167,,,
2014-08-14,75.1,75.4,74.55,74.95,2586810,,,
2014-08-18,74.6,76.1,74.45,75.8,3178094,,,
2014-08-19,76.0,77.55,75.05,76.8,4231211,,,
2014-08-20,76.9,77.4,76.65,77.1,6543551,,,
2014-08-21,76.9,77.1,76.3,76.75,2867600,,,
2014-08-22,76.8,77.0,75.35,75.45,2232840,,,
2014-08-25,75.5,75.7,74.25,74.5,3998895,,,
2014-08-26,74.2,74.8,73.35,73.7,4418916,,,
2014-08-27,73.5,74.35,71.95,72.8,7976090,,,
2014-08-28,72.85,73.3,71.7,72.7,13773864,,,
2014-09-01,72.0,74.7,71.55,74.5,4078247,,,
2014-09-02,74.15,74.95,73.85,74.55,5054366,,,
2014-09-03,74.9,75.1,73.9,74.65,4624187,,,
2014-09-04,74.3,75.7,73.45,75.45,4805380,,,
2014-09-05,75.75,76.2,74.8,75.65,3131131,,,
2014-09-08,75.95,76.3,74.1,74.85,3836468,,,
2014-09-09,75.15,75.95,75.1,75.4,3650805,,,
2014-09-10,75.2,76.85,75.2,76.6,3146758,,,
2014-09-11,76.8,77.75,76.1,77.55,3548975,,,
2014-09-12,77.25,77.55,75.75,76.0,4234927,,,
2014-09-15,75.4,77.25,75.3,76.9,2210103,,,
2014-09-16,76.65,77.5,75.7,76.45,3619671,,,
2014-09-17,76.8,76.85,75.25,76.6,2881551,,,
2014-09-18,76.4,77.55,76.0,76.8,9526166,,,
2014-09-19,76.35,78.25,76.35,77.0,9634509,,,
2014-09-22,76.95,77.3,76.2,77.05,3943508,,,
2014-09-23,77.3,77.85,76.35,76.8,5821547,,,
2014-09-24,76.6,77.3,76.1,76.45,3632571,,,
2014-09-25,76.5,77.1,76.1,76.5,9059825,,,
2014-09-26,76.55,77.3,76.0,77.05,2945413,,,
2014-09-29,77.05,78.8,76.8,78.5,4541229,,,
2014-09-30,78.15,78.2,75.45,76.1,7285892,,,
2014-10-01,76.5,77.6,75.75,76.45,4457461,,,
2014-10-07,76.45,77.5,75.9,77.2,4976771,,,
2014-10-08,77.05,78.1,76.95,77.55,2583593,,,
2014-10-09,77.7,78.15,77.25,77.65,5202441,,,
2014-10-10,77.3,77.55,76.3,76.55,6536064,,,
2014-10-13,75.85,76.7,75.7,75.85,5853647,,,
2014-10-14,76.0,76.9,75.55,76.55,7968012,,,
2014-10-16,76.5,76.6,74.55,75.35,6335989,,,
2014-10-17,75.9,76.2,75.1,75.45,3112071,,,
2014-10-20,75.1,76.8,75.1,76.0,4431638,,,
2014-10-21,76.35,79.25,76.0,78.7,3772632,,,
2014-10-22,79.3,79.6,78.15,78.65,6532194,,,
2014-10-23,78.8,79.05,78.5,78.7,195048,,,
2014-10-27,79.3,81.8,78.8,79.9,6200481,,,
2014-10-28,79.7,80.4,78.65,80.2,3943885,,,
2014-10-29,80.65,81.0,78.75,80.2,7533033,,,
2014-10-30,79.9,81.7,79.65,81.25,8743042,,,
2014-10-31,81.25,82.3,80.95,82.0,6831627,,,
2014-11-03,82.45,84.4,81.3,81.5,7668536,,,
2014-11-05,81.4,82.05,79.9,80.15,2980616,,,
2014-11-07,79.95,81.8,79.95,81.5,2524865,,,
2014-11-10,81.55,84.05,80.3,83.3,5824159,,,
2014-11-11,83.8,84.9,82.65,83.05,4703801,,,
2014-11-12,82.65,83.0,79.9,80.4,3548949,,,
2014-11-13,80.95,81.75,80.45,81.4,6171336,,,
2014-11-14,80.95,82.05,80.45,81.1,3444234,,,
2014-11-17,81.2,82.7,80.8,82.55,2769723,,,
2014-11-18,82.65,84.25,82.1,83.45,3642427,,,
2014-11-19,83.65,84.4,81.7,82.5,3055492,,,
2014-11-20,82.25,82.7,81.15,82.2,2019682,,,
2014-11-21,81.8,82.7,81.8,82.45,3051463,,,
2014-11-24,81.45,81.8,79.45,80.15,3731227,,,
2014-11-25,79.3,79.3,76.45,78.2,31243342,,,
2014-11-26,77.95,79.05,77.65,78.25,3229871,,,
2014-11-27,78.4,80.0,78.4,79.15,2521224,,,
2014-11-28,79.3,80.8,78.45,80.25,2598432,,,
2014-12-01,79.85,80.4,77.5,77.8,1393395,,,
2014-12-02,77.6,78.3,77.5,77.65,1322385,,,
2014-12-03,77.6,78.2,77.0,77.2,4847491,,,
2014-12-04,77.1,77.45,76.3,76.8,2540536,,,
2014-12-05,76.65,77.75,76.5,76.9,3206282,,,
2014-12-08,76.9,77.8,76.2,76.45,1733162,,,
2014-12-09,76.15,77.0,75.7,75.9,2709825,,,
2014-12-10,75.7,77.5,75.5,77.2,2089358,,,
2014-12-11,77.55,77.6,75.8,76.45,1812647,,,
2014-12-12,76.6,76.7,75.1,75.8,2707135,,,
2014-12-15,75.2,76.05,74.8,75.65,1570483,,,
2014-12-16,75.1,75.85,74.3,74.85,2706277,,,
2014-12-17,74.6,75.55,72.9,73.7,3802717,,,
2014-12-18,74.3,75.0,72.85,74.0,3234628,,,
2014-12-19,74.6,76.6,73.45,76.4,2725413,,,
2014-12-22,76.45,77.2,75.8,77.0,2119167,,,
2014-12-23,76.95,78.6,76.75,78.2,3737261,,,
2014-12-24,78.15,78.15,75.45,76.65,4902706,,,
2014-12-26,77.95,78.6,76.8,77.1,1299518,,,
2014-12-29,77.6,78.35,76.9,77.05,799636,,,
2014-12-30,77.6,77.95,77.2,77.45,1207162,,,
2014-12-31,77.8,78.8,77.3,77.6,2227809,,,
2015-01-01,77.6,77.75,77.0,77.1,438096,,,
2015-01-02,77.15,78.4,77.15,78.05,2032228,,,
2015-01-05,77.95,78.8,76.6,78.15,4101387,,,
2015-01-06,77.65,77.8,75.45,76.4,4662543,,,
2015-01-07,75.95,77.95,75.1,77.5,1831602,,,
2015-01-08,77.6,78.15,76.65,77.8,1370588,,,
2015-01-09,77.8,78.45,77.0,77.9,1169800,,,
2015-01-12,77.4,78.3,76.2,76.8,2059299,,,
2015-01-13,76.8,77.5,76.1,76.45,1603524,,,
2015-01-14,76.4,77.0,75.8,76.55,2215696,,,
2015-01-15,76.8,80.8,76.8,80.4,3614292,,,
2015-01-16,80.3,83.8,79.2,82.9,4625155,,,
2015-01-19,82.75,83.8,81.2,83.2,2859021,,,
2015-01-20,83.8,84.4,82.6,82.9,3456624,,,
2015-01-21,82.9,83.3,82.15,82.65,1611670,,,
2015-01-22,82.7,85.15,82.5,83.45,3946926,,,
2015-01-23,83.7,84.4,82.8,84.1,2559074,,,
2015-01-27,83.4,84.95,82.8,84.35,3402034,,,
2015-01-28,84.65,85.3,83.8,84.1,3065063,,,
2015-01-29,84.3,84.35,83.0,83.7,3894592,,,
2015-01-30,83.55,84.7,82.1,83.25,1740457,,,
2015-02-02,82.85,83.6,82.1,83.2,1365302,,,
2015-02-03,83.8,84.05,82.45,82.8,742508,,,
2015-02-04,82.95,83.95,82.05,82.3,979216,,,
2015-02-05,82.3,82.65,80.25,80.8,1380048,,,
2015-02-06,80.1,81.55,79.65,80.7,1362844,,,
2015-02-09,80.45,80.7,78.75,79.6,1412491,,,
2015-02-10,78.85,82.25,78.75,81.6,2240223,,,
2015-02-11,82.1,83.75,81.55,82.0,3189759,,,
2015-02-12,83.7,85.5,82.15,84.5,4374474,,,
2015-02-13,85.35,85.9,84.0,85.2,4651941,,,
2015-02-16,85.5,86.85,85.5,85.9,2131697,,,
2015-02-18,85.6,87.2,85.1,87.05,2269487,,,
2015-02-19,87.1,87.2,85.0,86.8,1523263,,,
2015-02-20,86.55,87.1,85.65,86.2,2579747,,,
2015-02-23,86.05,88.6,85.8,87.7,3294901,,,
2015-02-24,87.7,88.7,87.5,88.15,2129631,,,
2015-02-25,88.65,88.7,85.85,86.95,2161415,,,
2015-02-26,86.7,88.0,84.8,85.9,4144558,,,
2015-02-27,86.0,88.6,85.6,88.35,2739474,,,
2015-02-28,89.2,89.55,87.3,88.25,2349431,,,
2015-03-02,88.7,89.45,87.4,88.1,1849634,,,
2015-03-03,87.85,88.0,86.7,87.5,2122523,,,
2015-03-04,87.8,88.5,86.1,86.9,2771744,,,
2015-03-05,86.6,87.8,85.3,87.25,1412981,,,
2015-03-09,86.25,86.8,84.2,84.5,1633619,,,
2015-03-10,84.5,84.55,82.5,83.55,2253986,,,
2015-03-11,84.05,84.4,82.95,83.2,1884585,,,
2015-03-12,83.3,85.7,83.3,84.2,2269314,,,
2015-03-13,84.5,84.6,82.1,82.45,2105637,,,
2015-03-16,81.85,83.05,81.85,82.55,869967,,,
2015-03-17,82.7,83.8,82.15,83.05,2412133,,,
2015-03-18,82.95,83.4,82.05,82.5,1965066,,,
2015-03-19,82.5,83.95,81.55,82.2,1485925,,,
2015-03-20,82.1,84.3,81.35,83.35,2117068,,,
2015-03-23,84.1,85.45,83.55,83.95,2390266,,,
2015-03-24,83.8,84.85,82.95,83.2,2908638,,,
2015-03-25,83.1,83.55,82.25,82.45,3379593,,,
2015-03-26,82.65,84.1,81.05,81.6,6664849,,,
2015-03-27,81.6,82.1,80.55,81.4,1957037,,,
2015-03-30,81.6,81.9,80.8,81.55,2452222,,,
2015-03-31,81.8,82.4,81.3,81.7,2698848,,,
2015-04-01,81.6,82.6,81.6,82.4,1579544,,,
2015-04-06,82.35,84.1,82.05,83.2,2989940,,,
2015-04-07,82.8,83.35,82.1,83.2,1382076,,,
2015-04-08,83.0,84.25,82.7,82.9,2255085,,,
2015-04-09,83.0,85.3,82.9,84.95,1362527,,,
2015-04-10,85.2,86.1,84.5,85.9,1237584,,,
2015-04-13,85.95,87.55,84.8,86.8,1242378,,,
2015-04-15,87.15,87.75,84.95,85.25,1311084,,,
2015-04-16,85.0,85.65,82.95,84.75,1401807,,,
2015-04-17,84.75,85.3,83.85,84.45,2062579,,,
2015-04-20,84.5,85.85,83.6,84.25,1281928,,,
2015-04-21,84.4,85.5,83.3,83.75,1301002,,,
2015-04-22,83.8,84.1,82.45,82.7,2727927,,,
2015-04-23,83.25,83.8,82.05,82.5,1977262,,,
2015-04-24,82.1,83.2,81.05,82.05,1470070,,,
2015-04-27,82.2,83.1,81.3,81.5,1154448,,,
2015-04-28,81.15,82.45,80.7,81.25,1929106,,,
2015-04-29,81.2,81.45,80.2,80.5,1159860,,,
2015-04-30,79.95,81.45,79.0,80.0,2306201,,,
2015-05-04,80.45,81.35,79.3,81.1,2054279,,,
2015-05-05,80.5,82.5,79.6,80.5,4499537,,,
2015-05-06,80.3,80.3,78.8,79.1,3392764,,,
2015-05-07,78.75,79.35,77.65,78.9,3064541,,,
2015-05-08,79.3,80.0,78.55,78.75,1680247,,,
2015-05-11,79.15,80.6,78.65,80.45,2209463,,,
2015-05-12,80.4,80.5,77.95,78.4,2560402,,,
2015-05-13,78.45,79.6,77.65,79.25,2305058,,,
2015-05-14,79.2,79.2,77.8,78.4,1950569,,,
2015-05-15,78.85,79.7,78.4,78.8,3546636,,,
2015-05-18,78.45,79.3,78.05,78.8,8419389,,,
2015-05-19,78.75,80.95,77.7,78.05,3709872,,,
2015-05-20,78.2,79.55,78.2,79.2,2907264,,,
2015-05-21,79.05,79.3,78.0,78.45,1478701,,,
2015-05-22,78.4,79.85,77.3,79.3,3026627,,,
2015-05-25,79.7,80.65,79.35,80.5,3125865,,,
2015-05-26,80.65,80.8,79.6,80.5,1249015,,,
2015-05-27,80.5,80.8,79.75,80.55,639714,,,
2015-05-28,81.15,81.15,79.05,80.55,2164797,,,
2015-05-29,80.2,81.25,79.45,80.8,1953884,,,
2015-06-01,82.5,82.65,80.0,80.5,8896408,,,
2015-06-02,80.2,80.4,79.5,80.2,2607559,,,
2015-06-03,79.95,80.85,79.15,80.55,3391462,,,
2015-06-04,80.45,81.65,80.1,81.2,4818652,,,
2015-06-05,81.0,82.3,80.45,81.5,4891526,,,
2015-06-08,81.8,82.5,80.95,82.2,2371018,,,
2015-06-09,82.1,83.3,81.75,82.9,1518561,,,
2015-06-10,83.0,83.35,82.25,82.75,1617215,,,
2015-06-11,82.45,82.9,81.5,82.1,1188736,,,
2015-06-12,81.8,82.1,80.0,81.8,1470673,,,
2015-06-15,81.55,81.55,79.1,79.45,2010450,,,
2015-06-16,79.2,81.4,79.05,81.1,1521679,,,
2015-06-17,80.8,81.2,79.0,79.75,1704495,,,
2015-06-18,79.5,80.25,79.25,79.85,2559248,,,
2015-06-19,79.85,80.1,78.0,78.75,5129809,,,
2015-06-22,79.25,80.0,79.0,79.5,1040104,,,
2015-06-23,79.3,79.75,78.25,78.4,2362531,,,
2015-06-24,78.2,79.05,78.2,78.7,1744552,,,
2015-06-25,78.85,79.8,78.1,79.5,6257761,,,
2015-06-26,79.05,79.45,78.15,78.2,2353848,,,
2015-06-29,77.5,78.85,77.45,78.45,1941928,,,
2015-06-30,78.45,79.0,77.45,78.2,1456218,,,
2015-07-01,78.25,80.5,77.85,80.05,1118472,,,
2015-07-02,80.4,80.45,79.1,79.6,1668134,,,
2015-07-03,79.05,80.4,79.05,79.6,1716355,,,
2015-07-06,79.05,80.0,78.55,78.75,1172194,,,
2015-07-07,79.3,79.6,77.8,77.95,1819404,,,
2015-07-08,77.7,78.3,76.7,77.6,1372722,,,
2015-07-09,77.7,77.95,77.0,77.05,1394007,,,
2015-07-10,77.1,78.25,77.0,78.0,1631844,,,
2015-07-13,77.85,79.0,77.1,78.75,906970,,,
2015-07-14,78.8,79.3,78.1,78.85,1274035,,,
2015-07-15,78.8,79.1,78.45,78.6,846494,,,
2015-07-16,78.55,78.8,78.2,78.5,1027825,,,
2015-07-17,78.55,79.7,78.45,79.45,954246,,,
2015-07-20,79.7,79.7,78.8,78.85,938416,,,
2015-07-21,78.8,79.3,78.55,78.75,740188,,,
2015-07-22,78.55,80.6,78.1,80.3,1063200,,,
2015-07-23,80.5,80.6,79.15,80.0,689275,,,
2015-07-24,80.0,80.4,79.45,79.9,951910,,,
2015-07-27,79.5,80.4,78.8,79.0,729175,,,
2015-07-28,79.3,79.7,78.45,79.5,870273,,,
2015-07-29,79.1,79.5,78.45,78.75,1069275,,,
2015-07-30,78.85,80.6,78.7,80.1,1655434,,,
2015-07-31,80.35,80.35,79.0,79.9,1100531,,,
2015-08-03,79.35,80.4,78.9,79.1,848460,,,
2015-08-04,79.05,80.2,78.7,79.3,563350,,,
2015-08-05,79.3,79.6,78.8,79.15,623171,,,
2015-08-06,78.9,79.8,78.85,79.35,728542,,,
2015-08-07,79.05,80.0,78.4,78.5,1245303,,,
2015-08-10,78.8,79.6,77.3,77.65,1446049,,,
2015-08-11,78.75,79.2,76.3,77.6,2178682,,,
2015-08-12,77.05,77.55,76.3,76.5,828294,,,
2015-08-13,76.4,77.95,70.9,77.5,1389502,,,
2015-08-14,77.5,78.2,77.45,77.8,733884,,,
2015-08-17,77.95,78.45,77.0,77.7,457753,,,
2015-08-18,77.7,78.0,76.9,77.3,822375,,,
2015-08-19,77.3,77.85,76.6,76.75,1359960,,,
2015-08-20,76.0,77.0,75.55,76.6,1269009,,,
2015-08-21,75.95,76.05,74.85,75.05,2263604,,,
2015-08-24,73.6,74.55,71.85,73.7,4303787,,,
2015-08-25,73.7,75.2,70.4,72.35,6951104,,,
2015-08-26,72.35,74.7,72.0,73.65,1471671,,,
2015-08-27,74.5,77.9,73.3,75.85,3038640,,,
2015-08-28,76.3,77.3,75.2,76.0,1240416,,,
2015-08-31,75.7,76.2,73.2,73.5,1296963,,,
2015-09-01,72.75,73.7,72.0,72.6,2234902,,,
2015-09-02,72.75,73.1,69.6,70.45,2535460,,,
2015-09-03,70.55,72.05,70.35,71.55,1751885,,,
2015-09-04,71.4,71.4,68.9,69.5,2176057,,,
2015-09-07,69.1,70.3,67.8,68.8,1750645,,,
2015-09-08,68.6,71.7,68.1,70.9,1660319,,,
2015-09-09,72.8,73.45,70.1,70.9,1800797,,,
2015-09-10,70.15,70.15,67.9,69.4,2241305,,,
2015-09-11,69.75,70.75,69.2,69.9,1003321,,,
2015-09-14,70.2,71.95,69.45,71.75,1350532,,,
2015-09-15,71.7,73.2,70.9,72.15,1794121,,,
2015-09-16,72.3,73.95,72.0,73.7,1500948,,,
2015-09-18,74.25,75.9,73.95,75.1,1524585,,,
2015-09-21,74.7,77.05,74.05,76.8,1710489,,,
2015-09-22,76.9,77.05,72.7,73.7,1472932,,,
2015-09-23,73.7,74.25,70.75,71.9,3248948,,,
2015-09-24,72.0,73.15,70.05,70.55,5475330,,,
2015-09-28,71.15,72.55,70.1,71.3,1353967,,,
2015-09-29,70.8,73.45,70.55,72.2,1358355,,,
2015-09-30,72.2,74.6,72.2,74.45,1714312,,,
2015-10-01,74.8,75.35,73.3,73.45,1136557,,,
2015-10-05,73.7,75.45,73.65,74.55,1018931,,,
2015-10-06,74.75,75.7,74.05,74.4,1051024,,,
2015-10-07,74.6,74.95,74.05,74.55,789213,,,
2015-10-08,74.8,74.8,74.0,74.5,741903,,,
2015-10-09,74.8,75.1,74.2,74.55,799524,,,
2015-10-12,74.55,75.2,74.15,75.0,885722,,,
2015-10-13,74.8,75.2,74.5,74.85,402413,,,
2015-10-14,74.8,75.1,74.35,74.8,968795,,,
2015-10-15,75.1,76.2,74.95,76.0,1664777,,,
2015-10-16,76.15,76.5,75.15,75.95,2053963,,,
2015-10-19,75.95,76.1,74.75,75.25,922612,,,
2015-10-20,75.4,77.1,75.1,76.45,1854453,,,
2015-10-21,76.5,77.2,75.9,76.45,1971136,,,
2015-10-23,76.8,77.35,76.2,76.7,1331804,,,
2015-10-26,76.8,77.0,76.1,76.35,1006064,,,
2015-10-27,76.25,76.65,75.1,75.35,945490,,,
2015-10-28,74.9,75.35,73.4,73.7,2658244,,,
2015-10-29,73.45,73.45,71.0,72.1,3744837,,,
2015-10-30,72.3,74.2,72.15,72.4,1706662,,,
2015-11-02,72.4,72.8,71.5,72.5,847857,,,
2015-11-03,73.4,74.3,73.25,74.05,1619892,,,
2015-11-04,74.95,75.35,73.35,73.8,5744656,,,
2015-11-05,74.15,74.55,73.35,73.65,5288705,,,
2015-11-06,74.5,74.55,72.6,73.9,2373641,,,
2015-11-09,72.55,73.65,71.25,73.15,2959219,,,
2015-11-10,72.7,73.1,71.85,72.15,861249,,,
2015-11-11,73.1,73.1,72.3,72.8,223770,,,
2015-11-13,72.0,73.9,71.7,73.25,780118,,,
2015-11-16,72.8,73.5,72.3,72.55,822607,,,
2015-11-17,72.7,74.15,72.7,73.55,901499,,,
2015-11-18,73.5,74.0,73.0,73.65,746679,,,
2015-11-19,74.05,74.6,73.4,74.2,1419395,,,
2015-11-20,74.25,74.6,73.35,73.65,1219764,,,
2015-11-23,73.45,74.15,73.45,73.9,1224691,,,
2015-11-24,73.7,74.6,73.65,74.2,698353,,,
2015-11-26,73.95,75.65,73.9,75.25,2346493,,,
2015-11-27,75.2,75.4,74.55,75.1,903170,,,
2015-11-30,75.1,77.0,75.0,76.6,1128932,,,
2015-12-01,76.6,77.6,76.1,76.5,1417770,,,
2015-12-02,76.5,76.8,75.7,76.15,782402,,,
2015-12-03,75.95,76.5,75.0,75.25,659922,,,
2015-12-04,75.2,75.2,73.4,73.55,774313,,,
2015-12-07,73.7,74.2,72.95,73.75,858288,,,
2015-12-08,73.7,73.8,72.75,73.25,826677,,,
2015-12-09,72.95,74.05,72.6,73.2,1236909,,,
2015-12-10,73.1,73.7,72.7,73.55,611367,,,
2015-12-11,73.7,73.7,71.65,72.0,852171,,,
2015-12-14,71.6,72.8,71.3,72.1,873292,,,
2015-12-15,72.1,73.0,71.6,72.8,1036353,,,
2015-12-16,73.1,75.45,72.95,75.0,1475715,,,
2015-12-17,75.0,76.0,74.1,75.7,614603,,,
2015-12-18,75.4,76.8,74.85,76.15,15759863,,,
2015-12-21,76.15,78.7,76.15,78.45,3508896,,,
2015-12-22,78.5,79.1,77.6,77.95,5429675,,,
2015-12-23,78.1,79.05,78.1,78.8,2092546,,,
2015-12-24,78.75,79.25,78.4,78.8,1251108,,,
2015-12-28,79.0,80.3,78.55,79.95,3240588,,,
2015-12-29,80.0,80.2,79.0,79.3,4824278,,,
2015-12-30,78.9,79.7,78.9,79.3,4606529,,,
2015-12-31,79.3,79.9,78.5,79.4,4027461,,,
2016-01-01,79.55,79.8,79.15,79.3,1816777,,,
2016-01-04,79.05,81.2,78.7,79.3,3830547,,,
2016-01-05,79.35,79.85,77.75,78.25,2395719,,,
2016-01-06,77.95,78.7,77.6,78.45,2992585,,,
2016-01-07,78.45,79.7,77.3,77.7,3817884,,,
2016-01-08,78.75,79.9,78.15,79.7,5819531,,,
2016-01-11,79.05,81.8,78.2,80.6,4659548,,,
2016-01-12,80.7,82.55,79.9,80.3,3718879,,,
2016-01-13,80.5,81.2,78.8,80.4,4197388,,,
2016-01-14,79.55,81.3,79.55,80.35,5781694,,,
2016-01-15,79.95,80.6,77.8,78.2,4179738,,,
2016-01-18,78.75,79.35,77.3,77.7,4168822,,,
2016-01-19,77.9,78.65,75.8,76.45,4096149,,,
2016-01-20,75.7,78.9,73.45,75.75,8998822,,,
2016-01-21,75.8,77.25,74.25,74.35,5859100,,,
2016-01-22,74.95,76.4,74.3,74.85,4555736,,,
2016-01-25,75.4,75.65,73.85,74.8,5002597,,,
2016-01-27,75.25,78.35,75.05,77.8,8171844,,,
2016-01-28,79.3,81.3,79.05,80.8,12709475,,,
2016-01-29,81.45,83.5,81.3,83.2,6309542,,,
2016-02-01,83.2,83.5,82.2,82.55,6906590,,,
2016-02-02,82.45,84.55,81.55,82.3,10275266,,,
2016-02-03,80.95,82.25,79.6,80.6,6805150,,,
2016-02-04,81.5,82.95,80.35,82.6,4908444,,,
2016-02-05,82.7,82.9,81.2,81.7,3471016,,,
2016-02-08,81.6,82.15,79.7,80.15,2148961,,,
2016-02-09,79.75,81.8,79.3,79.85,4104776,,,
2016-02-10,79.3,81.3,79.3,80.6,4567104,,,
2016-02-11,80.35,80.95,75.45,76.9,4076826,,,
2016-02-12,77.6,79.2,76.65,77.8,9036925,,,
2016-02-15,78.2,79.1,77.7,78.0,4761307,,,
2016-02-16,78.2,79.05,77.5,78.4,3806092,,,
2016-02-17,78.7,78.7,77.25,78.5,4390237,,,
2016-02-18,78.8,79.7,78.2,78.7,4938348,,,
2016-02-19,78.65,79.9,78.2,79.3,3556737,,,
2016-02-22,79.3,79.6,77.8,78.55,1290367,,,
2016-02-23,78.75,78.9,76.9,77.1,2179061,,,
2016-02-24,77.6,79.3,77.45,78.55,6405730,,,
2016-02-25,78.8,78.9,73.7,74.1,10716362,,,
2016-02-26,75.1,76.45,74.25,75.2,7037441,,,
2016-02-29,75.55,75.55,72.7,73.15,6460755,,,
2016-03-01,73.7,75.55,73.3,75.2,8033387,,,
2016-03-02,75.95,77.75,75.4,76.15,7622276,,,
2016-03-03,76.8,77.0,75.4,76.3,3969879,,,
2016-03-04,76.7,78.25,76.2,78.0,16440931,,,
2016-03-08,78.45,78.55,76.6,77.45,11324035,,,
2016-03-09,77.0,78.85,76.85,78.6,4097360,,,
2016-03-10,78.8,79.3,77.7,78.55,2088822,,,
2016-03-11,78.55,79.0,77.45,77.75,2635644,,,
2016-03-14,77.95,78.2,77.45,77.95,2488046,,,
2016-03-15,77.7,78.75,77.7,78.15,6556012,,,
2016-03-16,78.4,78.75,77.3,78.05,3470758,,,
2016-03-17,78.35,78.9,77.0,77.6,4223834,,,
2016-03-18,77.95,78.2,76.8,77.0,5172696,,,
2016-03-21,76.8,77.9,76.65,77.6,2629211,,,
2016-03-22,77.6,78.4,77.3,77.75,3728613,,,
2016-03-23,77.25,78.25,77.0,77.3,6494305,,,
2016-03-28,77.55,78.75,76.8,78.2,4889080,,,
2016-03-29,78.75,79.3,77.35,77.7,6456377,,,
2016-03-30,78.15,78.95,77.8,78.6,3261338,,,
2016-03-31,77.95,79.0,77.95,78.2,8840100,,,
2016-04-01,78.65,78.75,77.7,77.8,2213544,,,
2016-04-04,78.05,78.8,77.8,77.95,3178059,,,
2016-04-05,78.65,79.2,78.0,78.2,4356561,,,
2016-04-06,78.7,79.5,78.4,78.55,5860280,,,
2016-04-07,79.1,79.3,78.5,78.85,6979898,,,
2016-04-08,78.9,79.4,78.9,79.3,2325168,,,
2016-04-11,79.1,80.4,79.05,80.0,6952839,,,
2016-04-12,79.9,81.7,79.9,80.5,5007069,,,
2016-04-13,81.2,81.75,80.95,81.55,5759847,,,
2016-04-18,81.55,82.55,80.3,82.1,4132908,,,
2016-04-20,81.95,84.3,81.65,83.25,4340288,,,
2016-04-21,83.45,84.1,81.6,82.2,3552237,,,
2016-04-22,82.3,82.9,81.15,82.15,2430416,,,
2016-04-25,82.2,82.2,80.2,80.9,2027816,,,
2016-04-26,81.25,82.3,80.5,81.65,5042483,,,
2016-04-27,81.75,82.1,80.8,81.2,1787226,,,
2016-04-28,81.1,81.8,79.5,79.8,5292289,,,
2016-04-29,80.0,80.95,79.05,80.65,2465559,,,
2016-05-02,80.45,81.0,79.65,80.35,1903368,,,
2016-05-03,80.45,82.6,80.45,81.7,2571974,,,
2016-05-04,81.45,81.6,79.9,80.3,2495022,,,
2016-05-05,80.45,81.15,79.95,80.6,1558253,,,
2016-05-06,80.5,80.6,79.05,80.15,2089142,,,
2016-05-09,80.2,81.1,79.7,80.7,2827710,,,
2016-05-10,80.5,80.85,79.3,79.8,4364211,,,
2016-05-11,79.2,80.0,78.45,79.6,2573028,,,
2016-05-12,79.8,81.2,79.45,80.95,2743640,,,
2016-05-13,80.6,81.7,80.1,81.4,3779902,,,
2016-05-16,81.5,82.05,80.45,81.25,2531458,,,
2016-05-17,82.1,82.1,80.2,81.5,2674430,,,
2016-05-18,81.0,81.5,80.25,80.5,1447359,,,
2016-05-19,80.6,81.9,80.6,81.2,3394762,,,
2016-05-20,81.35,81.65,80.8,81.45,1718939,,,
2016-05-23,81.9,83.8,81.55,83.3,5677502,,,
2016-05-24,83.8,83.95,82.25,82.5,1994084,,,
2016-05-25,83.25,84.4,82.7,84.2,4051103,,,
2016-05-26,84.4,85.15,83.6,84.7,6383445,,,
2016-05-27,85.15,85.7,83.7,84.85,4294966,,,
2016-05-30,85.0,86.0,84.0,85.35,3402815,,,
2016-05-31,85.5,85.7,84.1,84.4,2417068,,,
2016-06-01,84.7,84.7,83.5,83.8,2823165,,,
2016-06-02,83.8,84.7,83.3,84.5,2222482,,,
2016-06-03,84.7,84.85,83.95,84.6,1942564,,,
2016-06-06,84.5,84.75,83.55,83.95,1347644,,,
2016-06-07,84.05,84.9,83.95,84.3,2121428,,,
2016-06-08,84.4,86.0,84.0,85.8,2140084,,,
2016-06-09,85.9,86.9,85.7,85.95,2542860,,,
2016-06-10,86.0,87.25,86.0,86.85,5056305,,,
2016-06-13,86.5,86.5,85.1,85.4,4049613,,,
2016-06-14,85.35,85.7,84.5,84.7,1639679,,,
2016-06-15,85.0,87.05,85.0,86.85,2974313,,,
2016-06-16,86.85,87.9,85.45,86.95,3029078,,,
2016-06-17,87.2,88.85,86.0,88.35,5054425,,,
2016-06-20,88.3,88.6,87.35,88.1,2946130,,,
2016-06-21,88.05,88.5,87.2,87.75,2968085,,,
2016-06-22,87.8,88.1,86.95,87.5,2698573,,,
2016-06-23,87.45,88.8,86.0,88.1,2828140,,,
2016-06-24,86.3,87.8,84.7,87.65,3381106,,,
2016-06-27,86.1,88.3,86.05,86.6,2880675,,,
2016-06-28,86.95,87.75,86.45,87.45,3286146,,,
2016-06-29,87.65,90.2,87.5,89.6,5534277,,,
2016-06-30,90.0,92.2,89.6,91.7,10516670,,,
2016-07-01,92.25,93.6,91.7,92.9,5602957,,,
2016-07-04,93.75,94.1,92.6,93.05,3236074,,,
2016-07-05,93.0,93.25,90.45,90.7,3099561,,,
2016-07-07,90.55,92.3,90.1,91.9,3325327,,,
2016-07-08,91.95,93.05,90.9,92.5,4389695,,,
2016-07-11,93.45,96.25,93.35,93.7,6262540,,,
2016-07-12,93.95,95.05,93.4,93.7,5165027,,,
2016-07-13,93.85,94.75,90.4,91.05,6247588,,,
2016-07-14,91.45,93.15,91.05,92.85,4178500,,,
2016-07-15,93.4,93.6,91.7,92.4,3729344,,,
2016-07-18,92.6,93.25,91.45,91.8,2189039,,,
2016-07-19,91.9,93.95,91.7,93.6,3368236,,,
2016-07-20,93.95,95.6,93.9,94.7,3977678,,,
2016-07-21,94.65,94.7,91.0,91.45,2356485,,,
2016-07-22,91.95,94.55,91.6,93.55,4053425,,,
2016-07-25,93.7,95.4,93.45,95.0,2231660,,,
2016-07-26,95.2,97.3,94.05,96.4,4656838,,,
2016-07-27,97.3,97.7,96.5,97.0,4979070,,,
2016-07-28,97.25,100.6,96.8,99.1,17673858,,,
2016-07-29,99.6,99.8,98.25,99.0,6962353,,,
2016-08-01,99.0,101.2,98.8,99.7,6730685,,,
2016-08-02,99.8,101.35,99.05,100.65,3648970,,,
2016-08-03,100.7,100.7,97.7,98.95,6026326,,,
2016-08-04,99.45,100.9,99.2,100.25,5089138,,,
2016-08-05,100.7,101.95,99.05,99.3,4959223,,,
2016-08-08,99.55,101.25,98.7,100.45,5366541,,,
2016-08-09,100.45,101.05,98.7,99.1,3551638,,,
2016-08-10,99.1,99.3,97.65,98.1,2131683,,,
2016-08-11,97.95,99.3,97.0,97.9,2822105,,,
2016-08-12,98.0,100.7,98.0,100.15,2458124,,,
2016-08-16,100.6,103.0,99.15,99.8,12584689,,,
2016-08-17,100.1,100.6,98.0,98.25,6524484,,,
2016-08-18,99.55,103.05,99.15,102.4,11623683,,,
2016-08-19,102.95,102.95,100.9,101.75,9317106,,,
2016-08-22,102.1,102.8,101.65,102.35,6376211,,,
2016-08-23,102.1,103.15,101.25,102.45,4175820,,,
2016-08-24,102.55,102.95,101.85,102.55,2992034,,,
2016-08-25,102.7,104.05,101.55,102.5,7309913,,,
2016-08-26,102.75,103.15,101.35,101.7,3992579,,,
2016-08-29,101.95,102.0,99.9,101.4,1662934,,,
2016-08-30,101.75,103.4,101.1,103.1,2932197,,,
2016-08-31,103.0,103.8,102.3,103.35,3620117,,,
2016-09-01,103.2,104.05,102.5,103.7,3440430,,,
2016-09-02,103.8,104.05,102.55,103.4,2170349,,,
2016-09-06,103.9,105.6,103.4,104.95,5063107,,,
2016-09-07,104.7,105.2,103.4,103.9,2826563,,,
2016-09-08,103.4,105.55,102.2,104.85,3363950,,,
2016-09-09,104.6,105.0,103.15,103.4,2841605,,,
2016-09-12,102.7,103.15,101.1,101.4,2331270,,,
2016-09-14,101.2,101.85,100.45,100.75,3757990,,,
2016-09-15,101.5,101.5,97.9,98.3,5017570,,,
2016-09-16,99.2,101.55,97.4,99.05,12201034,,,
2016-09-19,98.85,100.25,98.0,99.8,2400079,,,
2016-09-20,99.95,100.9,99.55,100.2,2682936,,,
2016-09-21,100.2,101.3,98.2,98.6,2788843,,,
2016-09-22,99.6,101.45,99.1,100.45,2630455,,,
2016-09-23,100.25,100.9,98.85,98.95,4274739,,,
2016-09-26,98.85,100.3,98.35,98.85,3562557,,,
2016-09-27,99.4,100.2,98.95,99.1,3414102,,,
2016-09-28,99.1,100.7,99.1,100.4,2540053,,,
2016-09-29,100.55,102.45,96.6,97.55,7526759,,,
2016-09-30,97.95,100.0,96.5,99.3,6655428,,,
2016-10-03,99.65,102.9,98.75,101.95,5289415,,,
2016-10-04,102.1,102.75,101.5,101.8,4481602,,,
2016-10-05,101.9,103.15,101.5,102.05,3008118,,,
2016-10-06,102.0,102.5,99.8,100.05,3180505,,,
2016-10-07,100.05,101.0,99.2,99.5,2238796,,,
2016-10-10,99.7,100.7,99.7,100.15,2508185,,,
2016-10-13,99.85,100.05,97.7,98.45,8379738,,,
2016-10-14,98.9,100.45,97.05,100.0,2789366,,,
2016-10-17,99.2,99.95,98.3,99.05,2550834,,,
2016-10-18,99.4,100.0,98.45,99.2,4100567,,,
2016-10-19,99.5,101.65,99.1,100.45,5074138,,,
2016-10-20,100.9,101.4,100.05,100.5,2271308,,,
2016-10-21,100.9,100.9,99.1,99.5,5822010,,,
2016-10-24,99.35,100.3,98.5,99.1,1656773,,,
2016-10-25,99.3,100.65,98.75,100.3,1689115,,,
2016-10-26,100.1,100.3,98.3,98.7,2209102,,,
2016-10-27,98.5,99.5,97.7,98.7,3947345,,,
2016-10-28,98.9,99.55,96.8,98.95,2408879,,,
2016-10-30,98.95,99.2,98.2,98.5,89881,,,
2016-11-01,98.6,101.0,97.95,99.5,2968560,,,
2016-11-02,98.95,99.3,98.15,98.5,2733563,,,
2016-11-03,98.5,98.85,98.05,98.4,2294222,,,
2016-11-04,98.45,98.95,96.35,97.6,2351191,,,
2016-11-07,98.05,98.2,97.6,97.9,4309203,,,
2016-11-08,98.0,99.9,97.8,99.55,1837006,,,
2016-11-09,95.6,102.0,93.9,101.35,7451560,,,
2016-11-10,104.05,106.9,101.9,106.0,10151339,,,
2016-11-11,104.6,106.05,102.1,103.0,4933450,,,
2016-11-15,102.7,104.95,102.7,104.0,6462706,,,
2016-11-16,104.9,107.2,103.1,106.05,5739276,,,
2016-11-17,105.7,110.5,103.6,108.5,5283150,,,
2016-11-18,109.0,109.9,107.65,107.95,6844863,,,
2016-11-21,108.95,108.95,103.7,104.1,6855316,,,
2016-11-22,104.55,105.0,101.65,103.35,6736503,,,
2016-11-23,103.6,105.5,101.0,102.2,7664417,,,
2016-11-24,102.35,105.15,101.45,104.1,10352496,,,
2016-11-25,104.7,107.0,104.05,106.1,8278235,,,
2016-11-28,105.2,109.6,105.15,107.2,5804101,,,
2016-11-29,107.25,107.75,106.05,106.6,6978829,,,
2016-11-30,107.3,108.4,105.5,107.9,4188831,,,
2016-12-01,108.3,108.3,103.2,103.7,6219096,,,
2016-12-02,104.05,104.55,102.7,103.4,5442961,,,
2016-12-05,103.35,104.65,101.75,104.1,6909094,,,
2016-12-06,104.3,104.95,102.7,102.9,2559578,,,
2016-12-07,103.9,104.3,102.4,102.65,2399124,,,
2016-12-08,103.45,104.6,102.1,104.45,3044967,,,
2016-12-09,104.6,104.6,103.35,103.75,1941292,,,
2016-12-12,103.65,104.3,103.15,103.9,2075290,,,
2016-12-13,104.3,104.9,102.65,104.2,2484815,,,
2016-12-14,104.05,104.3,102.1,102.35,4113378,,,
2016-12-15,101.8,104.5,101.55,103.1,2955360,,,
2016-12-16,103.25,104.75,102.2,103.4,14639366,,,
2016-12-19,103.6,104.05,102.85,103.6,2040719,,,
2016-12-20,103.5,103.75,102.2,102.35,3238334,,,
2016-12-21,102.4,103.35,102.2,103.1,2969658,,,
2016-12-22,102.95,103.2,101.85,102.2,1492698,,,
2016-12-23,102.15,102.75,100.7,102.55,2703345,,,
2016-12-26,102.55,102.55,100.25,100.6,3337280,,,
2016-12-27,100.5,102.2,99.3,101.85,2562750,,,
2016-12-28,101.85,102.95,100.7,101.25,2103738,,,
2016-12-29,100.8,102.1,100.7,101.3,8289699,,,
2016-12-30,101.5,104.1,101.4,103.2,2740839,,,
2017-01-02,103.2,104.2,102.7,103.3,1019089,,,
2017-01-03,104.0,106.05,103.8,105.8,4398598,,,
2017-01-04,105.8,106.25,104.65,105.05,4404097,,,
2017-01-05,105.2,107.6,104.7,107.35,3578806,,,
2017-01-06,107.5,108.5,105.9,106.2,3542844,,,
2017-01-09,106.4,106.4,104.1,104.9,1663023,,,
2017-01-10,104.95,105.95,104.1,104.9,2602687,,,
2017-01-11,105.4,107.65,104.55,106.75,12282587,,,
2017-01-12,106.9,112.35,106.9,111.4,15107520,,,
2017-01-13,112.4,112.4,110.3,110.9,13462319,,,
2017-01-16,110.8,113.1,110.65,112.15,4766336,,,
2017-01-17,112.15,112.9,109.7,111.2,5733905,,,
2017-01-18,111.4,112.3,110.85,111.65,11941771,,,
2017-01-19,111.9,114.6,110.95,113.5,4925804,,,
2017-01-20,113.95,113.95,111.1,112.15,7305265,,,
2017-01-23,112.4,113.75,112.0,112.6,4125463,,,
2017-01-24,113.05,115.1,112.85,114.4,4006563,,,
2017-01-25,114.55,114.8,113.55,114.2,5814207,,,
2017-01-27,114.45,116.4,113.9,115.05,6241125,,,
2017-01-30,114.95,116.15,113.9,115.7,3281017,,,
2017-01-31,115.6,117.7,115.0,116.55,4271478,,,
2017-02-01,117.35,117.35,115.15,115.75,4120570,,,
2017-02-02,115.8,115.9,114.35,114.7,4372767,,,
2017-02-03,114.3,115.75,113.1,113.5,2519680,,,
2017-02-06,113.75,114.85,112.35,113.1,3564676,,,
2017-02-07,113.45,114.5,112.05,112.4,3691648,,,
2017-02-08,113.05,114.0,111.55,113.1,5076196,,,
2017-02-09,113.85,115.65,112.95,113.7,7194785,,,
2017-02-10,115.4,115.75,112.1,112.4,9459699,,,
2017-02-13,113.5,114.7,112.2,114.2,5348680,,,
2017-02-14,114.7,114.7,112.6,113.0,5289337,,,
2017-02-15,113.3,113.95,112.35,113.3,4107574,,,
2017-02-16,112.5,113.9,112.0,113.15,3528300,,,
2017-02-17,113.6,114.35,112.25,113.9,2793812,,,
2017-02-20,114.7,116.65,113.5,116.15,5578603,,,
2017-02-21,116.15,116.9,115.05,115.95,4178721,,,
2017-02-22,117.4,117.5,113.0,113.4,14819384,,,
2017-02-23,113.6,113.6,111.7,112.0,7539925,,,
2017-02-27,112.5,112.5,107.9,108.4,8324234,,,
2017-02-28,107.9,109.6,107.75,108.1,5653926,,,
2017-03-01,108.8,109.5,107.9,108.4,5820935,,,
2017-03-02,109.1,109.1,106.3,106.7,5979012,,,
2017-03-03,106.3,107.6,105.75,107.35,4755417,,,
2017-03-06,107.9,110.35,107.5,109.05,8357674,,,
2017-03-07,109.4,110.2,108.85,109.4,6607578,,,
2017-03-08,109.9,111.15,109.2,110.0,4465285,,,
2017-03-09,110.15,110.15,108.3,109.4,5499997,,,
2017-03-10,109.7,110.1,106.9,108.3,9218511,,,
2017-03-14,111.65,111.75,108.35,108.95,6686042,,,
2017-03-15,109.1,109.15,108.3,108.5,4372081,,,
2017-03-16,109.2,109.95,108.4,109.7,2903622,,,
2017-03-17,110.7,110.8,108.6,109.1,5356239,,,
2017-03-20,109.1,109.4,108.4,108.9,5275418,,,
2017-03-21,109.1,109.4,108.5,108.7,4571337,,,
2017-03-22,107.75,110.0,107.7,108.1,4614314,,,
2017-03-23,108.55,108.8,107.75,108.6,3304889,,,
2017-03-24,109.05,109.75,108.7,109.0,3467436,,,
2017-03-27,109.1,110.3,108.95,109.6,3996112,,,
2017-03-28,109.5,110.8,109.5,110.6,3386576,,,
2017-03-29,111.0,111.1,110.1,110.75,3628726,,,
2017-03-30,111.0,111.2,109.25,109.95,7321526,,,
2017-03-31,110.05,112.4,110.05,111.0,4794118,,,
2017-04-03,112.15,112.15,110.25,110.35,5594352,,,
2017-04-05,110.75,111.3,109.25,109.7,3972362,,,
2017-04-06,110.5,111.35,108.6,110.9,4199869,,,
2017-04-07,110.3,110.4,109.4,109.7,5178132,,,
2017-04-10,109.7,110.05,109.3,109.9,3241819,,,
2017-04-11,109.9,113.4,109.4,112.0,6000806,,,
2017-04-12,112.5,113.3,110.25,111.15,3724146,,,
2017-04-13,111.25,113.1,110.7,112.5,3324576,,,
2017-04-17,112.45,114.25,111.95,113.8,6265462,,,
2017-04-18,113.9,114.95,113.45,113.8,4317244,,,
2017-04-19,114.1,120.1,113.6,118.8,16368313,,,
2017-04-20,119.25,119.5,115.6,117.5,6650189,,,
2017-04-21,117.8,118.4,114.65,115.65,4465170,,,
2017-04-24,116.2,116.4,114.8,115.25,4230467,,,
2017-04-25,115.9,118.05,115.2,117.35,3540163,,,
2017-04-26,117.3,117.3,114.9,115.7,3362263,,,
2017-04-27,115.9,118.2,115.4,116.85,7676280,,,
2017-04-28,116.45,117.4,115.85,117.0,3080976,,,
2017-05-02,117.5,117.5,115.05,115.9,2881712,,,
2017-05-03,116.4,120.25,116.05,118.7,6108347,,,
2017-05-04,118.7,119.65,117.55,118.5,7285668,,,
2017-05-05,119.25,119.25,116.75,117.55,2808568,,,
2017-05-08,117.6,118.4,116.25,118.1,3856197,,,
2017-05-09,118.15,118.95,116.85,117.2,2660264,,,
2017-05-10,118.0,118.65,117.55,118.4,2600838,,,
2017-05-11,118.7,118.95,116.0,117.1,2782233,,,
2017-05-12,117.0,117.9,115.65,116.0,3029862,,,
2017-05-15,117.5,117.55,116.05,116.25,3011544,,,
2017-05-16,116.3,116.95,116.0,116.65,2293713,,,
2017-05-17,116.75,118.0,115.95,117.45,2078381,,,
2017-05-18,117.0,117.8,116.5,117.15,3261049,,,
2017-05-19,118.0,119.1,114.8,115.7,10009102,,,
2017-05-22,116.45,116.85,112.05,113.9,4175986,,,
2017-05-23,114.15,114.45,111.0,113.3,3636830,,,
2017-05-24,113.85,114.7,111.7,112.4,3740870,,,
2017-05-25,112.9,113.0,110.05,111.9,5620657,,,
2017-05-26,112.5,114.7,111.55,113.75,3637331,,,
2017-05-29,114.25,118.55,114.2,117.6,8158940,,,
2017-05-30,117.5,117.5,113.65,114.8,6122316,,,
2017-05-31,115.25,117.75,115.25,116.95,4377016,,,
2017-06-01,116.75,118.0,116.05,116.8,3583082,,,
2017-06-02,117.1,117.2,115.5,115.95,3776497,,,
2017-06-05,116.3,116.6,114.85,115.5,2865347,,,
2017-06-06,115.6,115.7,113.8,114.45,2995008,,,
2017-06-07,114.7,115.7,113.75,115.35,4278322,,,
2017-06-08,115.3,116.85,114.5,116.6,4211647,,,
2017-06-09,116.65,117.3,116.2,116.55,3618248,,,
2017-06-12,116.1,116.9,115.3,116.0,2072763,,,
2017-06-13,116.15,119.9,115.9,118.25,8873561,,,
2017-06-14,118.7,119.8,117.8,118.4,7672014,,,
2017-06-15,118.1,119.4,117.75,118.3,3147476,,,
2017-06-16,118.1,118.95,116.75,118.1,3446852,,,
2017-06-19,118.1,119.75,118.1,119.5,3596105,,,
2017-06-20,119.4,120.95,115.65,117.2,7243086,,,
2017-06-21,117.0,117.0,115.15,115.7,7793672,,,
2017-06-22,115.8,117.4,112.5,113.8,18964075,,,
2017-06-23,114.2,116.45,113.85,115.9,5081638,,,
2017-06-27,115.9,116.25,113.3,115.7,3908109,,,
2017-06-28,115.9,117.5,114.4,116.75,3995930,,,
2017-06-29,117.0,118.4,116.4,117.0,4262447,,,
2017-06-30,116.9,118.7,116.9,118.4,4359961,,,
2017-07-03,118.1,119.6,117.8,118.95,4932161,,,
2017-07-04,119.8,119.8,118.0,118.5,2548185,,,
2017-07-05,118.95,118.95,117.8,118.15,3410005,,,
2017-07-06,118.7,118.7,117.55,118.05,3137194,,,
2017-07-07,118.0,118.35,117.1,117.8,4298277,,,
2017-07-10,119.35,119.35,106.4,118.9,1601141,,,
2017-07-11,119.55,120.0,118.65,119.2,7781416,,,
2017-07-12,119.2,120.95,119.2,120.4,5181337,,,
2017-07-13,122.0,122.05,120.65,121.0,5398258,,,
2017-07-14,121.65,121.65,120.7,121.05,2750249,,,
2017-07-17,121.1,122.3,121.1,121.9,3545194,,,
2017-07-18,122.0,123.75,120.8,121.15,4246663,,,
2017-07-19,122.3,123.45,121.55,123.0,4793532,,,
2017-07-20,123.2,123.75,122.45,123.0,5756608,,,
2017-07-21,123.45,123.45,120.1,121.1,2783465,,,
2017-07-24,119.95,122.2,119.95,121.9,3452471,,,
2017-07-25,122.3,122.95,121.7,122.05,3438650,,,
2017-07-26,122.55,122.6,121.25,122.25,2958134,,,
2017-07-27,122.5,123.2,121.35,121.9,12026811,,,
2017-07-28,121.6,121.95,119.3,120.75,4646558,,,
2017-07-31,120.75,126.1,120.75,125.6,9789646,,,
2017-08-01,125.9,126.9,124.1,126.2,8585870,,,
2017-08-02,126.4,127.1,124.1,124.75,6758151,,,
2017-08-03,124.3,126.3,123.35,125.4,2973119,,,
2017-08-04,126.2,126.65,124.65,126.35,4486466,,,
2017-08-07,126.55,127.25,125.45,127.1,2598508,,,
2017-08-08,127.4,127.45,124.6,125.4,1816691,,,
2017-08-09,125.2,126.7,124.2,124.8,2572746,,,
2017-08-10,124.75,124.75,121.1,122.3,3832683,,,
2017-08-11,119.55,124.05,119.25,123.15,4984245,,,
2017-08-14,123.35,125.95,123.2,125.3,2807320,,,
2017-08-16,125.85,126.4,123.55,124.1,2937370,,,
2017-08-17,124.05,124.65,123.05,123.45,1596199,,,
2017-08-18,123.2,125.9,123.0,125.4,4343111,,,
2017-08-21,126.0,126.5,123.5,123.95,2926811,,,
2017-08-22,124.85,125.05,122.65,123.45,3738881,,,
2017-08-23,123.5,124.2,122.45,123.6,2988440,,,
2017-08-24,123.45,125.0,123.2,124.25,3089395,,,
2017-08-28,124.25,124.25,121.9,122.1,5486618,,,
2017-08-29,122.25,122.9,120.25,121.1,6882489,,,
2017-08-30,122.0,122.3,120.5,121.25,5238874,,,
2017-08-31,121.65,123.75,121.0,123.35,4580828,,,
2017-09-01,123.0,123.0,121.4,121.8,4952002,,,
2017-09-04,121.85,123.35,119.7,122.4,3509861,,,
2017-09-05,122.3,122.4,121.4,121.6,2214898,,,
2017-09-06,120.95,121.55,119.8,120.55,2700125,,,
2017-09-07,121.2,121.6,120.1,121.4,2817337,,,
2017-09-08,121.6,121.9,119.5,119.85,4831200,,,
2017-09-11,118.7,121.5,118.5,121.25,3490415,,,
2017-09-12,121.25,121.7,120.55,121.1,2422839,,,
2017-09-13,121.1,121.6,119.8,120.2,2069873,,,
2017-09-14,120.0,121.5,119.6,120.35,3821197,,,
2017-09-15,119.6,120.1,117.1,119.55,5093127,,,
2017-09-18,119.55,122.25,119.55,121.1,5889508,,,
2017-09-19,121.7,121.7,119.7,121.4,3111141,,,
2017-09-20,121.4,121.6,119.55,119.75,3199217,,,
2017-09-21,119.75,119.75,118.3,119.0,2876482,,,
2017-09-22,118.15,118.9,117.1,117.85,2922258,,,
2017-09-25,117.55,120.3,116.8,118.2,7344902,,,
2017-09-26,120.1,120.1,118.2,118.55,3695835,,,
2017-09-27,119.25,119.85,116.3,117.1,4435381,,,
2017-09-28,115.9,118.65,115.3,117.55,6543614,,,
2017-09-29,118.7,119.6,115.95,118.7,7752692,,,
2017-10-03,119.3,119.4,115.6,115.95,6916620,,,
2017-10-04,115.35,118.5,115.35,117.6,6792700,,,
2017-10-05,117.55,117.8,114.8,115.25,9760723,,,
2017-10-06,115.3,115.8,114.5,115.15,7574977,,,
2017-10-09,115.25,115.25,112.3,113.0,12063410,,,
2017-10-10,113.1,115.9,113.05,115.15,8190135,,,
2017-10-11,115.55,115.95,113.3,114.1,6654926,,,
2017-10-12,114.2,114.85,113.3,113.8,3104186,,,
2017-10-13,113.85,116.5,112.6,115.7,6409506,,,
2017-10-16,116.25,117.35,115.4,115.7,6480686,,,
2017-10-17,115.45,116.4,114.7,115.25,2776755,,,
2017-10-18,116.0,120.5,115.9,120.1,10397526,,,
2017-10-19,119.75,119.8,117.85,118.5,314646,,,
2017-10-23,119.75,120.5,118.7,120.1,7966337,,,
2017-10-24,120.0,121.4,118.9,121.0,3966029,,,
2017-10-25,121.5,123.2,120.25,121.6,9172382,,,
2017-10-26,120.6,121.35,118.55,119.25,13232340,,,
2017-10-27,119.45,120.1,118.35,119.1,5616749,,,
2017-10-30,119.2,120.7,119.2,119.5,2316779,,,
2017-10-31,119.6,123.15,118.5,119.2,9248774,,,
2017-11-01,119.75,120.05,117.4,118.3,6984781,,,
2017-11-02,119.25,121.7,119.15,121.05,9146192,,,
2017-11-03,124.05,124.05,117.9,118.15,14789896,,,
2017-11-06,118.55,120.0,117.8,118.5,4491667,,,
2017-11-07,119.0,119.35,116.2,116.8,5457495,,,
2017-11-08,117.0,118.1,116.5,117.1,7187101,,,
2017-11-09,118.0,118.0,115.3,117.0,5339303,,,
2017-11-10,116.45,119.25,116.2,118.9,5062281,,,
2017-11-13,119.2,120.0,117.75,118.7,4435470,,,
2017-11-14,118.7,118.7,115.95,116.4,2771842,,,
2017-11-15,116.25,116.75,115.0,116.45,4867318,,,
2017-11-16,116.5,117.5,115.4,117.2,10140289,,,
2017-11-17,117.75,118.1,116.85,117.35,5171470,,,
2017-11-20,118.3,118.3,115.7,117.45,4655923,,,
2017-11-21,117.5,117.5,115.75,116.2,8773164,,,
2017-11-22,117.1,117.1,115.35,116.5,4874067,,,
2017-11-23,116.9,118.0,116.2,117.6,3839018,,,
2017-11-24,117.3,119.2,117.0,118.8,4350777,,,
2017-11-27,119.15,119.2,117.0,118.2,8331302,,,
2017-11-28,118.1,118.1,116.0,117.2,12120115,,,
2017-11-29,117.35,118.0,116.75,117.4,4120057,,,
2017-11-30,117.3,117.3,115.4,115.9,10831836,,,
2017-12-01,116.45,116.6,113.75,114.15,4596793,,,
2017-12-04,114.45,114.7,113.0,114.05,4007567,,,
2017-12-05,113.6,113.9,110.75,112.7,9835372,,,
2017-12-06,112.35,113.0,111.75,112.65,3125911,,,
2017-12-07,112.65,114.2,112.2,113.8,6254864,,,
2017-12-08,114.2,114.65,112.4,114.2,8221277,,,
2017-12-11,114.65,115.55,113.95,114.95,4630220,,,
2017-12-12,115.05,115.05,113.55,114.15,4674563,,,
2017-12-13,113.05,113.9,112.4,112.8,6809610,,,
2017-12-14,113.25,113.4,111.7,112.6,7221606,,,
2017-12-15,113.3,113.7,111.1,111.85,12743418,,,
2017-12-18,111.9,112.6,108.8,112.4,9468007,,,
2017-12-19,112.9,114.2,112.05,113.95,11324852,,,
2017-12-20,114.2,114.4,112.45,114.15,7930111,,,
2017-12-21,115.2,115.2,113.7,114.2,4433485,,,
2017-12-22,114.2,114.5,113.55,114.2,4162459,,,
2017-12-26,114.15,114.75,113.2,113.9,4470055,,,
2017-12-27,113.9,115.05,112.95,113.2,4405186,,,
2017-12-28,113.3,113.65,111.7,112.0,8885365,,,
2017-12-29,112.25,113.5,112.2,112.7,4815882,,,
2018-01-01,112.0,113.5,112.0,112.6,3593261,,,
2018-01-02,113.2,113.5,112.1,112.9,2465835,,,
2018-01-03,113.3,113.9,112.85,113.45,4605412,,,
2018-01-04,113.6,114.1,112.5,112.7,2364782,,,
2018-01-05,113.25,113.65,112.85,113.2,2769503,,,
2018-01-08,113.6,114.35,112.55,112.8,6636300,,,
2018-01-09,113.1,113.3,112.7,113.05,4151457,,,
2018-01-10,113.55,113.55,111.7,112.4,4899593,,,
2018-01-11,112.0,112.7,111.0,111.3,6921938,,,
2018-01-12,111.45,111.55,110.1,110.45,5294204,,,
2018-01-15,111.25,112.65,109.75,112.1,5603852,,,
2018-01-16,112.0,112.1,109.3,110.35,7428122,,,
2018-01-17,110.25,111.75,109.1,111.05,7319498,,,
2018-01-18,111.7,112.4,110.1,110.8,13839476,,,
2018-01-19,110.8,111.4,109.3,110.3,4546247,,,
2018-01-22,110.3,110.75,109.7,109.9,5531239,,,
2018-01-23,109.9,110.45,109.15,110.2,9075432,,,
2018-01-24,109.9,110.75,109.75,110.2,6222026,,,
2018-01-25,110.6,110.75,108.65,109.3,7393321,,,
2018-01-29,109.4,110.25,109.1,109.2,6189131,,,
2018-01-30,109.0,110.3,107.25,109.65,12839776,,,
2018-01-31,109.65,109.9,108.0,109.0,8084501,,,
2018-02-01,109.4,109.75,106.3,109.6,9578382,,,
2018-02-02,109.4,109.4,107.45,108.5,12422214,,,
2018-02-05,106.9,110.75,106.9,110.55,12373481,,,
2018-02-06,106.9,110.0,106.9,109.65,7591082,,,
2018-02-07,110.15,110.75,108.8,109.95,8053174,,,
2018-02-08,109.1,109.5,108.2,108.7,18864371,,,
2018-02-09,108.0,109.3,107.45,108.7,8540478,,,
2018-02-12,109.25,112.0,108.75,111.7,6608165,,,
2018-02-14,111.65,111.65,109.0,109.95,7792834,,,
2018-02-15,110.25,111.55,109.5,111.3,4968912,,,
2018-02-16,111.45,111.5,109.55,110.0,3516874,,,
2018-02-19,110.0,110.75,108.9,109.2,2437060,,,
2018-02-20,109.65,110.45,109.0,109.7,4769753,,,
2018-02-21,110.0,110.2,108.75,109.1,5207855,,,
2018-02-22,108.75,109.4,106.45,107.0,14363969,,,
2018-02-23,107.2,109.05,107.05,108.7,6506718,,,
2018-02-26,109.7,110.9,108.55,110.3,4703810,,,
2018-02-27,110.95,111.5,110.0,111.2,9750068,,,
2018-02-28,110.7,111.5,109.9,111.2,3259699,,,
2018-03-01,110.85,111.7,110.0,111.05,4560010,,,
2018-03-05,110.7,110.85,109.25,110.75,3933311,,,
2018-03-06,110.85,111.1,108.1,108.65,5357824,,,
2018-03-07,108.4,109.1,107.6,108.75,5333068,,,
2018-03-08,109.05,110.2,108.2,109.9,5866779,,,
2018-03-09,109.95,110.05,107.9,108.5,5561479,,,
2018-03-12,108.8,110.05,108.55,109.7,8011688,,,
2018-03-13,109.65,110.8,108.7,109.7,5951992,,,
2018-03-14,109.5,110.35,108.8,109.3,4824847,,,
2018-03-15,109.1,110.1,109.0,109.6,3449728,,,
2018-03-16,109.35,110.9,107.6,108.15,5835262,,,
2018-03-19,108.8,109.7,108.3,109.25,7591581,,,
2018-03-20,109.2,110.3,108.45,109.65,5434545,,,
2018-03-21,109.95,109.95,108.9,109.25,5442271,,,
2018-03-22,109.25,109.5,108.15,108.4,6396662,,,
2018-03-23,107.45,109.85,107.45,109.25,5097792,,,
2018-03-26,109.35,109.95,109.25,109.65,8691285,,,
2018-03-27,109.7,110.45,109.7,110.2,4254453,,,
2018-03-28,109.95,110.15,108.2,108.7,7928958,,,
2018-04-02,108.5,109.8,108.5,109.65,3837160,,,
2018-04-03,109.6,112.2,109.4,111.7,3526792,,,
2018-04-04,111.9,112.4,109.5,110.3,5450232,,,
2018-04-05,111.3,111.65,110.25,110.4,4878846,,,
2018-04-06,111.1,111.3,110.1,110.2,4471171,,,
2018-04-09,110.25,110.55,109.8,110.2,2593376,,,
2018-04-10,110.75,111.75,110.45,110.75,4253691,,,
2018-04-11,111.4,111.5,110.15,110.8,3257053,,,
2018-04-12,110.9,111.3,110.3,110.45,1990005,,,
2018-04-13,110.55,111.4,110.5,111.1,1933883,,,
2018-04-16,110.95,113.0,110.7,112.05,5415997,,,
2018-04-17,114.3,116.5,113.75,115.25,13195105,,,
2018-04-18,115.35,115.75,114.95,115.3,4957945,,,
2018-04-19,115.6,117.5,115.25,117.1,5978038,,,
2018-04-20,117.45,117.9,116.0,116.55,3063725,,,
2018-04-23,116.9,116.9,115.4,116.3,2328743,,,
2018-04-24,117.1,117.1,115.2,116.15,2021988,,,
2018-04-25,116.1,118.1,114.7,116.6,3332687,,,
2018-04-26,116.75,117.4,116.0,116.45,4471983,,,
2018-04-27,116.7,117.4,116.5,116.9,4146524,,,
2018-04-30,116.75,117.55,116.5,116.9,3175241,,,
2018-05-02,116.45,117.6,115.1,115.4,4056134,,,
2018-05-03,115.3,116.75,114.35,116.15,2127777,,,
2018-05-04,116.45,116.9,115.05,116.65,12637368,,,
2018-05-07,116.45,118.1,116.45,117.75,3377187,,,
2018-05-08,117.8,120.4,117.5,119.65,11108293,,,
2018-05-09,119.25,120.2,118.75,119.2,7838063,,,
2018-05-10,118.8,119.15,115.1,117.0,7859920,,,
2018-05-11,117.45,117.55,115.85,116.35,6012540,,,
2018-05-14,115.9,118.0,115.9,117.6,7853699,,,
2018-05-15,117.55,121.5,117.4,120.3,31522977,,,
2018-05-16,120.6,120.95,119.55,120.1,10228377,,,
2018-05-17,119.55,121.5,119.45,120.1,10069279,,,
2018-05-18,120.2,120.95,119.3,119.75,10358438,,,
2018-05-21,120.65,120.65,119.0,119.6,9376866,,,
2018-05-22,120.2,120.4,117.8,118.55,5293836,,,
2018-05-23,118.7,119.5,118.0,118.9,10248747,,,
2018-05-24,119.5,119.5,118.9,119.1,9709004,,,
2018-05-25,118.25,119.85,118.25,119.3,16926167,,,
2018-05-28,119.4,119.55,116.05,116.4,9837171,,,
2018-05-29,117.15,118.0,115.7,116.45,8859017,,,
2018-05-30,116.45,119.2,116.45,117.8,20259356,,,
2018-05-31,118.05,119.6,113.4,117.8,154323307,,,
2018-06-01,116.4,116.9,112.7,115.85,9616721,,,
2018-06-04,116.4,116.4,112.85,113.5,8131730,,,
2018-06-05,112.95,113.15,109.7,111.85,7756212,,,
2018-06-06,111.1,114.35,111.1,113.1,4573416,,,
2018-06-07,113.3,114.7,111.5,114.05,4321986,,,
2018-06-08,113.0,113.2,110.65,111.3,6991475,,,
2018-06-11,111.7,112.1,109.4,110.1,11063276,,,
2018-06-12,110.5,110.5,108.8,109.7,7546970,,,
2018-06-13,110.45,112.1,109.7,111.45,6112507,,,
2018-06-14,111.5,112.1,110.6,111.85,4052919,,,
2018-06-15,111.85,111.95,110.4,111.3,5359466,,,
2018-06-18,111.3,112.2,110.4,111.75,2420688,,,
2018-06-19,111.1,112.35,110.7,111.75,4555719,,,
2018-06-20,111.75,112.35,110.7,112.0,4590123,,,
2018-06-21,111.45,111.75,109.0,109.95,6155201,,,
2018-06-22,110.35,111.6,109.2,111.2,4318762,,,
2018-06-25,111.2,111.55,107.7,109.25,4894771,,,
2018-06-26,109.05,109.5,106.3,107.3,5551442,,,
2018-06-27,107.95,108.3,104.5,105.3,7365681,,,
2018-06-28,106.0,106.15,103.0,103.95,12680239,,,
2018-06-29,104.2,107.05,103.6,105.1,4745135,,,
2018-07-02,105.2,105.4,103.2,104.1,7368833,,,
2018-07-03,103.55,104.3,101.95,103.8,5619804,,,
2018-07-04,104.2,106.45,102.45,102.95,5977279,,,
2018-07-05,103.0,103.35,101.55,102.2,4353397,,,
2018-07-06,102.2,102.9,101.75,102.25,4066661,,,
2018-07-09,102.5,104.05,102.4,103.8,5759335,,,
2018-07-10,104.05,104.25,103.15,103.55,4082776,,,
2018-07-11,103.4,103.9,102.6,102.9,2151809,,,
2018-07-12,103.05,103.25,102.15,102.7,6482241,,,
2018-07-13,102.5,103.1,101.95,102.2,2696476,,,
2018-07-16,101.85,102.7,101.6,102.0,6857537,,,
2018-07-17,101.6,102.5,101.25,102.1,2642742,,,
2018-07-18,102.7,103.4,100.15,100.45,3287886,,,
2018-07-19,100.7,101.7,99.6,99.8,3363819,,,
2018-07-20,99.8,100.1,97.95,98.9,2966436,,,
2018-07-23,98.95,100.1,98.8,99.6,3564547,,,
2018-07-24,100.25,100.4,99.15,100.0,3521357,,,
2018-07-25,100.5,100.7,98.25,98.8,4363728,,,
2018-07-26,99.15,103.4,98.0,102.3,19051590,,,
2018-07-27,103.1,103.95,100.25,101.2,11075771,,,
2018-07-30,101.75,103.35,101.3,103.05,5787343,,,
2018-07-31,103.3,104.4,102.3,102.55,6589028,,,
2018-08-01,102.95,104.5,101.3,103.9,5793747,,,
2018-08-02,104.7,107.0,103.9,106.1,6921901,,,
2018-08-03,106.75,107.4,106.3,107.0,4213799,,,
2018-08-06,107.9,107.9,106.1,106.6,2781382,,,
2018-08-07,106.8,107.25,105.55,106.35,1839521,,,
2018-08-08,106.35,107.25,105.7,106.6,3501870,,,
2018-08-09,106.6,108.55,105.7,108.35,3560051,,,
2018-08-10,109.0,109.05,106.35,107.2,2761821,,,
2018-08-13,106.1,106.9,105.25,105.75,1427592,,,
2018-08-14,105.5,106.3,104.9,105.7,1296390,,,
2018-08-16,105.4,106.9,105.2,105.6,2059701,,,
2018-08-17,106.05,106.3,104.5,105.2,2262658,,,
2018-08-20,105.45,106.25,104.4,105.55,1399379,,,
2018-08-21,105.55,105.95,104.55,105.5,2055992,,,
2018-08-23,105.5,107.45,105.5,107.0,5311468,,,
2018-08-24,107.2,109.45,106.6,107.4,4721252,,,
2018-08-27,107.5,111.55,107.4,111.25,7898756,,,
2018-08-28,111.15,112.75,110.1,110.9,4626074,,,
2018-08-29,110.8,112.0,108.1,108.6,3912654,,,
2018-08-30,108.7,111.5,108.2,110.75,12570257,,,
2018-08-31,109.6,113.75,109.6,113.3,6668243,,,
2018-09-03,114.1,115.3,109.1,109.4,5062367,,,
2018-09-04,109.4,110.5,107.8,109.4,3030652,,,
2018-09-05,109.2,110.8,108.4,110.05,4125425,,,
2018-09-06,110.25,113.5,109.95,112.1,9257476,,,
2018-09-07,113.0,113.0,108.5,110.1,2576594,,,
2018-09-10,108.65,109.7,106.95,108.5,3540263,,,
2018-09-11,108.6,109.6,104.75,105.15,5377809,,,
2018-09-12,105.2,109.85,105.2,109.0,7640014,,,
2018-09-14,109.85,113.6,109.05,112.6,12834285,,,
2018-09-17,111.05,114.5,111.05,113.55,8529046,,,
2018-09-18,113.3,114.7,111.45,111.9,2777260,,,
2018-09-19,111.95,112.5,110.35,111.55,3389415,,,
2018-09-21,111.95,113.55,109.7,112.7,6285924,,,
2018-09-24,112.5,112.7,109.4,111.15,2245669,,,
2018-09-25,110.8,111.7,107.8,108.35,6058637,,,
2018-09-26,108.8,109.1,105.85,108.5,4098766,,,
2018-09-27,108.55,110.2,108.1,109.4,4557000,,,
2018-09-28,109.4,111.35,105.4,106.0,5784993,,,
2018-10-01,105.95,109.05,104.55,108.2,2635166,,,
2018-10-03,107.2,108.2,105.95,106.25,5821641,,,
2018-10-04,105.75,107.4,103.8,106.45,6321994,,,
2018-10-05,106.3,107.75,104.8,105.4,3957511,,,
2018-10-08,104.9,106.35,102.7,105.0,2632604,,,
2018-10-09,105.2,106.6,104.25,104.9,3123162,,,
2018-10-10,104.75,106.25,104.75,105.25,1983417,,,
2018-10-11,104.6,106.05,103.55,104.5,5634317,,,
2018-10-12,104.75,106.7,104.7,106.0,3856539,,,
2018-10-15,106.0,106.9,104.7,105.8,3896190,,,
2018-10-16,105.7,106.2,104.1,105.3,3673479,,,
2018-10-17,105.8,106.95,105.75,106.35,2335081,,,
2018-10-19,106.3,107.7,105.2,106.4,5342512,,,
2018-10-22,106.55,107.45,105.9,106.4,2462190,,,
2018-10-23,105.75,108.4,104.5,107.4,2587318,,,
2018-10-24,107.7,108.15,106.55,107.1,2536982,,,
2018-10-25,106.7,108.1,105.0,107.6,4193672,,,
2018-10-26,107.05,107.45,105.65,106.0,3594861,,,
2018-10-29,106.55,107.2,105.4,106.6,4710925,,,
2018-10-30,106.3,106.6,104.4,104.7,2871863,,,
2018-10-31,104.1,105.05,100.6,104.6,5412453,,,
2018-11-01,104.7,106.5,104.35,106.0,3151762,,,
2018-11-02,106.35,108.2,106.1,106.8,3394386,,,
2018-11-05,106.35,106.6,104.05,104.65,2740960,,,
2018-11-06,105.2,106.3,104.05,105.8,4127100,,,
2018-11-07,106.9,106.9,105.8,106.35,125611,,,
2018-11-09,106.3,108.1,106.2,107.85,5192516,,,
2018-11-12,107.7,108.5,103.65,104.6,2197501,,,
2018-11-13,105.2,105.75,102.85,103.55,4359608,,,
2018-11-14,103.7,105.2,103.6,104.6,5579407,,,
2018-11-15,104.6,106.05,104.35,105.2,4958389,,,
2018-11-16,105.2,106.9,104.75,105.8,3114590,,,
2018-11-19,105.85,107.2,105.55,106.7,2899948,,,
2018-11-20,107.5,107.5,105.45,106.0,1503751,,,
2018-11-21,105.45,105.7,102.0,102.45,3615001,,,
2018-11-22,103.35,103.35,100.0,101.15,3505100,,,
2018-11-26,101.3,102.85,100.6,102.65,2825172,,,
2018-11-27,102.35,104.0,101.45,102.7,3784227,,,
2018-11-28,102.3,104.05,102.1,103.7,5220725,,,
2018-11-29,104.0,106.05,100.9,101.55,9222488,,,
2018-11-30,101.8,103.25,100.3,101.3,5947786,,,
2018-12-03,101.85,106.05,101.85,103.4,6248048,,,
2018-12-04,103.15,105.85,102.45,105.35,3546190,,,
2018-12-05,104.1,105.6,102.7,103.2,3248308,,,
2018-12-06,103.2,104.3,102.75,103.2,4837686,,,
2018-12-07,103.4,105.2,101.6,102.75,4712643,,,
2018-12-10,101.55,102.6,99.4,100.9,3617578,,,
2018-12-11,100.0,102.0,99.65,101.45,3664235,,,
2018-12-12,101.75,103.4,101.6,102.7,4160605,,,
2018-12-13,102.55,102.95,101.85,102.7,2391249,,,
2018-12-14,102.1,104.75,101.55,104.5,5218151,,,
2018-12-17,106.9,110.55,106.7,108.3,13346573,,,
2018-12-18,108.5,110.8,107.4,110.45,8722897,,,
2018-12-19,109.7,112.2,109.7,111.95,6431889,,,
2018-12-20,110.85,111.9,109.65,111.35,4465342,,,
2018-12-21,111.4,112.0,110.05,110.75,4906476,,,
2018-12-24,110.8,111.25,108.7,109.1,4816937,,,
2018-12-26,108.9,110.45,107.6,109.9,2680899,,,
2018-12-27,109.7,112.2,108.8,110.55,26148646,,,
2018-12-28,111.1,111.55,110.0,110.85,2892439,,,
2018-12-31,110.6,112.5,110.25,111.75,3553755,,,
2019-01-01,111.1,112.8,110.3,112.5,2228415,,,
2019-01-02,112.0,112.5,109.1,109.85,4430566,,,
2019-01-03,109.65,109.7,108.0,108.6,4467862,,,
2019-01-04,108.75,110.65,107.65,110.2,2259867,,,
2019-01-07,110.3,111.9,110.2,111.65,2020789,,,
2019-01-08,111.3,111.7,110.15,111.0,2244865,,,
2019-01-09,111.0,111.8,110.0,111.15,2299236,,,
2019-01-10,111.1,111.1,109.65,110.05,2019221,,,
2019-01-11,109.65,110.2,108.7,109.3,1685132,,,
2019-01-14,109.15,109.3,107.45,108.3,3020885,,,
2019-01-15,111.95,111.95,107.1,108.25,6468115,,,
2019-01-16,108.3,109.2,107.75,108.0,4789937,,,
2019-01-17,108.0,109.4,108.0,109.05,2995612,,,
2019-01-18,109.1,110.6,108.3,108.9,2456405,,,
2019-01-21,109.1,109.5,107.25,107.6,2287769,,,
2019-01-22,107.45,107.6,106.05,106.7,2012319,,,
2019-01-23,106.6,107.7,104.5,104.8,3472589,,,
2019-01-24,105.0,106.35,104.35,105.05,3463363,,,
2019-01-25,105.5,106.35,104.2,104.55,2175999,,,
2019-01-28,104.6,106.1,102.4,105.65,4185481,,,
2019-01-29,105.1,105.65,103.3,104.4,9826512,,,
2019-01-30,104.1,105.7,103.15,105.2,7150221,,,
2019-01-31,106.05,107.7,105.1,106.1,14498055,,,
2019-02-01,107.4,107.9,104.55,107.0,5329604,,,
2019-02-04,106.6,106.6,103.35,103.85,2069251,,,
2019-02-05,103.6,105.15,103.2,104.7,3093963,,,
2019-02-06,104.75,106.15,103.9,105.1,2431491,,,
2019-02-07,105.15,105.6,103.5,103.85,2423984,,,
2019-02-08,103.85,105.7,101.55,101.8,4326833,,,
2019-02-11,101.0,103.05,100.05,102.55,4451317,,,
2019-02-12,102.95,104.85,101.5,101.95,6710853,,,
2019-02-13,102.15,103.9,97.7,99.3,8525054,,,
2019-02-14,99.8,100.6,97.05,98.4,20791350,,,
2019-02-15,100.35,102.5,99.9,102.1,9003158,,,
2019-02-18,102.1,103.2,101.0,101.65,4485330,,,
2019-02-19,101.4,102.95,100.65,100.95,6088733,,,
2019-02-20,101.65,102.7,100.45,102.25,5432730,,,
2019-02-21,102.75,102.95,101.75,102.25,5173777,,,
2019-02-22,102.2,102.7,101.55,102.3,6852451,,,
2019-02-25,101.8,102.7,100.45,102.35,16822873,,,
2019-02-26,100.95,102.75,100.6,101.95,7697140,,,
2019-02-27,102.0,103.7,101.2,102.1,7631155,,,
2019-02-28,102.9,103.9,101.6,102.85,39298476,,,
2019-03-01,103.0,103.35,102.45,103.05,4065623,,,
2019-03-05,103.5,104.3,102.7,102.95,8850207,,,
2019-03-06,103.0,104.85,102.2,103.8,11439434,,,
2019-03-07,105.2,106.6,103.85,105.25,6916242,,,
2019-03-08,105.75,106.0,104.2,105.2,3493857,,,
2019-03-11,106.05,110.25,105.6,109.3,9944379,,,
2019-03-12,109.5,113.6,109.5,110.45,14882155,,,
2019-03-13,111.45,111.5,108.6,109.55,3898251,,,
2019-03-14,106.25,106.7,105.35,105.5,4762557,,,
2019-03-15,105.2,109.25,105.2,108.7,8044829,,,
2019-03-18,109.2,111.25,108.7,110.85,8014129,,,
2019-03-19,110.35,112.6,109.9,111.95,9560251,,,
2019-03-20,112.1,112.4,110.55,111.05,5096583,,,
2019-03-22,111.3,113.0,110.9,111.7,4940345,,,
2019-03-25,110.9,114.45,109.7,113.6,8159917,,,
2019-03-26,113.7,114.7,112.15,114.1,4708995,,,
2019-03-27,114.2,115.1,111.7,112.6,6513687,,,
2019-03-28,112.5,112.5,110.5,111.5,9582112,,,
2019-03-29,111.4,112.85,110.65,111.3,6938849,,,
2019-04-01,111.5,112.35,109.7,110.0,5972451,,,
2019-04-02,110.25,112.95,110.25,112.4,10094645,,,
2019-04-03,112.7,113.9,112.6,113.0,8480624,,,
2019-04-04,113.3,114.35,111.7,112.1,5698269,,,
2019-04-05,112.9,112.9,110.3,110.45,5559738,,,
2019-04-08,111.4,112.7,110.0,111.55,7600301,,,
2019-04-09,111.9,112.1,110.85,111.55,5993930,,,
2019-04-10,111.2,112.3,111.2,111.75,4858426,,,
2019-04-11,112.0,112.15,110.05,110.2,7713731,,,
2019-04-12,110.6,111.2,109.7,110.85,6189814,,,
2019-04-15,111.25,113.0,110.85,111.4,5042992,,,
2019-04-16,111.95,112.4,110.55,110.75,2766620,,,
2019-04-18,111.0,111.3,108.8,109.3,6521210,,,
2019-04-22,109.25,110.6,108.8,109.6,4371779,,,
2019-04-23,109.0,109.4,108.05,108.55,3760884,,,
2019-04-24,108.6,109.5,106.9,107.95,4099586,,,
2019-04-25,108.1,110.15,107.25,107.75,9899598,,,
2019-04-26,107.45,109.35,107.05,107.3,4873828,,,
2019-04-30,107.85,108.3,104.3,104.85,8038675,,,
2019-05-02,105.2,107.3,104.9,107.0,5004873,,,
2019-05-03,107.4,108.5,107.0,107.35,6065348,,,
2019-05-06,106.9,108.5,106.25,107.15,3081345,,,
2019-05-07,107.2,109.0,107.2,107.75,5315789,,,
2019-05-08,107.95,109.0,106.25,106.9,5726663,,,
2019-05-09,106.8,106.9,104.8,105.7,4455684,,,
2019-05-10,106.0,106.0,104.1,104.35,3340512,,,
2019-05-13,104.3,104.65,102.4,102.75,3096246,,,
2019-05-14,102.3,103.6,101.85,102.2,6375930,,,
2019-05-15,103.0,103.85,99.8,100.45,4284152,,,
2019-05-16,100.9,102.75,100.6,102.3,4871754,,,
2019-05-17,102.2,103.25,101.45,102.45,5728070,,,
2019-05-20,104.7,106.25,103.55,105.8,3536506,,,
2019-05-21,105.9,106.1,103.35,103.45,4358386,,,
2019-05-22,103.4,104.25,102.25,102.45,3922111,,,
2019-05-23,104.6,105.8,103.0,103.9,7855946,,,
2019-05-24,104.45,104.9,103.65,104.45,4072937,,,
2019-05-27,104.9,106.65,104.45,105.4,3613600,,,
2019-05-28,105.9,107.6,105.65,107.0,6331452,,,
2019-05-29,107.65,108.55,106.5,106.95,4674507,,,
2019-05-30,108.8,109.05,105.8,107.55,19681660,,,
2019-05-31,107.7,108.2,106.0,106.5,6665541,,,
2019-06-03,107.0,108.8,106.9,108.6,6810170,,,
2019-06-04,108.3,110.25,107.95,108.5,6439005,,,
2019-06-06,109.7,111.45,109.2,109.95,14699788,,,
2019-06-07,109.95,110.3,107.5,107.85,4940826,,,
2019-06-10,108.5,110.2,108.2,109.3,6317937,,,
2019-06-11,109.9,110.1,108.5,108.95,3706486,,,
2019-06-12,108.55,108.9,107.05,107.5,4224235,,,
2019-06-13,107.55,109.4,106.7,109.05,6210929,,,
2019-06-14,109.1,110.75,108.75,109.45,19675955,,,
2019-06-17,110.5,110.5,108.9,109.15,6109176,,,
2019-06-18,109.5,111.85,109.2,111.25,10021234,,,
2019-06-19,111.45,113.3,111.4,112.7,18406350,,,
2019-06-20,112.9,114.05,112.1,113.0,6445947,,,
2019-06-21,113.2,113.65,111.7,112.4,9338314,,,
2019-06-24,112.5,112.9,111.1,112.0,5559408,,,
2019-06-25,111.95,113.8,111.95,113.4,5836106,,,
2019-06-26,113.3,118.65,113.1,117.95,17540344,,,
2019-06-27,117.6,118.05,116.0,116.85,7729631,,,
2019-06-28,116.5,117.9,115.1,116.4,6788150,,,
2019-07-01,116.6,118.1,115.7,116.5,6306647,,,
2019-07-02,116.65,117.7,116.05,116.6,6864596,,,
2019-07-03,117.1,117.95,116.25,117.5,7702871,,,
2019-07-04,117.55,118.6,116.85,118.25,6932278,,,
2019-07-05,118.15,119.25,114.85,115.8,7045834,,,
2019-07-08,115.3,116.05,112.7,113.2,5033331,,,
2019-07-09,113.6,115.4,112.25,115.15,3867555,,,
2019-07-10,115.1,116.15,114.2,115.5,7129858,,,
2019-07-11,116.1,117.65,115.95,117.35,4392151,,,
2019-07-12,117.35,118.05,115.0,116.25,3571367,,,
2019-07-15,115.7,116.3,114.15,115.25,3744078,,,
2019-07-16,115.2,117.8,114.95,117.5,3727954,,,
2019-07-17,117.45,118.4,116.15,117.0,3593737,,,
2019-07-18,117.5,117.5,115.3,115.5,4736048,,,
2019-07-19,115.75,116.8,114.1,115.7,6113900,,,
2019-07-22,115.9,116.55,113.95,114.8,5097271,,,
2019-07-23,115.1,118.7,114.85,118.4,7901332,,,
2019-07-24,117.95,119.8,117.3,118.0,10227035,,,
2019-07-25,118.1,120.6,118.05,119.9,15798251,,,
2019-07-26,119.9,120.4,118.25,119.0,6159906,,,
2019-07-29,119.45,119.55,116.2,116.9,3346287,,,
2019-07-30,116.9,118.0,116.25,117.15,5653129,,,
2019-07-31,116.7,120.35,116.4,118.6,14754319,,,
2019-08-01,119.2,121.65,118.0,120.4,15226320,,,
2019-08-02,119.75,120.35,117.2,118.4,11735881,,,
2019-08-05,118.1,118.1,110.75,113.15,10160651,,,
2019-08-06,112.85,113.9,110.4,111.45,6663703,,,
2019-08-07,111.95,113.0,110.85,111.85,5306006,,,
2019-08-08,111.4,117.4,110.85,114.0,3709823,,,
2019-08-09,114.45,117.5,113.2,113.6,5161460,,,
2019-08-13,112.75,115.55,110.65,113.6,4251427,,,
2019-08-14,113.1,116.0,111.2,115.4,4513588,,,
2019-08-16,114.8,120.5,113.8,118.75,6690715,,,
2019-08-19,117.65,118.1,115.95,116.5,4556305,,,
2019-08-20,116.45,118.65,115.7,115.9,4900309,,,
2019-08-21,116.25,116.75,114.95,115.25,3177771,,,
2019-08-22,115.05,115.6,112.95,114.05,2845805,,,
2019-08-23,113.65,115.1,112.9,113.3,4281349,,,
2019-08-26,113.8,114.45,112.0,114.15,4413917,,,
2019-08-27,114.2,117.8,114.2,116.2,10590764,,,
2019-08-28,116.95,118.85,114.95,115.7,8863308,,,
2019-08-29,115.7,116.3,114.55,115.2,4871802,,,
2019-08-30,115.5,116.55,109.1,112.8,8792427,,,
2019-09-03,113.3,113.85,110.3,110.85,5340832,,,
2019-09-04,111.1,111.95,109.9,110.75,4818246,,,
2019-09-05,111.95,114.4,111.0,112.1,7987079,,,
2019-09-06,112.7,114.95,112.55,114.45,7752900,,,
2019-09-09,114.35,115.25,113.5,114.15,2682726,,,
2019-09-11,114.2,114.7,112.4,113.3,4344370,,,
2019-09-12,113.6,113.6,111.2,112.3,6477884,,,
2019-09-13,112.2,114.2,112.0,114.0,4063241,,,
2019-09-16,113.05,114.75,113.0,113.7,3392447,,,
2019-09-17,113.85,114.0,112.1,112.75,3275983,,,
2019-09-18,112.8,114.2,111.5,113.65,4053843,,,
2019-09-19,114.05,114.05,112.0,113.15,3547547,,,
2019-09-20,112.6,117.5,109.9,110.35,29170781,,,
2019-09-23,110.8,111.5,104.85,105.95,13829833,,,
2019-09-24,105.7,107.95,104.05,107.15,10256859,,,
2019-09-25,108.8,114.4,108.6,111.8,27137978,,,
2019-09-26,112.45,113.3,110.85,112.1,8902619,,,
2019-09-27,111.25,112.35,110.3,111.45,5644381,,,
2019-09-30,110.8,112.5,110.05,112.0,5125123,57623.0,88.94,4779277.0
2019-10-01,112.2,114.0,110.25,110.55,4294378,56800.0,75.61,1784385.0
2019-10-03,110.6,112.5,109.4,112.0,5306011,86240.0,61.53,3073036.0
2019-10-04,112.0,112.4,110.0,110.55,10936177,104592.0,104.56,6453682.0
2019-10-07,110.6,111.05,109.35,110.55,6556499,44683.0,146.73,4693558.0
2019-10-09,111.1,111.9,109.9,111.2,4783649,35755.0,133.79,2774721.0
2019-10-10,111.3,112.25,110.55,112.0,3927919,50288.0,78.11,1778734.0
2019-10-11,112.0,114.9,111.9,113.05,5916128,41481.0,142.62,2871175.0
2019-10-14,113.05,113.8,111.2,111.6,6278901,33354.0,188.25,3149810.0
2019-10-15,111.6,113.6,111.55,113.2,2819926,24514.0,115.03,1312480.0
2019-10-16,113.05,113.2,110.6,111.7,3751225,37431.0,100.22,2031650.0
2019-10-17,111.8,112.35,110.55,111.2,4443652,39395.0,112.8,2937639.0
2019-10-18,111.2,114.35,110.8,113.9,4947441,48921.0,101.13,2603832.0
2019-10-22,113.05,116.75,113.05,115.35,6004825,66491.0,90.31,3253561.0
2019-10-23,115.3,116.45,113.8,116.0,3249895,35978.0,90.33,1579735.0
2019-10-24,116.1,116.6,114.5,114.8,3053353,47855.0,63.8,1555330.0
2019-10-25,115.55,115.55,113.15,114.15,2246410,46306.0,48.51,1056776.0
2019-10-27,114.75,114.95,113.05,113.8,218485,1770.0,123.44,54828.0
2019-10-29,113.75,114.15,112.2,113.1,3343473,57810.0,57.84,1969858.0
2019-10-30,114.7,114.7,112.1,112.45,3610721,46252.0,78.07,2354616.0
2019-10-31,112.7,113.0,111.3,111.55,8765202,68071.0,128.77,6655233.0
2019-11-01,111.65,111.85,110.65,111.0,4952073,57382.0,86.3,3318283.0
2019-11-04,111.3,111.75,109.15,109.55,8536355,60074.0,142.1,6586166.0
2019-11-05,109.55,110.55,109.05,109.9,4586524,61085.0,75.08,2755811.0
2019-11-06,109.9,110.55,109.5,109.7,5165670,57726.0,89.49,4082746.0
2019-11-07,110.25,110.75,108.95,109.25,8717658,58399.0,149.28,5915324.0
2019-11-08,109.85,109.9,107.35,107.8,6616268,69195.0,95.62,3316031.0
2019-11-11,107.8,108.6,107.05,107.85,5675095,45429.0,124.92,3624853.0
2019-11-13,108.0,109.3,105.95,106.45,5319551,51447.0,103.4,3013363.0
2019-11-14,106.9,106.95,105.15,105.75,10901461,48941.0,222.75,8382987.0
2019-11-15,105.75,106.25,105.05,105.55,10269025,46897.0,218.97,8436743.0
2019-11-18,105.6,107.45,105.0,107.25,6618623,61940.0,106.86,3978081.0
2019-11-19,107.45,110.25,107.0,109.95,12498147,68072.0,183.6,8510010.0
2019-11-20,110.2,110.9,109.1,110.3,5398646,65261.0,82.72,2992159.0
2019-11-21,110.15,110.75,109.1,110.45,6810693,40487.0,168.22,5163395.0
2019-11-22,110.25,113.2,110.25,111.8,9112398,50430.0,180.69,5632197.0
2019-11-25,111.95,112.7,111.25,111.7,3672627,30190.0,121.65,1859622.0
2019-11-26,112.0,112.15,109.05,109.35,12146653,43037.0,282.24,10028574.0
2019-11-27,109.65,110.25,109.2,109.7,6837583,28071.0,243.58,5780259.0
2019-11-28,110.35,111.2,109.25,110.3,3782357,30334.0,124.69,2608402.0
2019-11-29,109.9,110.2,108.1,108.75,9870291,35288.0,279.71,8135376.0
2019-12-02,109.7,109.7,107.1,107.65,11225852,37133.0,302.31,9692183.0
2019-12-03,108.1,108.1,106.35,106.55,4191445,33101.0,126.63,2969064.0
2019-12-04,106.6,106.9,105.6,106.0,5800026,25574.0,226.79,3998857.0
2019-12-05,106.05,106.25,104.9,105.4,2570587,17795.0,144.46,1232827.0
2019-12-06,105.45,105.8,104.55,104.95,3030791,23650.0,128.15,1795941.0
2019-12-09,105.2,106.25,104.35,105.7,3071128,30000.0,102.37,1992682.0
2019-12-10,105.7,105.7,102.5,102.8,5941734,56904.0,104.42,3975556.0
2019-12-11,102.95,103.1,100.3,102.2,22058390,90355.0,244.13,18099577.0
2019-12-12,102.8,105.95,101.85,103.9,35714953,78698.0,453.82,23931288.0
2019-12-13,104.5,105.5,104.05,104.5,7305323,38655.0,188.99,5146540.0
2019-12-16,104.75,105.7,104.3,105.15,4769674,50931.0,93.65,3037880.0
2019-12-17,105.4,106.25,104.4,105.8,10070797,76461.0,131.71,8249723.0
2019-12-18,105.2,106.3,104.7,105.3,5680887,53542.0,106.1,4158687.0
2019-12-19,105.2,105.25,104.0,104.85,3234039,40878.0,79.11,2152681.0
2019-12-20,104.45,105.45,104.1,104.7,5451180,49608.0,109.89,4081945.0
2019-12-23,104.45,105.45,103.9,104.5,9587858,42841.0,223.8,7593389.0
2019-12-24,104.9,105.4,104.3,105.25,2108755,25022.0,84.28,1296261.0
2019-12-26,105.4,105.45,103.55,104.0,2207894,30268.0,72.94,1052014.0
2019-12-27,104.3,106.6,104.3,106.35,4006659,41577.0,96.37,1613794.0
2019-12-30,106.3,107.7,106.1,107.05,3895518,39694.0,98.14,2044443.0
2019-12-31,106.6,108.15,106.45,107.0,6698096,50739.0,132.01,4367403.0
2020-01-01,107.2,110.2,107.0,109.95,7661462,27168.0,282.0,3762688.0
2020-01-02,110.0,110.6,109.3,109.7,3191453,26046.0,122.53,1098914.0
2020-01-03,109.25,109.6,107.6,108.55,4139027,38139.0,108.52,2581533.0
2020-01-06,108.0,109.1,105.75,108.6,4137352,59715.0,69.28,1890738.0
2020-01-07,108.65,109.4,107.5,107.85,7888340,36312.0,217.24,5176365.0
2020-01-08,107.05,107.4,106.25,107.2,5316615,29676.0,179.16,3614753.0
2020-01-09,107.95,108.8,107.5,108.5,4339607,43492.0,99.78,2561083.0
2020-01-10,109.0,109.0,107.45,108.1,2316735,22092.0,104.87,1061714.0
2020-01-13,108.2,109.7,107.9,109.6,15571488,31280.0,497.81,13951418.0
2020-01-14,109.6,110.45,109.25,109.85,3371803,35338.0,95.42,2167894.0
2020-01-15,109.9,110.15,108.5,109.25,4001958,28478.0,140.53,2356838.0
2020-01-16,109.2,111.2,109.2,110.5,4810695,31171.0,154.33,2417208.0
2020-01-17,110.2,111.3,108.95,111.05,2642843,29672.0,89.07,1204134.0
2020-01-20,115.0,118.7,114.35,115.1,27752535,162397.0,170.89,15162237.0
2020-01-21,114.55,114.95,111.95,112.85,9722202,96666.0,100.58,6044830.0
2020-01-22,112.8,113.8,108.6,112.55,31942726,125793.0,253.93,17438108.0
2020-01-23,110.65,116.65,109.05,113.6,127158366,166985.0,761.5,89372584.0
2020-01-24,110.5,111.45,109.25,110.75,9085322,72650.0,125.06,3236209.0
2020-01-27,110.5,110.5,108.2,108.55,4620331,76355.0,60.51,1941608.0
2020-01-28,108.55,108.55,106.35,107.15,5160700,65371.0,78.94,2402541.0
2020-01-29,107.15,109.0,106.45,108.2,9900054,71608.0,138.25,5846163.0
2020-01-30,108.2,109.85,107.65,109.35,14842148,69866.0,212.44,9538597.0
2020-01-31,109.9,109.95,104.1,105.1,35992338,161904.0,222.31,18392034.0
2020-02-01,105.1,105.1,99.5,102.6,23158633,102319.0,226.34,9990867.0
2020-02-03,101.75,106.3,99.8,105.4,9185232,62147.0,147.8,3240361.0
2020-02-04,105.95,109.9,105.75,109.3,7991654,47585.0,167.94,3742211.0
2020-02-05,109.2,110.1,105.75,106.5,8184571,77848.0,105.14,5023412.0
2020-02-06,106.85,109.0,106.1,108.5,5161300,58008.0,88.98,2472297.0
2020-02-07,108.45,108.45,106.05,107.1,10157885,78987.0,128.6,6187839.0
2020-02-10,107.25,107.5,103.9,104.95,17140398,82901.0,206.76,12422696.0
2020-02-11,106.05,107.55,105.8,106.6,18256826,139891.0,130.51,12309176.0
2020-02-12,106.9,107.9,106.05,106.5,9217663,42903.0,214.85,6382260.0
2020-02-13,106.2,107.5,105.6,107.2,10451879,50545.0,206.78,7404879.0
2020-02-14,107.2,107.65,103.15,103.6,13404733,93433.0,143.47,8924205.0
2020-02-17,104.05,104.5,101.55,103.25,9939542,91130.0,109.07,6243795.0
2020-02-18,102.7,104.8,101.75,104.05,17369937,79557.0,218.33,13897783.0
2020-02-19,104.6,105.7,102.95,105.45,12551481,61429.0,204.33,8720479.0
2020-02-20,105.45,107.25,104.55,106.45,14573061,77993.0,186.85,11316616.0
2020-02-24,106.3,106.4,104.1,104.7,8393319,57387.0,146.26,6011871.0
2020-02-25,104.7,105.6,104.25,104.7,10016681,61854.0,161.94,7010391.0
2020-02-26,104.05,106.0,103.45,104.55,9626434,48232.0,199.59,5539059.0
2020-02-27,104.1,105.6,102.0,104.9,16015530,53137.0,301.4,10303917.0
2020-02-28,103.2,104.25,100.75,102.1,15756175,68419.0,230.29,10218858.0
2020-03-02,103.35,105.3,102.2,103.2,10991263,51460.0,213.59,6624157.0
2020-03-03,103.4,109.5,102.4,107.85,9022112,36781.0,245.29,4677285.0
2020-03-04,107.25,111.4,106.05,110.85,9528328,77004.0,123.74,4230953.0
2020-03-05,110.3,112.25,109.4,110.2,5464838,44139.0,123.81,2227912.0
2020-03-06,107.2,108.35,105.8,107.2,8084242,58682.0,137.76,5258130.0
2020-03-09,104.0,106.1,100.1,101.75,39155287,168813.0,231.94,26188644.0
2020-03-11,100.95,103.4,99.7,102.05,23965094,106763.0,224.47,16105694.0
2020-03-12,99.1,100.05,92.65,93.45,32861488,141595.0,232.08,21573190.0
2020-03-13,91.6,97.1,84.1,94.45,25097373,178521.0,140.58,15415522.0
2020-03-16,91.35,91.65,87.2,88.85,22313960,80171.0,278.33,12871551.0
2020-03-17,88.05,95.8,87.6,91.1,19946876,98486.0,202.54,12028808.0
2020-03-18,92.25,92.8,68.7,81.1,67448864,125525.0,537.33,41215537.0
2020-03-19,81.8,85.45,78.8,82.75,24772387,181433.0,136.54,12377421.0
2020-03-20,83.4,91.05,83.4,88.45,73960859,229475.0,322.3,55806012.0
2020-03-23,79.6,87.7,79.6,86.05,22311917,86833.0,256.95,12740811.0
2020-03-24,85.55,88.45,81.8,82.9,23795660,137499.0,173.06,16073896.0
2020-03-25,83.55,88.3,83.45,84.5,13111701,75865.0,172.83,7255372.0
2020-03-26,84.7,90.95,82.85,89.05,14247634,85004.0,167.61,7893874.0
2020-03-27,89.2,93.5,88.1,90.0,16247113,131687.0,123.38,10867134.0
2020-03-30,87.2,89.95,86.1,87.55,12579943,96217.0,130.75,7293551.0
2020-03-31,89.1,91.0,88.0,89.5,13971678,146428.0,95.42,8826845.0
2020-04-01,89.45,91.1,86.15,86.95,7977443,66828.0,119.37,5121053.0
2020-04-03,86.95,90.25,85.35,87.85,11850094,94229.0,125.76,7133447.0
2020-04-07,90.55,91.05,88.0,88.9,13917385,77258.0,180.14,8772501.0
2020-04-08,88.8,91.5,87.35,89.05,12083217,67470.0,179.09,5968174.0
2020-04-09,90.5,93.75,89.05,92.5,8779407,47107.0,186.37,3899158.0
2020-04-13,92.25,92.8,88.45,89.95,8381970,63147.0,132.74,3884123.0
2020-04-15,90.8,92.2,89.15,89.75,14203445,104254.0,136.24,9063745.0
2020-04-16,89.0,93.75,88.6,91.9,17522308,86146.0,203.4,9764722.0
2020-04-17,94.3,97.45,92.4,94.35,10426696,65663.0,158.79,4310273.0
2020-04-20,95.2,95.2,91.2,93.1,13599590,121054.0,112.34,8947808.0
2020-04-21,92.25,93.4,91.2,91.5,7827691,62008.0,126.24,4705633.0
2020-04-22,90.0,91.55,88.1,91.25,11082647,106178.0,104.38,7107858.0
2020-04-23,90.8,91.05,88.65,88.9,18072426,80734.0,223.85,13435815.0
2020-04-24,88.3,90.1,87.6,89.5,18638042,73949.0,252.04,13629735.0
2020-04-27,90.8,90.8,88.7,89.8,5491127,46399.0,118.35,2721731.0
2020-04-28,90.05,90.2,88.2,88.45,14700793,65090.0,225.85,11211984.0
2020-04-29,89.7,90.35,87.75,88.9,8161512,75614.0,107.94,4643755.0
2020-04-30,89.8,91.95,88.45,91.15,10520617,71609.0,146.92,5383179.0
2020-05-04,90.5,90.8,88.65,89.5,7086594,45488.0,155.79,4235704.0
2020-05-05,90.8,93.3,90.1,92.05,10296872,64290.0,160.16,3881526.0
2020-05-06,91.65,93.75,91.5,93.05,7230250,59075.0,122.39,3334368.0
2020-05-07,92.05,92.8,90.55,91.0,4815768,36293.0,132.69,2634565.0
2020-05-08,91.45,91.45,88.95,89.45,17380561,58498.0,297.11,11631531.0
2020-05-11,89.6,91.35,89.05,89.3,5317551,51990.0,102.28,2715259.0
2020-05-12,89.2,92.8,88.7,91.9,11243145,74240.0,151.44,5487715.0
2020-05-13,96.45,96.7,91.15,93.75,15286401,108625.0,140.73,8823750.0
2020-05-14,92.25,92.25,90.0,90.45,14880667,83615.0,177.97,7588572.0
2020-05-15,89.55,91.0,89.0,89.9,11256556,59461.0,189.31,7000225.0
2020-05-18,89.95,90.1,86.25,86.95,18505341,124785.0,148.3,11990416.0
2020-05-19,87.2,89.6,86.6,88.9,6905554,64932.0,106.35,2772939.0
2020-05-20,87.9,90.4,87.6,89.15,13880945,54648.0,254.01,8476603.0
2020-05-21,88.6,89.95,88.3,89.4,9661559,42559.0,227.02,6156600.0
2020-05-22,88.3,88.9,86.7,87.7,14108025,79376.0,177.74,8526619.0
2020-05-26,87.8,89.25,87.45,88.5,10413408,60382.0,172.46,6151569.0
2020-05-27,88.5,88.8,87.6,88.4,12743495,55033.0,231.56,9277697.0
2020-05-28,89.05,89.05,87.8,88.45,14510845,85885.0,168.96,9823447.0
2020-05-29,88.45,89.25,88.1,88.6,35912738,70084.0,512.42,30230089.0
2020-06-01,89.2,90.6,88.7,89.35,25489416,70113.0,363.55,18136884.0
2020-06-02,89.95,94.7,89.2,92.85,24539665,100470.0,244.25,11138331.0
2020-06-03,93.1,94.2,92.2,92.55,7769285,47413.0,163.86,3125240.0
2020-06-04,92.95,95.6,92.85,95.2,13495707,85199.0,158.4,5189539.0
2020-06-05,93.95,98.05,92.55,96.45,12854049,94007.0,136.74,4208746.0
2020-06-08,97.6,98.4,96.1,96.95,6594521,51777.0,127.36,2213401.0
2020-06-09,97.9,97.9,95.6,95.95,4732083,31922.0,148.24,1595558.0
2020-06-10,95.95,96.35,94.85,95.65,5682197,46333.0,122.64,2539321.0
2020-06-11,94.55,100.3,94.45,96.2,12438594,73833.0,168.47,3003477.0
2020-06-12,93.4,95.3,93.15,93.5,11437763,41100.0,278.29,4359768.0
2020-06-15,92.95,93.4,91.45,91.85,7781253,35484.0,219.29,3026792.0
2020-06-16,93.2,93.5,90.8,91.5,7859937,35799.0,219.56,3872406.0
2020-06-17,90.5,91.0,89.05,89.7,15958954,87630.0,182.12,9791375.0
2020-06-18,90.4,93.5,89.7,93.1,11093113,57749.0,192.09,3825325.0
2020-06-19,93.3,96.95,92.85,96.4,12137348,40238.0,301.64,6880566.0
2020-06-22,99.2,101.1,96.0,100.45,18585881,99936.0,185.98,7423576.0
2020-06-23,102.1,106.3,100.7,105.45,19292785,84763.0,227.61,7732823.0
2020-06-24,105.05,106.0,99.55,100.45,18512376,88165.0,209.97,9417425.0
2020-06-25,100.35,103.1,98.05,100.9,23012314,89366.0,257.51,9365064.0
2020-06-26,101.75,102.45,100.2,100.8,6724171,52616.0,127.8,2688541.0
2020-06-29,100.1,101.45,99.65,100.25,4245301,22405.0,189.48,1518791.0
2020-06-30,100.7,101.2,97.9,98.35,6687893,57865.0,115.58,2895543.0
2020-07-01,98.45,98.65,96.7,97.6,8555691,48649.0,175.87,4239494.0
2020-07-02,97.6,99.45,97.1,98.5,8708121,48132.0,180.92,4748330.0
2020-07-03,99.0,100.9,98.5,99.9,12780027,73012.0,175.04,7234124.0
2020-07-06,100.35,100.5,98.9,100.1,6595019,44791.0,147.24,3408108.0
2020-07-07,100.45,100.45,96.6,97.35,11731617,87242.0,134.47,5523801.0
2020-07-08,97.3,98.25,94.95,95.5,9460438,72203.0,131.03,5386940.0
2020-07-09,95.95,97.05,95.3,96.5,9061924,47411.0,191.14,4016420.0
2020-07-10,96.5,97.7,95.3,97.1,13392727,66745.0,200.66,5894700.0
2020-07-13,97.1,98.0,94.6,95.1,6077163,30878.0,196.81,1346399.0
2020-07-14,94.8,94.95,91.7,91.9,9162722,57508.0,159.33,4186225.0
2020-07-15,92.85,93.5,91.7,92.0,8472074,35577.0,238.13,3632133.0
2020-07-16,92.55,92.55,89.7,91.25,8696701,46695.0,186.24,3416803.0
2020-07-17,90.95,92.2,90.95,91.9,7712972,42840.0,180.04,3630664.0
2020-07-20,91.9,92.4,91.3,91.95,4719748,36424.0,129.58,1671783.0
2020-07-21,92.3,98.15,92.3,97.7,18966139,89245.0,212.52,7907781.0
2020-07-22,97.9,102.05,97.75,101.05,25917940,109195.0,237.35,7998639.0
2020-07-23,100.1,102.7,99.8,102.2,10540325,51464.0,204.81,3529010.0
2020-07-24,100.95,103.1,100.5,102.4,8121883,43286.0,187.63,2608130.0
2020-07-27,102.0,102.1,100.55,101.75,6715553,54766.0,122.62,2628688.0
2020-07-28,101.35,102.85,100.5,102.3,6690234,46586.0,143.61,2700832.0
2020-07-29,102.0,103.8,101.55,102.2,7501498,51356.0,146.07,2581783.0
2020-07-30,102.7,103.1,98.75,99.5,13497261,80612.0,167.43,6502756.0
2020-07-31,99.35,100.9,99.1,100.3,8074445,44963.0,179.58,3051647.0
2020-08-03,100.7,100.95,97.95,100.45,7031848,87257.0,80.59,3427969.0
2020-08-04,100.05,100.7,98.75,100.25,5416560,82737.0,65.47,2489915.0
2020-08-05,99.6,100.1,98.5,98.95,5950020,48631.0,122.35,2848854.0
2020-08-06,99.4,100.0,98.65,98.95,4817284,47455.0,101.51,2336606.0
2020-08-07,98.9,100.1,98.6,98.95,4515135,61433.0,73.5,1811029.0
2020-08-10,99.5,100.6,99.15,99.7,4368462,43469.0,100.5,1989311.0
2020-08-11,100.2,102.55,98.75,99.5,12281375,88378.0,138.96,5742441.0
2020-08-12,99.1,100.95,97.45,100.15,10932584,63900.0,171.09,6379472.0
2020-08-13,101.2,101.45,99.2,100.55,5985571,67233.0,89.03,3078646.0
2020-08-14,101.6,101.6,97.95,98.65,9636131,79789.0,120.77,4902535.0
2020-08-17,99.0,102.7,98.75,100.5,9769553,90188.0,108.32,2935515.0
2020-08-18,101.2,101.2,99.3,100.0,7813326,82294.0,94.94,3642447.0
2020-08-19,100.45,100.9,99.6,99.75,6975364,61602.0,113.23,3727922.0
2020-08-20,99.7,105.8,99.25,101.95,24785430,146403.0,169.3,6839714.0
2020-08-21,102.95,107.2,102.7,106.35,28097368,128522.0,218.62,4304537.0
2020-08-24,106.7,107.25,103.7,104.2,11095371,61138.0,181.48,3595122.0
2020-08-25,104.9,105.1,102.95,103.9,5686827,35383.0,160.72,1867031.0
2020-08-26,105.2,106.7,103.6,104.25,10125354,55384.0,182.82,3216232.0
2020-08-27,105.15,105.55,103.9,104.2,5829571,36521.0,159.62,2639170.0
2020-08-28,104.9,105.05,102.25,102.55,6815971,68462.0,99.56,3229585.0
2020-08-31,103.2,104.25,100.1,100.65,13646095,82018.0,166.38,6476589.0
2020-09-01,100.7,102.55,100.45,101.5,9284259,55558.0,167.11,3653680.0
2020-09-02,100.1,103.0,98.6,101.95,17414804,138937.0,125.34,7572277.0
2020-09-03,101.5,102.1,99.95,100.45,6685042,56124.0,119.11,2563650.0
2020-09-04,99.7,100.1,97.7,98.5,9772835,62933.0,155.29,3884318.0
2020-09-07,98.5,99.5,97.35,99.1,7351345,49285.0,149.16,2486354.0
2020-09-08,98.95,99.0,97.7,98.4,5398809,36442.0,148.15,2003620.0
2020-09-09,98.45,100.1,97.55,98.6,11318900,66534.0,170.12,3259869.0
2020-09-10,99.0,100.4,97.95,99.9,11044892,50386.0,219.21,6827491.0
2020-09-11,100.2,100.3,97.95,98.5,17540145,50515.0,347.23,12937102.0
2020-09-14,99.8,99.8,96.05,96.45,7956020,67116.0,118.54,3155566.0
2020-09-15,96.7,97.8,96.2,97.5,4420570,40144.0,110.12,1426128.0
2020-09-16,97.3,97.6,96.1,96.7,7425884,43527.0,170.6,4686529.0
2020-09-17,96.4,96.4,94.45,94.65,6056023,45039.0,134.46,2136704.0
2020-09-18,95.1,97.3,94.1,96.7,13381032,59733.0,224.01,8423443.0
2020-09-21,96.2,96.6,94.3,95.95,7499225,43249.0,173.4,3063355.0
2020-09-22,94.95,95.9,93.7,94.95,5084656,33714.0,150.82,1453791.0
2020-09-23,95.55,95.55,91.6,92.2,4727855,33882.0,139.54,985748.0
2020-09-24,91.3,92.85,89.2,89.6,11683418,54445.0,214.59,6055128.0
2020-09-25,90.55,91.45,89.8,90.4,4928846,31993.0,154.06,1689661.0
2020-09-28,90.55,95.1,90.55,94.6,9514795,47453.0,200.51,2963008.0
2020-09-29,95.05,95.3,91.45,91.9,7575867,60260.0,125.72,2740502.0
2020-09-30,91.65,91.85,90.15,91.4,8071849,45109.0,178.94,4091499.0
2020-10-01,92.65,93.4,91.6,92.6,8356973,40696.0,205.35,2485008.0
2020-10-05,92.25,93.6,91.2,91.6,5827561,89432.0,65.16,2517995.0
2020-10-06,91.7,92.5,91.05,91.8,5056417,61345.0,82.43,1592161.0
2020-10-07,91.7,91.8,89.45,89.8,9908062,68105.0,145.48,5595043.0
2020-10-08,90.1,90.6,88.9,89.0,7286584,46094.0,158.08,3706833.0
2020-10-09,89.25,89.6,88.1,88.9,6738774,49272.0,136.77,3297561.0
2020-10-12,89.55,91.6,89.2,89.9,11627290,58091.0,200.16,3389440.0
2020-10-13,90.0,91.1,89.55,90.25,6288739,37775.0,166.48,3018610.0
2020-10-14,90.25,90.45,87.9,88.35,7516362,38199.0,196.77,3180829.0
2020-10-15,88.1,88.35,86.95,87.6,8739514,57541.0,151.88,4411850.0
2020-10-16,87.8,90.7,87.4,89.4,10504385,35929.0,292.37,4477237.0
2020-10-19,89.95,91.35,89.65,89.85,10571070,54823.0,192.82,6063351.0
2020-10-20,90.0,90.2,88.3,88.45,7707353,73220.0,105.26,4301075.0
2020-10-21,88.65,93.45,88.45,92.1,20572526,89498.0,229.87,5936039.0
2020-10-22,91.2,93.3,90.7,92.85,21969260,67478.0,325.58,12156257.0
2020-10-23,92.85,96.4,92.6,95.7,16396341,76070.0,215.54,6325126.0
2020-10-26,95.65,97.25,95.45,96.8,20677888,97952.0,211.1,11247458.0
2020-10-27,96.8,98.6,96.45,97.6,13280939,92746.0,143.2,6112286.0
2020-10-28,98.2,98.2,96.5,97.25,7909018,56847.0,139.13,4202684.0
2020-10-29,96.2,97.5,95.8,96.5,9930549,69226.0,143.45,6123179.0
2020-10-30,95.95,96.75,95.25,96.2,12884035,54293.0,237.31,7851663.0
2020-11-02,97.05,98.1,96.7,97.35,7550775,49344.0,153.02,3455297.0
2020-11-03,97.9,101.6,97.8,101.2,15435950,82171.0,187.85,8061152.0
2020-11-04,101.2,101.25,98.25,99.6,10947058,39791.0,275.11,6593405.0
2020-11-05,100.1,101.15,99.35,100.7,5764503,39597.0,145.58,2382539.0
2020-11-06,100.25,100.95,99.6,100.4,4958925,28812.0,172.11,2061402.0
2020-11-09,101.2,103.9,100.7,103.55,8566270,65284.0,131.22,4538174.0
2020-11-10,103.1,105.1,102.1,104.55,7771387,50621.0,153.52,3614998.0
2020-11-11,103.4,107.45,103.4,106.7,8720078,58802.0,148.3,3995503.0
2020-11-12,107.2,107.4,105.25,106.6,14669832,60379.0,242.96,9630049.0
2020-11-13,106.1,106.85,104.75,106.25,6732350,24394.0,275.98,3002908.0
2020-11-14,106.3,106.8,105.2,105.75,654019,4925.0,132.8,100163.0
2020-11-17,105.2,106.45,104.55,105.1,9490792,48874.0,194.19,5767063.0
2020-11-18,105.1,106.7,103.9,104.3,9385741,39251.0,239.12,5120756.0
2020-11-19,100.45,110.9,100.35,106.75,36468221,156071.0,233.66,11614686.0
2020-11-20,108.8,109.1,106.35,107.9,15457467,77477.0,199.51,7843726.0
2020-11-23,108.0,110.2,107.2,109.55,11761473,47659.0,246.78,6048216.0
2020-11-24,109.7,111.2,108.7,109.4,8611074,56550.0,152.27,3630789.0
2020-11-25,109.4,111.1,108.85,109.9,11168324,52170.0,214.08,5566672.0
2020-11-26,109.75,112.0,108.5,111.2,13994752,51166.0,273.52,9225833.0
2020-11-27,111.2,111.2,106.1,108.2,26321546,97010.0,271.33,17961217.0
2020-12-01,109.6,110.5,107.8,108.2,10234084,69839.0,146.54,5455106.0
2020-12-02,108.5,109.8,106.6,109.2,8908164,48506.0,183.65,4748884.0
2020-12-03,109.7,109.7,107.45,108.8,11986044,66520.0,180.19,6266495.0
2020-12-04,109.25,110.75,108.4,109.3,8346748,57814.0,144.37,3708076.0
2020-12-07,108.55,110.95,108.3,108.8,12418943,72575.0,171.12,6498539.0
2020-12-08,109.1,109.45,107.5,107.75,8941707,76586.0,116.75,4388216.0
2020-12-09,108.5,109.55,107.5,108.4,10519578,66232.0,158.83,6359809.0
2020-12-10,108.55,109.9,107.7,108.4,7657247,63014.0,121.52,3678296.0
2020-12-11,109.1,109.85,108.1,108.6,8367957,57617.0,145.23,4258548.0
2020-12-14,110.25,110.8,108.45,109.3,11428254,69004.0,165.62,5370546.0
2020-12-15,109.35,109.5,107.6,108.45,9047299,50849.0,177.92,5468568.0
2020-12-16,109.5,110.75,108.3,110.35,19701552,61478.0,320.47,12382656.0
2020-12-17,108.75,109.9,107.75,108.75,12970537,69444.0,186.78,4788576.0
2020-12-18,108.75,109.6,108.05,109.05,11424589,59417.0,192.28,6620841.0
2020-12-21,108.55,108.7,103.75,104.3,12155249,59310.0,204.94,5732340.0
2020-12-22,104.3,107.5,104.05,107.05,13463164,66482.0,202.51,6624758.0
2020-12-23,107.7,107.85,106.3,106.85,5532804,37830.0,146.25,3113586.0
2020-12-24,107.0,108.15,106.6,106.9,7281646,25895.0,281.2,3760902.0
2020-12-28,107.0,108.2,106.9,107.75,3869826,31715.0,122.02,1852011.0
2020-12-29,107.75,108.4,106.3,106.7,4809185,56720.0,84.79,2715972.0
2020-12-30,106.9,107.25,105.1,107.0,10762081,31062.0,346.47,8026123.0
2020-12-31,107.2,107.45,105.8,106.8,13090566,54967.0,238.15,7277601.0
2021-01-01,106.3,106.8,106.05,106.6,1729475,20133.0,85.9,502554.0
2021-01-04,106.9,107.1,105.75,106.0,4012428,29474.0,136.13,1771945.0
2021-01-05,106.6,106.6,104.75,105.75,5894373,43502.0,135.5,3114074.0
2021-01-06,105.75,111.15,105.2,110.3,30524202,89335.0,341.68,19059736.0
2021-01-07,111.4,113.5,109.95,110.85,22573087,87251.0,258.71,10663774.0
2021-01-08,111.8,114.75,111.1,114.5,16586958,70433.0,235.5,9474365.0
2021-01-11,114.75,115.3,113.3,114.5,7158427,46922.0,152.56,2881603.0
2021-01-12,113.1,115.15,112.45,114.6,17692951,85224.0,207.61,12885535.0
2021-01-13,114.65,116.2,113.95,115.3,13383333,64347.0,207.99,7658876.0
2021-01-14,115.85,116.7,114.5,115.35,6763881,49378.0,136.98,3712302.0
2021-01-15,114.7,115.7,113.9,114.2,7610734,37181.0,204.69,4729915.0
2021-01-18,113.2,113.6,109.4,110.1,14691747,57393.0,255.98,9800881.0
2021-01-19,110.0,112.5,109.85,112.3,10902844,30177.0,361.3,7425636.0
2021-01-20,112.5,112.85,109.75,110.3,11901479,40308.0,295.26,7879787.0
2021-01-21,110.5,111.2,109.2,109.75,7036376,37195.0,189.18,3585297.0
2021-01-22,109.7,110.45,108.55,109.25,9405228,70059.0,134.25,6053966.0
2021-01-25,109.4,110.7,106.65,107.0,5283901,51337.0,102.93,1954250.0
2021-01-27,106.9,109.3,106.5,108.2,10617143,47856.0,221.86,6349889.0
2021-01-28,107.4,107.4,104.5,105.4,9040763,57099.0,158.33,4801213.0
2021-01-29,106.1,106.3,102.95,103.75,7545948,42142.0,179.06,4341824.0
2021-02-01,103.75,106.6,102.7,106.25,5335449,54777.0,97.4,2142463.0
2021-02-02,107.45,110.05,106.4,109.25,6077028,48541.0,125.19,2086641.0
2021-02-03,109.4,118.1,109.4,116.2,41294096,173953.0,237.39,14258761.0
2021-02-04,116.2,116.8,114.85,115.5,13231702,57547.0,229.93,9162308.0
2021-02-05,115.7,117.2,113.2,116.5,16174758,70549.0,229.27,9962066.0
2021-02-08,116.2,120.05,115.7,119.55,15995755,83512.0,191.54,6721421.0
2021-02-09,118.1,122.3,118.1,118.55,15602724,90042.0,173.28,5653210.0
2021-02-10,118.4,120.4,116.45,118.4,19231530,81514.0,235.93,9898504.0
2021-02-11,117.5,120.8,117.2,120.2,11533755,45186.0,255.25,6523561.0
2021-02-12,123.2,123.2,118.4,119.6,14099935,77225.0,182.58,3808599.0
2021-02-15,120.4,121.2,119.0,119.5,4837278,39897.0,121.24,1831011.0
2021-02-16,120.05,129.3,120.0,126.85,45113050,227360.0,198.42,9547299.0
2021-02-17,126.8,130.05,125.0,129.4,21957171,122400.0,179.39,7174622.0
2021-02-18,129.95,134.05,128.55,133.05,24914207,138694.0,179.63,7517531.0
2021-02-19,131.3,132.8,128.65,130.6,20438826,103469.0,197.54,9095974.0
2021-02-22,130.75,131.55,125.75,126.5,14512980,62460.0,232.36,8100175.0
2021-02-23,127.0,128.85,126.4,127.2,10290130,58878.0,174.77,3965813.0
2021-02-24,127.2,128.35,124.65,125.3,6424498,55805.0,115.12,3775743.0
2021-02-25,125.85,130.95,124.2,128.0,17266549,142971.0,120.77,8846445.0
2021-02-26,124.6,127.85,118.8,120.55,21414774,128178.0,167.07,13166286.0
2021-03-01,122.3,128.7,122.3,127.85,17686096,136026.0,130.02,4029130.0
2021-03-02,128.8,129.0,125.6,126.6,10250883,97162.0,105.5,4388308.0
2021-03-03,129.4,129.45,125.85,127.95,10884683,61741.0,176.3,4444076.0
2021-03-04,125.5,129.35,125.5,126.65,12861986,74566.0,172.49,4695792.0
2021-03-05,127.1,127.1,123.4,123.9,9755263,68550.0,142.31,4140793.0
2021-03-08,122.55,125.9,122.05,123.8,8859067,87164.0,101.64,3229989.0
2021-03-09,124.05,124.95,119.95,121.5,7079067,52655.0,134.44,2624345.0
2021-03-10,122.6,123.15,120.4,121.0,5996907,44641.0,134.34,2076872.0
2021-03-12,121.35,124.25,121.15,123.8,10222359,71671.0,142.63,2850210.0
2021-03-15,124.3,127.4,123.6,126.1,16926895,149403.0,113.3,4150646.0
2021-03-16,126.65,127.8,125.7,126.25,8306833,78188.0,106.24,3182803.0
2021-03-17,126.5,126.55,123.4,124.0,7071264,70154.0,100.8,3946013.0
2021-03-18,124.3,125.7,123.8,124.35,8005871,65722.0,121.81,4673886.0
2021-03-19,124.8,130.6,123.25,129.5,39563112,200820.0,197.01,23292378.0
2021-03-22,131.85,131.85,125.0,125.75,16414250,125619.0,130.67,6445106.0
2021-03-23,125.75,126.0,122.9,123.2,21631451,97890.0,220.98,15472550.0
2021-03-24,122.1,125.9,122.0,124.35,13724418,100017.0,137.22,3782063.0
2021-03-25,124.35,125.65,121.1,121.7,11403073,88751.0,128.48,6275324.0
2021-03-26,123.4,124.9,119.3,120.7,14166489,140379.0,100.92,5956232.0
2021-03-30,122.0,125.85,121.15,124.5,29997550,142060.0,211.16,14623539.0
2021-03-31,123.7,124.35,120.75,121.3,11640412,118021.0,98.63,5792524.0
2021-04-01,121.9,123.4,120.8,123.0,6316508,61052.0,103.46,2188785.0
2021-04-05,121.05,123.2,120.0,120.45,8147763,48405.0,168.32,3967858.0
2021-04-06,121.05,123.2,117.3,117.7,14232228,119964.0,118.64,5619250.0
2021-04-07,118.65,121.6,117.85,118.4,12848471,91441.0,140.51,4390405.0
2021-04-08,119.2,120.1,117.3,117.55,11513749,91699.0,125.56,7019153.0
2021-04-09,117.8,118.95,117.0,117.2,6622326,49400.0,134.06,3173977.0
2021-04-12,116.25,116.25,111.7,113.15,10431180,128809.0,80.98,5647078.0
2021-04-13,115.4,117.8,113.9,117.4,11154981,61578.0,181.15,4227998.0
2021-04-15,116.9,118.9,116.5,116.9,5714635,38504.0,148.42,2791939.0
2021-04-16,116.7,120.8,116.6,118.05,12386729,69653.0,177.83,6022925.0
2021-04-19,115.8,116.45,112.5,113.2,10352810,64584.0,160.3,5257817.0
2021-04-20,115.3,115.7,113.45,114.6,8138061,46794.0,173.91,3415142.0
2021-04-22,114.75,115.25,113.2,114.45,6539885,57076.0,114.58,3341382.0
2021-04-23,114.95,119.75,114.75,118.75,21553903,148225.0,145.41,3531452.0
2021-04-26,117.1,121.75,117.1,121.4,10765892,72260.0,148.99,3544712.0
2021-04-27,121.55,124.05,121.4,121.9,8589721,77004.0,111.55,2723654.0
2021-04-28,123.1,124.7,121.7,124.25,9215766,55866.0,164.96,3775749.0
2021-04-29,125.5,125.8,123.2,123.8,8303610,48655.0,170.66,3692925.0
2021-04-30,122.5,125.05,121.9,123.8,9504624,56225.0,169.05,4634594.0
2021-05-03,122.3,125.35,121.9,124.2,8734538,56798.0,153.78,4046253.0
2021-05-04,124.55,124.7,121.9,122.65,11732310,47304.0,248.02,5823205.0
2021-05-05,122.65,123.95,121.95,122.75,13037762,42753.0,304.96,8383019.0
2021-05-06,122.9,123.4,120.15,121.15,10588285,53340.0,198.51,5960554.0
2021-05-07,121.7,121.95,120.1,120.7,7036647,67192.0,104.72,4500895.0
2021-05-10,121.15,123.8,120.9,123.7,10038140,46625.0,215.3,5877813.0
2021-05-11,123.75,126.7,122.85,125.65,12935130,92663.0,139.59,5764282.0
2021-05-12,125.65,132.2,125.5,127.1,31300529,198124.0,157.98,8348443.0
2021-05-14,128.1,129.4,125.9,128.75,10586699,78206.0,135.37,4008148.0
2021-05-17,129.9,129.95,127.7,128.5,6185447,51589.0,119.9,2856765.0
2021-05-18,129.9,134.9,128.55,131.1,29747844,151978.0,195.74,11375022.0
2021-05-19,131.75,133.9,130.15,131.5,15795589,88935.0,177.61,4548360.0
2021-05-20,131.6,132.15,128.5,128.8,6022766,42510.0,141.68,2613959.0
2021-05-21,128.3,128.95,127.1,128.2,12207875,58470.0,208.79,6474600.0
2021-05-24,128.8,131.85,128.5,129.95,12391275,96298.0,128.68,2971725.0
2021-05-25,131.05,131.9,130.0,131.0,5155518,39780.0,129.6,2011313.0
2021-05-26,131.2,131.5,126.5,126.9,10306192,73860.0,139.54,5142640.0
2021-05-27,127.5,129.15,125.6,128.45,28796749,84955.0,338.96,19545676.0
2021-05-28,129.95,129.95,126.45,126.8,8610470,33337.0,258.29,5940821.0
2021-05-31,127.1,127.45,125.85,126.95,7370024,37974.0,194.08,4490346.0
2021-06-01,127.3,128.25,125.9,126.2,8850226,37265.0,237.49,5798552.0
2021-06-02,126.1,128.3,126.1,127.95,4497488,34369.0,130.86,2281373.0
2021-06-03,128.85,130.2,126.95,127.3,5788874,52689.0,109.87,2754085.0
2021-06-04,127.1,128.3,126.45,127.2,3455150,25426.0,135.89,1589107.0
2021-06-07,127.9,133.75,127.65,132.9,10158072,69230.0,146.73,3391946.0
2021-06-08,134.4,134.4,130.55,131.65,12662869,80620.0,157.07,5419688.0
2021-06-09,132.75,138.1,131.5,136.2,22424506,148856.0,150.65,3880836.0
2021-06-10,139.5,139.5,135.15,135.95,18388571,125775.0,146.2,5481778.0
2021-06-11,139.95,139.95,137.25,138.55,16392434,100451.0,163.19,6047449.0
2021-06-14,139.45,140.5,136.2,139.9,10537107,77635.0,135.73,3979572.0
2021-06-15,140.9,141.45,139.0,139.3,8452513,52591.0,160.72,3852211.0
2021-06-16,138.85,139.2,135.5,136.2,17272513,81043.0,213.13,10871012.0
2021-06-17,137.3,137.3,133.15,134.9,12521910,92754.0,135.0,5476069.0
2021-06-18,137.25,137.8,129.45,131.05,27719000,223037.0,124.28,10305903.0
2021-06-21,130.4,132.45,128.5,132.1,6592407,71861.0,91.74,2363001.0
2021-06-22,130.55,133.3,130.55,131.65,6165871,52469.0,117.51,1866114.0
2021-06-23,132.6,132.75,130.5,130.65,6030649,59529.0,101.31,2571498.0
2021-06-24,130.65,131.0,128.3,130.0,7292369,70964.0,102.76,3549493.0
2021-06-25,130.2,130.95,129.05,129.85,4351744,47039.0,92.51,1981227.0
2021-06-28,130.5,130.8,129.75,130.4,5619149,54905.0,102.34,3541852.0
2021-06-29,130.85,133.8,130.3,132.75,34362892,142144.0,241.75,20529836.0
2021-06-30,133.4,133.65,130.5,130.75,9808734,83552.0,117.4,4286135.0
2021-07-01,130.8,131.0,129.5,129.8,8957710,60837.0,147.24,5166332.0
2021-07-02,129.8,130.0,128.0,128.2,5371872,51868.0,103.57,2844736.0
2021-07-05,129.0,129.9,128.45,129.55,3852668,40166.0,95.92,1758654.0
2021-07-06,129.05,129.7,128.45,128.7,3005966,39312.0,76.46,1538028.0
2021-07-07,128.7,130.2,128.7,129.9,4066256,39209.0,103.71,2106418.0
2021-07-08,129.45,131.15,129.1,130.0,4916257,30731.0,159.98,2827483.0
2021-07-09,130.0,130.2,129.4,129.5,1682357,32324.0,52.05,778961.0
2021-07-12,129.75,130.35,128.35,128.8,3137800,28332.0,110.75,1886173.0
2021-07-13,129.6,130.4,128.45,128.6,4648664,48474.0,95.9,3213618.0
2021-07-14,128.6,130.2,128.5,129.35,5191171,53092.0,97.78,3133303.0
2021-07-15,129.95,130.2,129.0,129.6,3024464,39035.0,77.48,1809758.0
2021-07-16,130.3,133.05,129.7,131.55,8945881,47595.0,187.96,4216488.0
2021-07-19,131.55,132.0,130.2,131.15,7720835,60323.0,127.99,4360018.0
2021-07-20,132.15,132.95,129.9,130.1,7975165,86008.0,92.73,3486341.0
2021-07-22,131.9,131.9,128.6,131.2,5837810,63307.0,92.21,2323949.0
2021-07-23,131.5,131.6,130.55,131.05,3746459,42157.0,88.87,2268931.0
2021-07-26,131.3,132.4,130.55,130.9,7292084,62107.0,117.41,5132773.0
2021-07-27,131.05,132.1,129.75,130.4,6093515,49861.0,122.21,3662173.0
2021-07-28,130.5,130.75,127.9,128.3,7778302,55964.0,138.99,5263611.0
2021-07-29,128.25,130.15,125.35,125.55,21457249,180590.0,118.82,10346236.0
2021-07-30,126.8,129.9,126.15,128.35,25606627,119024.0,215.14,16599450.0
2021-08-02,128.6,129.0,127.0,128.25,7181817,52533.0,136.71,4885020.0
2021-08-03,129.4,131.4,128.3,130.85,15719577,77676.0,202.37,9648438.0
2021-08-04,131.75,132.45,130.4,131.45,17492458,62797.0,278.56,13759808.0
2021-08-05,131.45,131.8,129.95,131.4,4966037,50317.0,98.7,3055264.0
2021-08-06,131.6,132.4,130.9,131.25,4005234,42394.0,94.48,2444001.0
2021-08-09,132.75,132.75,130.55,132.35,12311254,68158.0,180.63,9334003.0
2021-08-10,132.1,132.1,128.5,129.45,8943948,72112.0,124.03,4695540.0
2021-08-11,129.7,132.75,129.4,132.25,23459974,114440.0,205.0,12929312.0
2021-08-12,132.75,140.8,132.25,140.25,43580817,239333.0,182.09,16454454.0
2021-08-13,138.15,140.5,137.7,138.55,20082633,107992.0,185.96,12272401.0
2021-08-16,138.0,138.25,135.3,135.5,15981492,51178.0,312.27,11917193.0
2021-08-17,135.8,137.8,135.75,137.45,11971845,85976.0,139.25,7042130.0
2021-08-18,137.8,139.5,135.1,135.45,18920646,88791.0,213.09,12201976.0
2021-08-20,133.0,135.05,132.8,133.95,14040351,79576.0,176.44,9210142.0
2021-08-23,134.6,134.9,130.65,131.75,9834559,69149.0,142.22,5162925.0
2021-08-24,133.0,134.5,131.6,132.45,8272098,60238.0,137.32,4962901.0
2021-08-25,132.9,133.1,131.3,131.6,9001014,53353.0,168.71,5478323.0
2021-08-26,131.55,131.55,128.7,129.8,9086435,60067.0,151.27,4990381.0
2021-08-27,130.35,131.15,128.8,130.75,6038775,55440.0,108.92,3164781.0
2021-08-30,131.4,132.25,129.6,131.6,10884301,61594.0,176.71,7827638.0
2021-08-31,131.6,132.8,131.2,131.5,32436250,75292.0,430.81,17735644.0
2021-09-01,133.35,133.35,131.0,131.75,8863194,46789.0,189.43,6577365.0
2021-09-02,131.55,132.1,130.65,131.8,10158768,54408.0,186.71,7642927.0
2021-09-03,132.0,132.6,130.8,131.65,9214857,50413.0,182.79,6383450.0
2021-09-06,131.8,132.25,129.75,130.6,10462864,63350.0,165.16,7450126.0
2021-09-07,130.6,130.6,129.35,129.75,9363774,60667.0,154.35,6053880.0
2021-09-08,128.45,130.2,127.65,129.65,19027722,57310.0,332.01,12597542.0
2021-09-09,129.3,130.6,128.9,130.1,3808763,23833.0,159.81,2136676.0
2021-09-13,130.7,130.75,129.5,130.4,5641863,38489.0,146.58,4222643.0
2021-09-14,130.4,131.3,130.1,130.6,6325821,54916.0,115.19,4001797.0
2021-09-15,130.5,134.25,130.3,133.4,15048179,83152.0,180.97,8580109.0
2021-09-16,134.2,136.25,133.75,134.6,12161163,102390.0,118.77,7143789.0
2021-09-17,134.65,135.3,132.55,134.1,15914420,69928.0,227.58,11692337.0
2021-09-20,132.9,134.4,131.3,132.75,5874802,68431.0,85.85,2671127.0
2021-09-21,132.05,133.8,131.6,131.9,7110756,64819.0,109.7,4118170.0
2021-09-22,131.85,133.1,131.85,132.55,6874226,38081.0,180.52,4856489.0
2021-09-23,132.75,134.05,132.75,133.7,7721935,50848.0,151.86,5156736.0
2021-09-24,133.75,134.6,131.85,132.1,5320059,41261.0,128.94,3564744.0
2021-09-27,132.4,132.85,131.3,132.0,3904237,30874.0,126.46,2603800.0
2021-09-28,132.65,141.7,132.1,137.95,29155220,194262.0,150.08,10123835.0
2021-09-29,137.6,147.25,136.85,146.3,40264997,186057.0,216.41,15728942.0
2021-09-30,146.2,148.5,141.5,142.4,17713650,110315.0,160.57,7975394.0
2021-10-01,143.1,145.1,142.25,143.9,12746178,62221.0,204.85,6326056.0
2021-10-04,144.0,144.8,142.55,143.75,8067965,49984.0,161.41,4048990.0
2021-10-05,143.75,146.3,142.0,142.45,12900644,81983.0,157.36,5918873.0
2021-10-06,143.95,144.1,140.05,140.7,6697131,44629.0,150.06,3598093.0
2021-10-07,143.25,143.65,140.7,141.25,5050275,47616.0,106.06,2441103.0
2021-10-08,141.75,142.6,140.25,140.8,6123882,32281.0,189.71,4202348.0
2021-10-11,142.5,146.3,142.0,145.1,9736532,68018.0,143.15,4307651.0
2021-10-12,145.4,146.0,143.75,145.0,6404975,49628.0,129.06,3448696.0
2021-10-13,146.3,153.4,145.6,149.55,24806711,161113.0,153.97,8623109.0
2021-10-14,150.15,154.45,148.7,153.5,14389092,89060.0,161.57,7224792.0
2021-10-18,157.35,157.45,151.6,152.85,28909774,97054.0,297.87,18371344.0
2021-10-19,153.0,153.6,147.75,149.0,12130633,65716.0,184.59,7815881.0
2021-10-20,150.0,150.2,145.0,145.75,16432451,87405.0,188.0,11315668.0
2021-10-21,147.2,148.0,145.1,145.55,12709911,84012.0,151.29,9306896.0
2021-10-22,146.9,147.75,143.45,145.85,5779403,58706.0,98.45,3106018.0
2021-10-25,145.85,146.25,142.9,144.5,5896815,60229.0,97.91,2849104.0
2021-10-26,144.45,144.7,142.3,142.8,6394388,42087.0,151.93,3911211.0
2021-10-27,142.6,143.9,141.4,142.7,7397010,55919.0,132.28,4522049.0
2021-10-28,143.0,143.3,138.95,139.4,8321429,67850.0,122.64,4769005.0
2021-10-29,140.2,141.5,136.0,138.8,9741027,77538.0,125.63,5430023.0
2021-11-01,138.45,141.4,138.4,140.8,4106365,82929.0,49.52,2488957.0
2021-11-02,141.5,143.45,138.85,139.1,8210168,43655.0,188.07,4414075.0
2021-11-03,139.1,140.5,137.25,137.95,10468296,50720.0,206.39,7086864.0
2021-11-04,138.7,139.4,138.2,138.8,622661,50720.0,12.28,7086864.0
2021-11-08,140.7,142.75,138.45,141.85,8960493,58367.0,153.52,5572450.0
2021-11-09,142.75,142.75,139.0,139.9,7785863,59512.0,130.83,4703329.0
2021-11-10,139.45,139.9,137.65,138.3,10393389,65093.0,159.67,6031632.0
2021-11-11,138.75,138.95,135.5,136.6,6638516,74792.0,88.76,3936957.0
2021-11-12,137.8,137.8,135.25,136.5,7193005,70263.0,102.37,5076152.0
2021-11-15,136.65,141.55,136.5,141.25,18616006,95425.0,195.09,13317745.0
2021-11-16,141.75,143.5,139.9,140.7,17404748,67303.0,258.6,12455223.0
2021-11-17,140.25,145.35,140.25,143.3,13769624,94920.0,145.07,6133498.0
2021-11-18,143.9,145.85,143.3,144.4,8057200,79224.0,101.7,2640059.0
2021-11-22,145.8,147.75,144.0,145.65,18821791,144811.0,129.97,7890033.0
2021-11-23,144.95,151.8,144.85,151.4,14753654,101632.0,145.17,8302018.0
2021-11-24,151.65,155.6,151.5,152.5,13590359,113202.0,120.05,6984381.0
2021-11-25,151.95,153.75,150.95,153.2,13903091,60247.0,230.77,10436646.0
2021-11-26,153.05,153.7,150.6,151.5,9610903,78146.0,122.99,6082435.0
2021-11-29,149.25,153.0,148.9,150.2,12049611,87772.0,137.28,6542900.0
2021-11-30,150.25,157.1,150.25,155.05,28304736,185274.0,152.77,14650181.0
2021-12-01,155.25,156.55,153.5,155.4,15249613,84247.0,181.01,10262409.0
2021-12-02,156.75,162.0,154.9,160.9,25319133,211262.0,119.85,10294804.0
2021-12-03,159.85,162.35,154.1,154.6,35710637,127172.0,280.81,26074158.0
2021-12-06,155.5,156.0,151.0,151.5,8491835,76192.0,111.45,4438678.0
2021-12-07,151.95,155.2,151.6,154.35,6036827,60032.0,100.56,2906261.0
2021-12-08,153.85,155.75,152.65,153.6,6591337,56641.0,116.37,4027349.0
2021-12-09,154.1,154.85,151.6,152.4,4316567,38548.0,111.98,2514644.0
2021-12-10,153.2,153.2,151.4,152.0,4623302,40283.0,114.77,2958754.0
2021-12-13,154.1,157.25,152.8,153.3,16236095,75652.0,214.62,9669700.0
2021-12-14,153.1,159.85,152.4,159.2,36031527,153457.0,234.8,21826499.0
2021-12-15,159.8,161.75,155.85,157.4,11405480,91786.0,124.26,4929022.0
2021-12-16,158.55,158.85,154.75,156.15,10058053,88328.0,113.87,5674398.0
2021-12-17,156.15,157.9,153.8,157.45,11407061,71000.0,160.66,6664319.0
2021-12-20,158.05,159.5,155.6,157.4,16904435,125610.0,134.58,7749030.0
2021-12-21,158.6,158.8,153.6,154.95,13174884,98168.0,134.21,6762790.0
2021-12-22,149.85,152.25,148.5,151.15,11062674,91685.0,120.66,3973330.0
2021-12-23,151.9,157.2,151.55,156.25,11949367,77324.0,154.54,5053772.0
2021-12-24,156.15,156.5,153.65,154.05,6731977,59820.0,112.54,3451321.0
2021-12-27,154.05,155.45,153.75,154.6,6486141,44884.0,144.51,3768669.0
2021-12-28,155.0,156.5,152.5,154.2,11802155,80147.0,147.26,6192341.0
2021-12-29,152.25,154.4,152.0,153.45,12879708,58173.0,221.4,8082662.0
2021-12-30,153.45,158.55,151.25,154.0,65610905,113111.0,580.06,30148258.0
2021-12-31,153.0,154.65,152.65,153.3,7381668,54609.0,135.17,4069799.0
2022-01-03,154.05,155.2,153.1,153.75,5557541,48334.0,114.98,2951641.0
2022-01-04,154.75,159.75,154.1,157.95,11088068,78872.0,140.58,3043332.0
2022-01-05,157.5,158.5,156.05,156.5,7173831,50863.0,141.04,4172403.0
2022-01-06,155.8,156.5,153.5,154.45,4211949,60426.0,69.7,2212771.0
2022-01-07,155.2,156.4,153.4,153.9,8931187,52329.0,170.67,5960908.0
2022-01-10,155.45,155.45,152.6,153.0,8314283,57137.0,145.51,5566455.0
2022-01-11,153.4,154.35,152.6,152.9,5406592,69082.0,78.26,3688757.0
2022-01-12,154.5,155.0,153.25,153.7,8263605,66894.0,123.53,5193061.0
2022-01-13,155.7,158.6,154.9,156.0,15392106,104552.0,147.22,7205295.0
2022-01-14,155.95,157.25,154.9,155.8,10637741,69808.0,152.39,5964098.0
2022-01-17,156.85,157.15,154.35,154.75,5680905,34047.0,166.85,3474333.0
2022-01-18,154.7,155.9,153.45,153.85,6356567,58960.0,107.81,4346871.0
2022-01-19,154.5,155.55,150.8,153.5,10293276,63686.0,161.63,5721216.0
2022-01-20,155.3,161.5,154.05,161.0,22627758,178220.0,126.97,8390866.0
2022-01-21,160.4,164.45,159.75,161.3,22132195,169997.0,130.19,7727512.0
2022-01-24,162.3,163.3,158.6,160.5,9637642,111712.0,86.27,4419870.0
2022-01-25,160.1,165.15,158.95,164.15,20541777,152349.0,134.83,9707563.0
2022-01-27,163.5,164.5,159.25,161.15,21384355,105735.0,202.24,14297429.0
2022-01-28,163.1,163.1,156.95,157.65,14199037,84660.0,167.72,8695154.0
2022-01-31,159.0,162.55,158.4,161.55,14930820,87469.0,170.7,9945894.0
2022-02-01,162.75,162.8,158.5,159.7,6466767,58771.0,110.03,3692865.0
2022-02-02,161.15,163.35,159.95,160.5,7440825,54257.0,137.14,3674572.0
2022-02-03,160.5,161.25,158.25,158.5,3445792,51152.0,67.36,1649249.0
2022-02-04,159.0,160.0,156.8,157.3,5496948,66832.0,82.25,3054390.0
2022-02-07,158.3,160.75,157.5,160.25,5901928,53206.0,110.93,2531433.0
2022-02-08,160.5,161.55,156.4,157.55,6805678,65707.0,103.58,3289906.0
2022-02-09,157.95,158.75,156.5,157.0,7375489,64650.0,114.08,4044469.0
2022-02-10,157.55,161.8,157.55,159.05,14385251,100131.0,143.66,8066694.0
2022-02-11,157.65,159.0,155.3,155.85,15053348,75003.0,200.7,10870678.0
2022-02-14,155.2,155.2,150.95,151.4,9082032,82524.0,110.05,5522461.0
2022-02-15,151.5,152.9,149.25,152.6,14284546,100811.0,141.7,8938596.0
2022-02-16,148.95,150.75,146.8,147.25,15202546,102908.0,147.73,7672982.0
2022-02-17,148.7,149.15,147.0,147.75,12304164,55325.0,222.4,6466314.0
2022-02-18,147.6,150.1,146.45,146.8,10950483,73920.0,148.14,5776664.0
2022-02-21,146.8,149.25,146.65,148.6,8011979,75057.0,106.75,3731712.0
2022-02-22,145.65,148.85,143.85,148.6,10204544,78011.0,130.81,6353014.0
2022-02-23,148.75,149.6,148.2,148.55,4870098,60418.0,80.61,3151690.0
2022-02-24,145.5,147.0,142.4,143.3,9858778,101829.0,96.82,5630058.0
2022-02-25,144.4,148.4,144.1,148.0,8190704,68991.0,118.72,4871382.0
2022-02-28,148.1,157.7,147.05,156.85,23953789,120224.0,199.24,14022303.0
2022-03-02,155.8,159.85,154.65,158.2,15376962,112681.0,136.46,9397161.0
2022-03-03,158.0,164.5,158.0,163.4,14854167,112828.0,131.65,7496659.0
2022-03-04,161.95,163.1,158.2,161.3,9595738,96774.0,99.16,4196087.0
2022-03-07,157.9,161.4,156.65,159.6,13226740,112423.0,117.65,7435513.0
2022-03-08,160.5,167.55,157.35,159.25,21307868,174240.0,122.29,7629862.0
2022-03-09,161.35,162.0,154.95,156.1,17123219,153630.0,111.46,10332209.0
2022-03-10,158.25,158.55,155.3,156.65,12387415,74456.0,166.37,7568212.0
2022-03-11,157.0,159.75,155.8,159.35,9744638,87998.0,110.74,5751011.0
2022-03-14,159.35,160.5,157.2,160.05,9448995,74341.0,127.1,5770744.0
2022-03-15,159.9,161.3,156.25,157.25,10896214,76721.0,142.02,7191438.0
2022-03-16,158.45,158.85,156.7,157.0,8950331,55067.0,162.54,6134584.0
2022-03-17,159.0,159.55,155.8,158.65,21348466,72893.0,292.87,15776780.0
2022-03-21,162.0,162.0,153.4,153.7,13348062,97537.0,136.85,8417773.0
2022-03-22,153.75,157.1,153.05,156.5,9963973,56652.0,175.88,6175542.0
2022-03-23,157.1,157.95,156.25,157.6,7056588,51563.0,136.85,4567645.0
2022-03-24,157.5,158.4,156.0,158.05,8391719,69003.0,121.61,5501773.0
2022-03-25,158.05,158.1,155.0,157.25,7382003,61474.0,120.08,4723855.0
2022-03-28,157.25,159.55,155.6,159.25,9617684,69651.0,138.08,6084764.0
2022-03-29,160.4,160.85,157.3,158.5,7852887,54723.0,143.5,4636112.0
2022-03-30,159.8,164.0,158.85,162.8,40663864,87018.0,467.3,22176788.0
2022-03-31,161.65,162.95,161.05,162.6,7744520,71288.0,108.64,5166599.0
2022-04-01,162.1,169.3,162.1,168.8,29747971,146717.0,202.76,16906364.0
2022-04-04,169.5,171.1,168.05,170.55,7430648,61444.0,120.93,3983093.0
2022-04-05,172.45,175.95,170.2,174.8,12875616,82146.0,156.74,7095106.0
2022-04-06,173.5,178.85,173.35,177.5,12865257,106120.0,121.23,7103503.0
2022-04-07,176.95,179.9,172.5,173.5,8935434,130038.0,68.71,4742438.0
2022-04-08,174.75,175.6,172.95,174.45,5060077,52958.0,95.55,2945099.0
2022-04-11,174.4,176.65,171.3,173.2,9310367,64836.0,143.6,5959360.0
2022-04-12,171.95,175.25,171.45,174.8,11077431,80017.0,138.44,8307691.0
2022-04-13,176.2,176.5,170.65,172.1,8261580,73794.0,111.95,4029026.0
2022-04-18,172.1,173.85,170.65,173.3,14302443,88904.0,160.88,9737594.0
2022-04-19,174.5,175.0,169.9,170.9,11277707,65044.0,173.39,7435863.0
2022-04-20,171.2,171.75,167.6,170.25,7360981,58740.0,125.31,3997309.0
2022-04-21,169.6,171.5,168.95,170.45,8350750,52953.0,157.7,5600984.0
2022-04-22,168.8,172.65,168.5,169.1,9024187,47384.0,190.45,6203595.0
2022-04-25,167.95,170.2,166.1,167.15,8282013,57628.0,143.72,5263074.0
2022-04-26,170.25,174.15,168.25,173.7,11541867,59750.0,193.17,6566427.0
2022-04-27,173.5,174.65,170.6,172.0,9510157,71628.0,132.77,5152673.0
2022-04-28,175.05,177.2,172.55,176.7,13783610,108474.0,127.07,8512599.0
2022-04-29,176.3,177.25,170.3,170.8,6769749,60904.0,111.15,3750020.0
2022-05-02,169.4,174.95,169.4,173.65,9475765,72971.0,129.86,5075710.0
2022-05-04,174.75,179.6,174.7,178.2,17343483,132546.0,130.85,9211998.0
2022-05-05,178.8,180.5,174.65,175.3,12361452,103357.0,119.6,6106363.0
2022-05-06,173.6,179.35,173.6,178.8,13286390,107918.0,123.12,7276038.0
2022-05-09,179.25,184.85,176.75,183.85,40589105,202454.0,200.49,19218720.0
2022-05-10,184.35,186.25,181.9,182.75,23248121,133351.0,174.34,11971629.0
2022-05-11,183.0,186.0,179.0,179.4,11559464,133323.0,86.7,5971469.0
2022-05-12,179.25,181.4,174.1,176.9,19904246,117293.0,169.7,12428124.0
2022-05-13,179.9,179.9,174.8,177.25,11305915,75743.0,149.27,6195650.0
2022-05-16,176.6,178.4,174.75,176.4,5970397,48113.0,124.09,3307335.0
2022-05-17,176.2,179.5,174.55,179.0,11603203,83965.0,138.19,8347723.0
2022-05-18,178.1,178.7,170.3,170.9,14386163,87977.0,163.52,9197100.0
2022-05-19,167.25,172.25,166.25,171.25,11314202,88326.0,128.1,6079722.0
2022-05-20,173.05,174.8,170.05,171.8,11361211,81760.0,138.96,7628137.0
2022-05-23,174.0,174.0,168.15,168.45,8679376,70952.0,122.33,4893748.0
2022-05-24,168.75,172.25,168.45,170.25,12252644,79315.0,154.48,7809081.0
2022-05-25,171.3,172.05,166.9,168.65,8296961,58493.0,141.85,5733396.0
2022-05-26,170.25,171.8,167.9,170.4,10612841,86699.0,122.41,6130541.0
2022-05-27,171.45,171.5,167.55,168.5,6322869,50889.0,124.25,3907930.0
2022-05-30,168.4,172.4,168.25,171.2,6979319,57974.0,120.39,4469382.0
2022-05-31,171.2,176.35,171.15,174.7,19763659,95412.0,207.14,11955659.0
2022-06-01,174.1,174.75,171.1,171.9,7711507,51984.0,148.34,5504314.0
2022-06-02,172.05,172.05,168.4,169.15,7553924,51259.0,147.37,4659863.0
2022-06-03,169.5,171.1,168.75,169.5,12061889,56565.0,213.24,8495432.0
2022-06-06,169.5,170.6,167.65,168.6,9519970,45171.0,210.75,6792827.0
2022-06-07,167.95,169.7,167.8,168.75,6827397,44603.0,153.07,4693251.0
2022-06-08,167.3,169.9,167.3,168.4,8430098,55676.0,151.41,5532864.0
2022-06-09,168.5,169.3,165.75,168.65,7101031,71319.0,99.57,4010346.0
2022-06-10,166.55,170.6,166.55,168.35,6764430,59208.0,114.25,3971985.0
2022-06-13,166.4,169.1,166.1,166.75,7640082,73863.0,103.44,4365936.0
2022-06-14,166.75,170.5,166.5,167.95,12767972,88258.0,144.67,7645109.0
2022-06-15,168.2,169.75,166.4,166.7,4423923,65726.0,67.31,2446016.0
2022-06-16,167.5,168.25,161.75,162.25,8912500,84594.0,105.36,3892067.0
2022-06-17,160.65,162.7,157.7,158.5,14756420,81704.0,180.61,9887889.0
2022-06-20,156.8,158.2,154.75,156.2,5551705,68224.0,81.37,2154318.0
2022-06-21,156.8,159.85,155.5,157.75,7094715,68817.0,103.1,3819604.0
2022-06-22,158.1,158.45,156.15,158.0,7693228,70359.0,109.34,5073947.0
2022-06-23,157.6,158.8,154.6,156.4,9835894,102883.0,95.6,5221236.0
2022-06-24,159.0,159.0,155.8,156.7,7124329,68010.0,104.75,4073045.0
2022-06-27,160.0,160.0,157.25,158.65,13159043,107040.0,122.94,9068473.0
2022-06-28,157.15,158.65,156.25,157.75,5077566,63938.0,79.41,2573830.0
2022-06-29,156.8,161.25,156.35,158.3,31127189,153996.0,202.13,18438829.0
2022-06-30,158.6,161.05,157.8,158.9,16695542,126901.0,131.56,9066218.0
2022-07-01,158.3,159.7,153.9,154.9,8350248,69669.0,119.86,5091620.0
2022-07-04,153.8,159.1,153.8,158.0,15133710,75732.0,199.83,8029206.0
2022-07-05,158.25,161.95,158.2,160.6,15062998,58141.0,259.08,9295810.0
2022-07-06,160.5,160.6,156.15,157.85,14402646,71051.0,202.71,8300956.0
2022-07-07,159.95,161.5,159.1,159.4,10551977,47975.0,219.95,6820901.0
2022-07-08,160.5,164.55,159.5,164.1,12856693,66232.0,194.12,8484288.0
2022-07-11,165.0,165.95,162.15,162.8,8119560,54834.0,148.08,4621140.0
2022-07-12,161.3,162.7,159.85,160.1,6377772,43681.0,146.01,4293529.0
2022-07-13,160.9,162.5,160.1,160.85,7657504,50977.0,150.21,4885700.0
2022-07-14,164.45,164.45,159.65,161.15,8173803,43855.0,186.38,4551260.0
2022-07-15,162.75,162.75,156.6,157.0,16550610,70199.0,235.77,9978812.0
2022-07-18,157.75,159.3,156.7,157.7,11366741,43992.0,258.38,7904537.0
2022-07-19,157.4,158.6,157.2,157.5,11191797,45520.0,245.87,9012560.0
2022-07-20,158.5,159.25,156.4,156.95,10635776,48669.0,218.53,7683553.0
2022-07-21,157.45,159.9,157.1,159.25,9346166,33958.0,275.23,7321246.0
2022-07-22,160.45,160.45,157.1,157.5,6954150,51193.0,135.84,4638690.0
2022-07-25,157.5,158.25,155.55,155.9,4976396,47093.0,105.67,3139926.0
2022-07-26,155.9,158.25,155.3,156.8,8588487,64711.0,132.72,4884065.0
2022-07-27,157.4,158.25,157.05,158.0,6907016,43687.0,158.1,5106717.0
2022-07-28,158.25,161.1,157.55,160.65,9894482,62307.0,158.8,7072569.0
2022-07-29,162.3,163.35,159.65,160.45,11574801,55144.0,209.9,8610992.0
2022-08-01,161.3,165.1,160.6,164.2,9102418,86156.0,105.65,6728439.0
2022-08-02,164.95,167.55,163.0,166.95,13311561,70347.0,189.23,9447400.0
2022-08-03,167.5,168.55,164.75,167.7,9304529,56814.0,163.77,6638999.0
2022-08-04,168.0,168.15,164.3,165.6,7284201,70272.0,103.66,5334445.0
2022-08-05,166.3,168.55,164.15,167.75,10574418,63388.0,166.82,6088098.0
2022-08-08,168.75,169.75,165.8,166.4,6294031,,,
2022-08-10,165.55,168.7,165.4,167.6,6438950,67098.0,95.96,3515736.0
2022-08-11,168.5,170.2,166.3,167.15,3780470,50023.0,75.57,2137538.0
2022-08-12,167.25,171.45,166.5,171.05,9959297,86101.0,115.67,6916540.0
2022-08-16,171.9,172.45,170.3,171.65,8473685,68470.0,123.76,6439933.0
2022-08-17,171.65,173.2,170.8,171.4,8419099,66734.0,126.16,6312601.0
2022-08-18,170.95,173.8,170.8,173.5,8520364,54650.0,155.91,6539928.0
2022-08-19,171.35,172.3,169.3,171.1,7372148,47071.0,156.62,4167094.0
2022-08-22,171.1,173.1,169.25,169.45,6892870,64945.0,106.13,4291435.0
2022-08-23,168.7,171.65,168.15,170.65,6677814,42090.0,158.66,4121686.0
2022-08-24,170.5,172.45,169.9,172.1,9755419,50909.0,191.62,5951787.0
2022-08-25,172.9,173.25,168.8,169.75,9093274,49975.0,181.96,6104995.0
2022-08-26,169.95,173.4,169.95,172.85,5974534,44884.0,133.11,3915025.0
2022-08-29,171.2,171.7,169.2,170.3,5637760,34268.0,164.52,3870238.0
2022-08-30,171.15,172.7,171.1,172.2,5410874,50892.0,106.32,3106734.0
2022-09-01,168.8,172.6,168.75,169.6,9831811,74968.0,131.15,7009615.0
2022-09-02,170.6,171.65,167.85,168.15,5172928,48391.0,106.9,3666058.0
2022-09-05,168.75,169.15,166.3,167.55,13541606,43885.0,308.57,10591283.0
2022-09-06,168.0,171.0,168.0,168.8,10577776,50127.0,211.02,6726600.0
2022-09-07,167.3,170.2,167.3,168.3,5900059,51723.0,114.07,3453126.0
2022-09-08,169.5,170.2,167.6,168.3,5390802,58563.0,92.05,4066819.0
2022-09-09,169.55,169.6,166.9,167.2,6871521,42758.0,160.71,4954554.0
2022-09-12,167.65,168.5,166.65,167.95,6584190,47772.0,137.83,4543391.0
2022-09-13,168.25,170.6,167.85,170.1,8458788,63014.0,134.24,6141591.0
2022-09-14,168.75,174.9,168.5,174.4,18804719,77114.0,243.86,11731886.0
2022-09-15,175.1,178.7,174.25,178.2,17704777,94857.0,186.65,11695486.0
2022-09-16,178.8,178.85,175.05,176.75,22049732,60184.0,366.37,16429035.0
2022-09-19,176.95,178.6,173.75,174.85,10440035,51741.0,201.77,7258486.0
2022-09-20,175.5,177.2,174.1,174.5,15122230,59021.0,256.22,12893683.0
2022-09-21,175.4,175.75,168.25,170.3,10851628,68275.0,158.94,7530906.0
2022-09-22,168.0,169.8,164.35,165.1,19698398,106819.0,184.41,12398295.0
2022-09-23,163.75,164.8,148.6,151.9,65372042,290220.0,225.25,36732551.0
2022-09-26,150.0,157.0,139.75,150.65,125660351,483237.0,260.04,60867414.0
2022-09-27,154.35,155.9,150.95,153.65,40595322,176408.0,230.12,22796480.0
2022-09-28,153.9,157.8,151.9,155.8,39658405,149009.0,266.15,24253559.0
2022-09-29,156.7,159.1,154.55,156.0,27571402,108081.0,255.1,14791508.0
2022-09-30,155.25,164.0,155.25,159.15,47173211,171570.0,274.95,27967596.0
2022-10-03,159.75,161.0,156.75,158.1,8805648,89498.0,98.39,4456530.0
2022-10-04,159.1,159.25,156.0,156.35,14384500,88500.0,162.54,9205342.0
2022-10-06,156.65,158.2,154.2,154.75,15519559,143628.0,108.05,10328621.0
2022-10-07,153.0,157.3,153.0,157.05,10712138,67550.0,158.58,4126370.0
2022-10-10,155.95,158.95,155.65,156.7,12625670,80195.0,157.44,7612594.0
2022-10-11,157.5,158.6,154.9,156.25,13355372,70690.0,188.93,7859444.0
2022-10-12,157.85,161.95,157.0,161.65,26466248,111951.0,236.41,15835531.0
2022-10-13,161.2,163.0,159.95,160.45,12327678,72998.0,168.88,8574811.0
2022-10-14,163.5,163.5,158.65,159.5,17523893,99965.0,175.3,12756462.0
2022-10-17,158.95,161.2,158.25,158.9,7140403,45071.0,158.43,4247814.0
2022-10-18,159.7,161.25,158.65,159.25,9942431,44799.0,221.93,6654928.0
2022-10-19,159.75,162.7,159.7,160.4,8696526,52854.0,164.54,5335734.0
2022-10-20,159.4,163.5,159.25,163.1,12278300,69000.0,177.95,7663800.0
2022-10-21,161.5,164.2,160.5,163.0,8725869,46909.0,186.02,5223764.0
2022-10-24,164.85,165.2,163.95,164.15,849645,9147.0,92.89,394191.0
2022-10-25,164.15,164.55,160.7,163.9,15467016,62762.0,246.44,10372220.0
2022-10-27,164.5,168.65,163.0,167.9,18223867,76587.0,237.95,13201218.0
2022-10-28,167.85,171.75,167.4,170.1,8752410,60316.0,145.11,5220906.0
2022-10-31,170.95,172.7,170.0,171.1,8816762,65350.0,134.92,5775293.0
2022-11-01,173.0,176.9,172.35,176.35,11415209,70133.0,162.77,5544609.0
2022-11-02,176.35,177.4,174.65,175.0,9663337,54579.0,177.05,6679603.0
2022-11-03,174.75,175.2,170.0,171.05,7018662,62236.0,112.77,3761376.0
2022-11-04,171.0,172.1,168.75,169.6,6044751,55831.0,108.27,3946177.0
2022-11-07,170.5,173.9,169.8,171.0,11146529,62927.0,177.13,6092027.0
2022-11-09,173.25,173.25,163.55,164.05,17123363,100719.0,170.01,11109153.0
2022-11-10,162.0,165.1,160.1,161.2,12163224,70283.0,173.06,8093639.0
2022-11-11,162.0,163.4,160.15,160.55,9092915,72405.0,125.58,6306303.0
2022-11-14,158.2,160.3,157.7,158.5,13845647,74343.0,186.24,10481257.0
2022-11-15,157.5,162.4,157.25,162.0,11443578,74343.0,153.93,10481257.0
2022-11-16,161.95,163.1,160.1,162.8,7369356,64071.0,115.02,4471350.0
2022-11-17,162.7,165.35,162.2,163.75,7087249,51519.0,137.57,3543698.0
2022-11-18,163.75,164.1,162.65,163.75,4371749,38261.0,114.26,2450578.0
2022-11-21,163.1,164.6,162.4,164.3,3534039,30781.0,114.81,2068426.0
2022-11-22,163.9,164.4,162.7,163.35,3274834,35978.0,91.02,1756545.0
2022-11-23,163.7,164.1,160.7,161.35,10132934,52965.0,191.31,6465951.0
2022-11-24,161.55,165.75,161.3,165.55,5716683,52314.0,109.28,2711262.0
2022-11-25,165.55,165.7,162.45,165.45,8242254,88156.0,93.5,4798318.0
2022-11-28,164.35,166.65,164.35,166.0,3394615,30041.0,113.0,1771865.0
2022-11-29,166.0,166.7,163.9,164.5,4857041,57714.0,84.16,2893122.0
2022-11-30,164.5,168.7,163.25,168.0,12988464,57592.0,225.53,9515162.0
2022-12-01,168.0,168.65,165.4,166.4,9931471,74397.0,133.49,7395385.0
2022-12-02,163.9,166.1,163.9,164.85,9660712,70144.0,137.73,6395243.0
2022-12-05,164.8,166.7,162.9,166.4,12358468,78590.0,157.25,8542697.0
2022-12-06,166.15,168.1,164.55,167.6,8474959,47101.0,179.93,5972648.0
2022-12-07,167.15,168.1,165.35,165.8,4360480,50955.0,85.58,2775175.0
2022-12-08,166.35,166.4,162.7,163.35,8382330,65437.0,128.1,5538622.0
2022-12-09,163.8,164.2,161.8,162.9,4515024,53655.0,84.15,2451224.0
2022-12-12,162.0,163.5,160.95,161.65,6145822,65743.0,93.48,3940543.0
2022-12-13,161.65,162.6,159.8,162.25,6176588,52935.0,116.68,3728377.0
2022-12-14,162.25,165.4,162.25,164.4,7541515,57118.0,132.03,4548802.0
2022-12-15,164.6,165.3,161.9,162.25,4039334,52695.0,76.65,2502672.0
2022-12-16,161.25,163.65,159.45,159.9,8374963,57946.0,144.53,6085983.0
2022-12-19,160.55,164.4,160.1,164.2,5819147,51456.0,113.09,2452844.0
2022-12-20,164.2,164.2,160.4,163.0,4906447,49166.0,99.79,2601292.0
2022-12-21,162.8,163.7,160.4,162.05,5254396,39694.0,132.37,2742550.0
2022-12-22,162.1,162.75,159.65,161.25,5221062,39350.0,132.68,3253258.0
2022-12-23,160.05,161.5,157.85,158.45,3415989,59267.0,57.64,1835510.0
2022-12-26,158.6,160.7,158.2,158.9,5148249,46694.0,110.26,2817193.0
2022-12-27,159.7,161.4,158.85,159.5,9836889,80956.0,121.51,6663743.0
2022-12-28,159.4,163.8,159.4,161.8,12611662,69849.0,180.56,5447375.0
2022-12-29,160.55,162.4,160.1,161.8,16902655,62895.0,268.74,10420952.0
2022-12-30,162.05,162.55,159.95,160.3,3482351,29098.0,119.68,2049918.0
2023-01-02,160.9,161.6,159.75,161.3,4469546,45693.0,97.82,2311073.0
2023-01-03,161.45,162.15,160.75,161.7,2154833,32183.0,66.96,1056247.0
2023-01-04,161.55,161.55,157.9,158.3,7465907,57483.0,129.88,5037553.0
2023-01-05,158.9,158.9,154.95,156.6,15955132,87266.0,182.83,11259414.0
2023-01-06,156.1,157.75,155.65,156.1,8632854,61992.0,139.26,6424875.0
2023-01-09,156.9,158.95,153.2,156.8,39363845,101945.0,386.13,32692599.0
2023-01-10,157.4,159.35,156.75,158.85,12936245,89691.0,144.23,7689306.0
2023-01-11,159.15,159.8,157.6,158.95,6873271,69930.0,98.29,4214697.0
2023-01-12,160.15,160.4,158.55,160.1,15884667,68460.0,232.03,13222190.0
2023-01-13,160.2,161.5,160.0,160.5,4920184,39838.0,123.5,3108441.0
2023-01-16,161.25,161.9,159.5,161.75,6271646,47286.0,132.63,4723866.0
2023-01-17,161.75,164.0,161.2,163.8,9750429,53564.0,182.03,7098413.0
2023-01-18,163.75,165.1,162.3,164.5,8378527,60583.0,138.3,5723466.0
2023-01-19,164.1,165.95,164.0,165.55,8690112,51145.0,169.91,6795296.0
2023-01-20,165.75,167.9,165.75,167.45,7584484,60139.0,126.12,5288196.0
2023-01-23,168.0,171.25,167.65,168.8,10795208,75864.0,142.3,6493361.0
2023-01-24,169.7,169.95,165.4,165.7,4613170,52228.0,88.33,2832494.0
2023-01-25,165.5,165.95,163.35,164.55,4342749,52017.0,83.49,2771723.0
2023-01-27,164.5,166.1,162.75,164.45,7843953,74997.0,104.59,5302057.0
2023-01-30,163.5,164.15,157.9,158.9,18216133,126127.0,144.43,13063003.0
2023-01-31,159.45,165.15,159.1,162.5,15748160,99268.0,158.64,10772102.0
2023-02-01,168.75,168.75,160.2,162.4,15184777,95846.0,158.43,9293048.0
2023-02-02,162.0,162.8,158.5,159.5,9615498,65796.0,146.14,6398469.0
2023-02-03,159.9,161.35,157.8,161.15,8111765,72107.0,112.5,5414530.0
2023-02-06,160.1,163.0,159.8,162.8,5211151,49948.0,104.33,3520195.0
2023-02-07,163.5,163.65,161.3,162.65,7526645,45421.0,165.71,5605602.0
2023-02-08,159.65,159.95,157.85,159.0,9324540,70236.0,132.76,6040884.0
2023-02-09,159.0,160.45,159.0,159.65,5258312,51834.0,101.45,3614985.0
2023-02-10,158.9,160.85,158.9,160.6,8169120,55941.0,146.03,6364149.0
2023-02-13,160.6,162.4,160.5,162.0,5782600,52741.0,109.64,4218386.0
2023-02-14,162.8,162.8,159.55,161.25,4508011,55718.0,80.91,3036409.0
2023-02-15,159.95,161.4,159.75,160.9,6080623,47980.0,126.73,4602467.0
2023-02-16,162.7,162.7,160.5,160.95,2972337,36227.0,82.05,1850731.0
2023-02-17,160.5,161.9,159.75,160.35,4868362,39272.0,123.97,3535578.0
2023-02-20,161.7,162.75,160.65,161.85,5131438,52334.0,98.05,2396435.0
2023-02-21,163.15,164.05,162.05,162.9,5026076,57949.0,86.73,3175679.0
2023-02-22,162.0,163.0,159.75,161.0,6846495,72069.0,95.0,5015813.0
2023-02-23,161.25,161.9,159.45,159.95,7759406,62914.0,123.33,5586748.0
2023-02-24,159.3,161.55,159.3,161.3,7356623,42582.0,172.76,6090914.0
2023-02-27,162.35,164.95,160.9,164.4,13322714,86364.0,154.26,8482142.0
2023-02-28,165.45,167.25,164.05,166.7,27419459,112318.0,244.12,21496667.0
2023-03-01,166.15,166.7,163.05,164.2,9672064,78389.0,123.39,6147519.0
2023-03-02,163.5,165.75,161.85,165.25,59781419,91617.0,652.51,53866510.0
2023-03-03,165.3,169.1,165.3,166.6,7463902,73072.0,102.14,2950787.0
2023-03-06,168.0,171.6,167.25,170.35,11744968,120152.0,97.75,7014676.0
2023-03-08,170.2,171.25,169.3,171.05,8693622,95240.0,91.28,5702101.0
2023-03-09,171.75,172.85,169.1,169.35,10456240,56572.0,184.83,7589599.0
2023-03-10,166.7,171.1,166.7,169.9,7204076,86419.0,83.36,5026850.0
2023-03-13,171.05,172.55,169.05,169.6,9907240,89340.0,110.89,6894672.0
2023-03-14,168.85,170.8,168.0,168.9,7187554,74944.0,95.91,4355007.0
2023-03-15,169.95,172.55,169.3,171.25,9171052,124317.0,73.77,6564035.0
2023-03-16,172.1,174.7,171.25,174.1,13828363,123712.0,111.78,10059871.0
2023-03-17,175.45,175.5,171.25,172.3,25283269,120170.0,210.4,17400015.0
2023-03-20,169.0,172.05,169.0,170.6,6961059,61620.0,112.97,4353098.0
2023-03-21,170.45,170.8,166.85,167.35,8454591,63435.0,133.28,5321666.0
2023-03-22,167.25,168.5,165.6,168.1,5692385,44556.0,127.76,3351176.0
2023-03-23,168.0,168.4,165.95,166.6,12818474,43985.0,291.43,9560681.0
2023-03-24,167.25,168.2,165.6,166.8,7778750,43987.0,176.84,5570504.0
2023-03-27,167.2,169.7,164.65,165.1,14987800,47090.0,318.28,12102694.0
2023-03-28,165.95,167.3,164.0,166.6,6516875,45753.0,142.44,4262290.0
2023-03-29,166.6,167.8,165.4,166.85,14807444,73688.0,200.95,10851469.0
2023-03-31,168.0,170.05,167.25,169.3,7651544,58908.0,129.89,5353590.0
2023-04-03,170.5,170.5,167.9,168.45,5732411,62097.0,92.31,4119919.0
2023-04-05,169.95,169.95,167.8,169.25,9014537,57789.0,155.99,7532162.0
2023-04-06,170.4,170.55,168.5,168.95,3212157,34193.0,93.94,1552184.0
2023-04-10,168.9,172.05,168.75,171.8,3109233,37848.0,82.15,1336782.0
2023-04-11,171.7,174.0,171.35,173.5,3829952,48167.0,79.51,1846095.0
2023-04-12,173.55,173.65,170.3,170.5,6839097,51827.0,131.96,4981194.0
2023-04-13,170.5,173.75,170.25,173.4,8571466,52636.0,162.84,6649297.0
2023-04-17,174.45,179.9,174.25,177.5,16361286,105809.0,154.63,7948200.0
2023-04-18,177.7,178.1,172.25,172.75,10112125,80892.0,125.01,6195007.0
2023-04-19,171.75,173.55,171.5,172.45,6198143,60209.0,102.94,3743479.0
2023-04-20,173.15,174.7,172.25,173.2,5481563,66039.0,83.0,3106869.0
2023-04-21,173.85,174.25,172.2,173.65,3772988,37604.0,100.33,2427877.0
2023-04-24,173.25,174.25,172.45,173.95,4293801,45842.0,93.67,2922345.0
2023-04-25,173.5,175.4,173.0,174.7,6254028,50531.0,123.77,4447547.0
2023-04-26,175.55,179.6,174.0,178.75,10185764,80456.0,126.6,6910526.0
2023-04-27,178.5,178.75,175.1,176.95,7345843,65298.0,112.5,4417712.0
2023-04-28,177.7,178.45,174.8,177.95,7939116,52736.0,150.54,5453364.0
2023-05-02,179.0,180.85,178.7,180.1,5049681,85576.0,59.01,3322793.0
2023-05-03,180.0,181.5,179.1,179.8,3591913,53500.0,67.14,2065442.0
2023-05-04,179.75,180.5,176.2,179.15,6892338,77848.0,88.54,3878225.0
2023-05-05,179.1,181.1,178.65,180.8,2922331,54760.0,53.37,1586508.0
2023-05-08,181.4,184.7,180.8,183.55,6568741,77646.0,84.6,4113577.0
2023-05-09,183.05,185.2,182.0,182.55,6875206,80369.0,85.55,5115070.0
2023-05-10,183.85,185.95,183.45,185.75,7267057,70731.0,102.74,4859707.0
2023-05-11,185.8,186.9,184.95,186.4,9462545,89357.0,105.9,6683799.0
2023-05-12,186.65,187.2,180.85,181.3,10390356,77565.0,133.96,7133041.0
2023-05-15,182.55,184.25,181.75,182.45,9140823,63950.0,142.94,6779949.0
2023-05-16,182.65,183.4,180.0,180.45,8563882,59973.0,142.8,6922882.0
2023-05-17,180.7,181.4,178.1,179.1,8670697,57419.0,151.01,5582738.0
2023-05-18,180.75,180.75,175.95,176.75,10873293,58879.0,184.67,6775687.0
2023-05-19,176.75,178.1,174.0,175.3,7553771,76447.0,98.81,3900822.0
2023-05-22,176.0,179.25,174.5,175.75,9424597,82594.0,114.11,4908867.0
2023-05-23,175.55,177.4,175.0,175.6,9343921,89277.0,104.66,6920779.0
2023-05-24,178.35,178.4,176.15,176.85,6658479,66422.0,100.25,2837707.0
2023-05-25,178.3,180.25,177.25,178.45,9377061,64462.0,145.47,6334497.0
2023-05-26,178.4,178.4,176.1,178.0,5108851,53443.0,95.59,2805935.0
2023-05-29,178.65,178.75,175.6,175.9,10228723,68728.0,148.83,6785557.0
2023-05-30,176.9,176.9,175.3,176.3,7102445,72934.0,97.38,5061345.0
2023-05-31,176.25,176.4,172.5,175.4,36078118,91015.0,396.4,28177682.0
2023-06-01,174.7,175.6,172.55,174.75,6603593,80254.0,82.28,4390147.0
2023-06-02,175.5,176.3,174.8,175.95,4963336,49076.0,101.14,3613522.0
2023-06-05,177.35,178.5,176.1,176.7,20571227,56990.0,360.96,17254948.0
2023-06-06,177.35,177.75,175.85,176.5,5173953,42309.0,122.29,3196276.0
2023-06-07,177.5,180.05,177.1,179.4,8365179,77639.0,107.74,5032511.0
2023-06-08,179.45,184.1,179.45,181.25,14475626,91747.0,157.78,8078666.0
2023-06-09,182.65,184.1,181.35,183.7,8277856,69001.0,119.97,4934416.0
2023-06-12,183.75,184.85,180.9,181.25,6141682,63653.0,96.49,3676617.0
2023-06-13,181.5,182.6,181.1,181.7,4832414,41135.0,117.48,3141791.0
2023-06-14,181.6,185.4,181.6,184.9,7723070,65388.0,118.11,5028853.0
2023-06-15,185.2,185.2,182.85,184.85,7299562,53486.0,136.48,5239548.0
2023-06-16,184.8,185.5,183.4,184.85,7276771,47293.0,153.87,5036887.0
2023-06-19,184.85,186.25,181.8,182.3,7823736,61073.0,128.1,5316456.0
2023-06-20,182.9,187.3,182.8,186.55,10069774,72383.0,139.12,6850200.0
2023-06-21,186.6,194.3,186.55,193.65,23379070,161044.0,145.17,14415054.0
2023-06-22,193.5,193.5,189.5,190.15,5573224,75552.0,73.77,3221551.0
2023-06-23,190.2,191.0,187.15,187.6,4195045,66370.0,63.21,2650854.0
2023-06-26,187.5,187.7,185.35,186.4,5479022,68020.0,80.55,3790437.0
2023-06-27,186.1,187.55,185.75,187.15,8357181,62588.0,133.53,6423441.0
2023-06-28,188.1,189.4,184.85,187.6,13356538,115299.0,115.84,8549559.0
2023-06-30,192.4,194.8,188.4,191.35,13244985,128843.0,102.8,6881865.0
2023-07-03,190.9,191.2,187.1,187.9,9350430,118428.0,78.95,6555598.0
2023-07-04,189.4,189.4,186.9,187.2,6478476,108559.0,59.68,4723087.0
2023-07-05,187.3,190.45,187.1,189.95,4005681,77208.0,51.88,2384718.0
2023-07-06,194.95,197.7,190.8,197.0,12528785,103996.0,120.47,6476441.0
2023-07-07,196.9,196.9,191.0,191.6,9861888,123381.0,79.93,6338676.0
2023-07-10,191.6,192.3,186.4,187.5,11489286,85911.0,133.73,8480502.0
2023-07-11,189.0,191.55,187.55,190.1,5614534,74011.0,75.86,3729250.0
2023-07-12,190.5,191.05,188.35,189.05,7043158,103031.0,68.36,5010181.0
2023-07-13,188.8,189.15,181.3,182.3,22943588,203149.0,112.94,14926168.0
2023-07-14,182.25,183.3,177.5,180.05,54064374,159721.0,338.49,46140584.0
2023-07-17,181.9,183.7,179.4,180.75,8605621,88282.0,97.48,4812118.0
2023-07-18,180.75,182.8,179.7,180.85,11205445,113043.0,99.13,8031789.0
2023-07-19,180.75,184.65,180.4,182.45,17216156,116945.0,147.22,11801622.0
2023-07-20,182.95,184.4,181.75,183.2,7686812,74340.0,103.4,4717748.0
2023-07-21,182.45,184.75,181.65,183.1,13849807,101310.0,136.71,10629725.0
2023-07-24,183.05,186.1,182.15,185.6,11119172,83249.0,133.57,7486738.0
2023-07-25,186.7,188.6,186.1,188.35,7875013,92334.0,85.29,5313152.0
2023-07-26,190.4,191.75,187.5,188.25,9673629,139576.0,69.31,5823097.0
2023-07-27,189.0,190.05,187.3,188.0,8127580,91009.0,89.31,5290040.0
2023-07-28,188.85,195.85,187.6,193.65,13138844,123213.0,106.64,5571908.0
2023-07-31,196.5,200.25,194.35,199.55,18202301,116881.0,155.73,9009683.0
2023-08-01,196.5,196.5,187.9,188.85,23546777,189498.0,124.26,12092279.0
2023-08-02,189.7,190.35,184.95,186.4,15619054,134703.0,115.95,9739345.0
2023-08-03,186.75,187.95,184.6,186.5,8161515,115263.0,70.81,4295475.0
2023-08-04,186.0,186.8,184.95,185.5,5554793,79438.0,69.93,3382319.0
2023-08-07,186.6,186.7,184.5,185.95,4759475,72847.0,65.34,2823943.0
2023-08-08,183.95,183.95,180.5,181.1,11378795,119615.0,95.13,7854517.0
2023-08-09,182.25,182.6,179.8,180.25,13831606,79359.0,174.29,10978622.0
2023-08-10,180.4,182.0,180.05,181.35,7471838,76011.0,98.3,4846884.0
2023-08-11,184.1,184.7,182.1,183.25,17899555,128195.0,139.63,12867386.0
2023-08-14,183.65,184.0,180.55,183.4,6891365,76416.0,90.18,5044687.0
2023-08-16,183.45,186.5,182.3,186.05,6893604,63070.0,109.3,5002307.0
2023-08-17,186.05,186.6,181.65,182.8,11475857,123365.0,93.02,7271377.0
2023-08-18,182.75,182.75,180.1,180.75,9219181,93874.0,98.21,6187342.0
2023-08-21,181.75,185.8,181.3,185.4,6847145,77821.0,87.99,3870762.0
2023-08-22,186.0,187.6,185.0,185.85,8330873,65207.0,127.76,5453492.0
2023-08-23,187.5,187.5,185.4,187.2,6365715,72757.0,87.49,4337997.0
2023-08-24,187.5,189.5,184.35,184.75,14236566,89911.0,158.34,9456191.0
2023-08-25,184.6,185.55,181.05,181.5,9638508,74426.0,129.5,6391725.0
2023-08-28,182.25,186.75,181.9,186.4,8931499,86296.0,103.5,6202730.0
2023-08-29,187.2,189.75,186.45,188.35,9272491,82711.0,112.11,6231453.0
2023-08-30,188.5,188.7,184.85,185.3,5061006,65122.0,77.72,2871433.0
2023-08-31,185.9,187.2,182.65,183.4,15536865,129597.0,119.89,11150953.0
2023-09-01,185.25,189.45,183.9,189.15,9840543,113800.0,86.47,5864729.0
2023-09-04,190.2,192.4,188.1,191.55,7680024,80947.0,94.88,3986404.0
2023-09-05,191.5,192.75,189.75,190.75,8169890,62690.0,130.32,5744701.0
2023-09-06,192.5,192.95,189.1,190.9,7513855,83525.0,89.96,4509509.0
2023-09-07,190.5,193.3,189.1,192.75,10320340,81790.0,126.18,6350015.0
2023-09-08,193.7,196.0,192.8,194.0,12586314,78420.0,160.5,7194653.0
2023-09-11,195.25,198.75,193.2,198.4,13262855,124968.0,106.13,7081311.0
2023-09-12,203.0,204.25,190.65,191.3,29826173,256374.0,116.34,15013800.0
2023-09-13,193.2,194.6,191.3,193.2,10692151,117887.0,90.7,4767364.0
2023-09-14,194.2,195.65,193.7,195.15,10941807,105128.0,104.08,5853369.0
2023-09-15,196.15,196.2,192.2,194.1,20516593,149652.0,137.1,13515943.0
2023-09-18,195.25,200.5,194.1,200.1,25627043,112091.0,228.63,17727110.0
2023-09-20,198.7,205.95,198.45,204.65,33369524,212188.0,157.26,16669528.0
2023-09-21,205.0,205.55,200.4,201.6,20332556,159234.0,127.69,12171471.0
2023-09-22,200.55,202.9,196.4,199.15,21193988,167973.0,126.17,12175935.0
2023-09-25,200.0,200.65,196.7,198.9,11951847,91676.0,130.37,7136924.0
2023-09-26,199.1,200.05,197.6,198.35,7440011,69936.0,106.38,4496375.0
2023-09-27,199.3,199.6,197.3,199.35,6736870,78032.0,86.33,3774732.0
2023-09-28,200.1,204.45,197.8,200.75,50185120,129604.0,387.22,33187897.0
2023-09-29,200.95,201.9,199.1,199.75,16293959,103601.0,157.28,6718063.0
2023-10-03,198.75,200.0,196.9,199.55,10830728,87263.0,124.12,7205271.0
2023-10-04,198.9,199.4,195.4,199.0,14120040,123235.0,114.58,9518111.0
2023-10-05,199.5,199.5,195.35,196.6,14575590,141442.0,103.05,8167919.0
2023-10-06,197.0,197.45,194.85,197.05,12857229,160650.0,80.03,8273173.0
2023-10-09,196.5,196.9,193.75,196.25,7853369,89095.0,88.15,4770844.0
2023-10-10,196.25,198.55,195.7,197.95,7440527,84175.0,88.39,5137962.0
2023-10-11,197.35,199.15,197.35,198.5,10031916,78356.0,128.03,6914764.0
2023-10-12,197.35,202.0,197.35,200.75,21872719,120135.0,182.07,15123290.0
2023-10-13,200.45,202.4,199.3,201.8,13105921,107558.0,121.85,8597209.0
2023-10-16,200.3,203.85,200.1,203.05,18336656,96309.0,190.39,14675281.0
2023-10-17,203.55,209.0,202.6,207.15,19378328,133943.0,144.68,10996027.0
2023-10-18,208.45,208.45,204.0,206.5,14923328,95205.0,156.75,9416794.0
2023-10-19,204.0,207.4,202.2,205.8,13192888,126199.0,104.54,6920229.0
2023-10-20,205.2,205.2,200.9,202.85,22081120,130666.0,168.99,14865197.0
2023-10-23,202.0,205.15,199.0,199.75,6988219,95537.0,73.15,3036974.0
2023-10-25,199.0,200.45,197.8,199.5,16817158,99320.0,169.32,10679730.0
2023-10-26,198.75,200.0,196.3,198.95,11070090,126856.0,87.27,6147532.0
2023-10-27,199.25,201.8,199.15,200.95,9995487,75473.0,132.44,6957091.0
2023-10-30,200.95,202.2,197.65,200.85,7679981,80255.0,95.69,4644087.0
2023-10-31,201.5,202.95,200.55,202.15,7474770,89173.0,83.82,4916296.0
2023-11-01,202.35,202.35,200.5,200.95,5598615,63991.0,87.49,3888969.0
2023-11-02,201.75,203.65,200.9,203.1,12924797,102050.0,126.65,7961117.0
2023-11-03,203.4,206.5,203.1,204.4,8684015,77970.0,111.38,5892992.0
2023-11-06,205.0,208.95,204.95,208.2,9804415,89914.0,109.04,6798288.0
2023-11-07,208.2,209.1,205.75,208.0,10730361,81220.0,132.11,6706614.0
2023-11-08,209.0,209.6,206.65,207.0,7435543,53776.0,138.27,4367402.0
2023-11-09,207.3,210.5,206.1,209.8,13777877,90892.0,151.59,8073447.0
2023-11-10,210.5,213.0,209.6,211.15,12066023,79765.0,151.27,6464261.0
2023-11-12,213.6,213.7,211.7,212.0,1008214,14439.0,69.83,620817.0
2023-11-13,212.0,215.1,210.7,212.3,11352269,85644.0,132.55,7275970.0
2023-11-15,215.0,215.0,209.8,210.15,19182861,99834.0,192.15,15627693.0
2023-11-16,206.7,208.85,205.7,207.2,27533260,144158.0,190.99,20524398.0
2023-11-17,207.7,210.7,206.9,209.5,16705395,96027.0,173.97,12081749.0
2023-11-20,210.1,211.2,208.85,209.3,11156900,86449.0,129.06,8643222.0
2023-11-21,210.0,210.15,207.95,208.95,9608081,77454.0,124.05,7325372.0
2023-11-22,208.2,212.6,208.2,211.6,13079580,81160.0,161.16,8597417.0
2023-11-23,212.05,213.1,209.25,210.9,11382709,89247.0,127.54,7372917.0
2023-11-24,211.3,212.1,209.5,210.45,7250200,70075.0,103.46,4510634.0
2023-11-28,214.45,214.45,209.5,210.2,15629209,123082.0,126.98,11667429.0
2023-11-29,210.3,211.45,209.1,211.05,10062023,86949.0,115.72,7187314.0
2023-11-30,210.4,212.8,208.25,208.95,60354322,167227.0,360.91,49063109.0
2023-12-01,211.5,212.45,209.45,210.2,20719909,115921.0,178.74,15274754.0
2023-12-04,211.7,214.1,211.7,212.9,27914088,141013.0,197.95,22735458.0
2023-12-05,213.7,223.25,211.55,222.3,40709207,163607.0,248.82,26320902.0
2023-12-06,226.0,226.25,222.5,224.4,29544730,164994.0,179.07,17359127.0
2023-12-07,225.0,232.4,224.25,230.0,24534268,189167.0,129.7,11659329.0
2023-12-08,231.8,233.4,226.45,228.6,22206320,156553.0,141.85,12644032.0
2023-12-11,228.0,232.9,226.55,230.95,19106395,116090.0,164.58,13101025.0
2023-12-12,230.0,233.3,229.5,231.35,14355329,107451.0,133.6,9695980.0
2023-12-13,231.0,237.5,230.6,236.95,26878281,129371.0,207.76,17645029.0
2023-12-14,237.25,237.6,231.1,232.1,29972018,157282.0,190.56,19182396.0
2023-12-15,235.0,238.1,227.15,237.35,41341690,147110.0,281.03,27551223.0
2023-12-18,236.9,236.9,231.45,231.85,29051897,121644.0,238.83,21101421.0
2023-12-19,232.15,234.4,230.85,233.55,12612164,111819.0,112.79,7890554.0
2023-12-20,234.95,235.4,226.2,227.15,20400245,108114.0,188.69,12527095.0
2023-12-21,224.45,233.2,222.7,232.35,17755207,124474.0,142.64,8074410.0
2023-12-22,233.0,234.2,230.5,231.75,9735375,108523.0,89.71,5464373.0
2023-12-26,232.0,235.8,231.05,233.35,6772092,80603.0,84.02,3333968.0
2023-12-27,235.0,235.85,232.5,234.05,10231881,126283.0,81.02,6474338.0
2023-12-28,235.1,239.95,234.1,239.1,39164340,163236.0,239.92,21168591.0
2023-12-29,237.8,238.25,234.75,237.2,12665999,128818.0,98.32,7184127.0
2024-01-01,237.9,239.5,236.4,238.25,5952776,79560.0,74.82,3000033.0
2024-01-02,240.0,240.1,236.15,237.85,9128513,99428.0,91.81,5081889.0
2024-01-03,236.0,238.7,234.6,237.05,8284439,105820.0,78.29,5081814.0
2024-01-04,238.0,243.1,237.05,241.45,19663959,193660.0,101.54,12244918.0
2024-01-05,242.0,245.0,239.3,241.25,16345257,135160.0,120.93,8347434.0
2024-01-08,242.4,245.25,240.4,242.35,13585746,118135.0,115.0,8059089.0
2024-01-09,242.6,244.65,241.5,242.3,8688409,92644.0,93.78,5408758.0
2024-01-10,241.0,242.1,238.0,239.15,16872195,115843.0,145.65,11418030.0
2024-01-11,240.25,243.1,239.2,241.95,18812468,123728.0,152.05,14514850.0
2024-01-12,242.5,242.65,238.8,239.5,11296498,115216.0,98.05,7666593.0
2024-01-15,240.4,241.5,237.0,241.15,12597366,87288.0,144.32,8688881.0
2024-01-16,241.65,242.4,237.7,239.05,7478450,84350.0,88.66,4901097.0
2024-01-17,238.5,241.2,237.7,239.2,13620300,104816.0,129.94,10244565.0
2024-01-18,227.25,235.7,226.05,233.45,25522629,241637.0,105.62,12898413.0
2024-01-19,235.0,236.95,232.4,235.4,20931080,156147.0,134.05,14108600.0
2024-01-20,238.0,240.8,236.5,237.2,6491870,52209.0,124.34,2124231.0
2024-01-23,241.0,246.8,236.25,237.95,27492163,193031.0,142.42,14211542.0
2024-01-24,236.15,247.0,235.0,246.2,28309825,210065.0,134.77,18151445.0
2024-01-25,244.75,248.7,243.1,245.5,20651484,192859.0,107.08,12253999.0
2024-01-29,245.45,255.0,245.15,253.95,26181011,176732.0,148.14,16578667.0
2024-01-30,254.0,256.95,251.5,254.1,16031367,166226.0,96.44,9923102.0
2024-01-31,254.0,260.0,252.4,259.3,34369455,174543.0,196.91,27328345.0
2024-02-01,259.0,270.95,258.3,265.8,29929092,280633.0,106.65,14094914.0
2024-02-02,264.5,281.4,263.95,277.1,33900724,270287.0,125.42,13992447.0
2024-02-05,277.5,289.4,274.9,282.9,27440927,225358.0,121.77,14587881.0
2024-02-06,282.9,282.9,272.3,274.25,29668277,250505.0,118.43,20393207.0
2024-02-07,272.1,274.4,266.8,267.95,27335466,220578.0,123.93,18980025.0
2024-02-08,270.8,288.05,270.8,276.2,69776717,471791.0,147.9,27261202.0
2024-02-09,278.6,279.45,269.1,273.0,24496638,173265.0,141.38,11257166.0
2024-02-12,273.2,276.0,266.25,270.3,19140023,161285.0,118.67,10222125.0
2024-02-13,270.3,270.85,264.25,270.25,22031847,153593.0,143.44,11906652.0
2024-02-14,269.5,275.0,267.0,273.65,13546941,137073.0,98.83,8037467.0
2024-02-15,272.0,283.35,271.35,281.65,25475670,176451.0,144.38,13950400.0
2024-02-16,282.0,282.9,273.3,274.55,25129188,179023.0,140.37,15189051.0
2024-02-19,275.1,278.3,273.3,276.35,11429901,94228.0,121.3,6964887.0
2024-02-20,278.35,288.75,277.7,287.9,43053543,275458.0,156.3,17390896.0
2024-02-21,287.55,289.45,279.25,280.1,24651085,161443.0,152.69,14834877.0
2024-02-22,280.1,283.5,273.25,282.6,26793590,204331.0,131.13,15638976.0
2024-02-23,282.55,285.2,279.0,281.95,14313526,135622.0,105.54,8012296.0
2024-02-26,282.95,291.5,282.05,287.8,31012494,199053.0,155.8,16106392.0
2024-02-27,284.1,293.4,284.1,292.5,36510093,243639.0,149.85,21641839.0
2024-02-28,291.5,293.65,278.4,279.55,18824161,147516.0,127.61,9752442.0
2024-02-29,279.6,285.0,274.4,282.85,35043015,249502.0,140.45,20332650.0
2024-03-01,285.0,289.4,284.6,287.7,15149735,165441.0,91.57,8671384.0
2024-03-02,289.0,289.8,286.2,286.85,494394,7250.0,68.19,281275.0
2024-03-04,288.0,297.0,288.0,294.65,23131460,213925.0,108.13,11297224.0
2024-03-05,292.05,295.45,289.75,295.0,13220556,190436.0,69.42,6693928.0
2024-03-06,290.3,294.9,286.5,293.7,15969436,221909.0,71.96,9222635.0
2024-03-07,294.0,298.9,291.0,292.65,14908694,206509.0,72.19,8688160.0
2024-03-11,288.4,291.95,284.4,285.55,19020659,198928.0,95.62,11616066.0
2024-03-12,284.9,288.65,282.75,285.15,17906155,135987.0,131.68,10514608.0
2024-03-13,283.3,283.9,261.8,264.3,39389523,312535.0,126.03,23370714.0
2024-03-14,264.05,268.4,260.7,266.35,26005940,228246.0,113.94,16394032.0
2024-03-15,268.1,272.0,257.65,265.95,43817794,306480.0,142.97,25943336.0
2024-03-18,265.95,266.65,259.5,264.9,12423655,148056.0,83.91,6858666.0
2024-03-19,262.15,266.5,258.3,259.0,20031514,185899.0,107.75,13979663.0
2024-03-20,259.95,265.15,258.95,264.65,11308487,137194.0,82.43,5311360.0
2024-03-21,267.8,274.5,267.1,273.75,23559105,138315.0,170.33,15522744.0
2024-03-22,273.75,278.25,271.35,275.75,22097588,175129.0,126.18,13233591.0
2024-03-26,270.1,274.1,266.1,270.05,28477120,138826.0,205.13,17532150.0
2024-03-27,271.0,272.8,269.2,270.25,18094214,114482.0,158.05,13294211.0
2024-03-28,272.0,279.5,271.65,276.9,26646830,166165.0,160.36,13581471.0
2024-04-01,280.75,281.6,277.65,280.15,8945400,81443.0,109.84,5048110.0
2024-04-02,279.25,281.7,278.5,279.55,13229425,84957.0,155.72,8118659.0
2024-04-03,280.15,283.1,278.55,280.1,14499308,117820.0,123.06,9671240.0
2024-04-04,282.8,286.7,275.05,277.65,23722104,216998.0,109.32,11770007.0
2024-04-05,279.95,279.95,275.15,278.4,9308711,85275.0,109.16,4354278.0
2024-04-08,280.55,284.2,279.05,281.75,14473340,77802.0,186.03,8056965.0
2024-04-09,282.85,284.35,281.0,281.2,5780865,50352.0,114.81,3169390.0
2024-04-10,280.0,285.35,280.0,282.55,8809693,72798.0,121.02,5075075.0
2024-04-12,281.5,284.45,274.65,275.25,17731780,142346.0,124.57,10440699.0
2024-04-15,270.25,276.2,268.4,274.05,13378690,124415.0,107.53,7558870.0
2024-04-16,273.0,275.55,271.25,274.25,9662195,79711.0,121.22,6048148.0
2024-04-18,287.9,289.9,277.7,280.1,51039603,273115.0,186.88,23857546.0
2024-04-19,278.1,282.25,274.7,281.65,18755469,161495.0,116.14,11087665.0
2024-04-22,284.0,284.7,281.7,283.65,14965203,103839.0,144.12,10538825.0
2024-04-23,283.65,287.15,280.7,285.35,11464036,119345.0,96.06,7033922.0
2024-04-24,285.0,291.85,284.4,290.4,19324163,157506.0,122.69,13049285.0
2024-04-25,292.0,294.5,289.25,293.3,22022414,173180.0,127.16,11938006.0
2024-04-26,294.25,296.15,291.45,292.25,15581578,259724.0,59.99,9102629.0
2024-04-29,292.3,294.6,289.6,293.7,9804396,87927.0,111.51,5428118.0
2024-04-30,293.7,304.35,293.05,301.85,33288857,201069.0,165.56,19569938.0
2024-05-02,301.95,317.25,301.85,313.6,44059506,442244.0,99.63,18012854.0
2024-05-03,312.0,316.1,308.25,310.85,27074447,244109.0,110.91,14235519.0
2024-05-06,310.2,310.8,303.1,306.85,16855909,196894.0,85.61,9915019.0
2024-05-07,307.0,308.3,294.5,295.25,13857464,165787.0,83.59,7578581.0
2024-05-08,292.0,302.85,292.0,302.0,18754452,140479.0,133.5,10183041.0
2024-05-09,302.75,304.35,295.25,296.15,11196567,149575.0,74.86,5147002.0
2024-05-10,296.25,304.45,296.25,303.75,11786977,122181.0,96.47,5225329.0
2024-05-13,304.2,307.65,297.6,306.55,11710605,121718.0,96.21,6081669.0
2024-05-14,308.0,313.0,307.75,309.25,9957875,104293.0,95.48,4397331.0
2024-05-15,310.0,316.3,308.85,314.85,11397656,116277.0,98.02,6298146.0
2024-05-16,314.5,315.6,305.3,312.5,19843532,183541.0,108.11,9160248.0
2024-05-17,314.9,316.0,310.75,313.15,9069551,96203.0,94.28,4386183.0
2024-05-18,315.85,318.25,315.0,316.9,1506930,16327.0,92.3,828403.0
2024-05-21,311.0,327.45,311.0,325.65,21976662,231340.0,95.0,11250162.0
2024-05-22,327.75,327.75,320.2,325.75,10287081,118782.0,86.6,5477267.0
2024-05-23,319.45,320.7,309.0,319.9,35705284,286351.0,124.69,15012036.0
2024-05-24,318.0,322.95,317.4,318.8,15058182,197240.0,76.34,8149770.0
2024-05-27,321.5,321.5,314.5,317.95,12857918,153200.0,83.93,7271363.0
2024-05-28,319.0,319.5,312.0,312.8,10935739,118937.0,91.95,7159578.0
2024-05-29,309.1,318.7,309.1,317.7,16812268,158122.0,106.32,9810739.0
2024-05-30,314.6,317.65,303.8,306.7,22768893,206450.0,110.29,13773437.0
2024-05-31,308.55,311.5,305.7,310.0,36929443,282786.0,130.59,21428257.0
2024-06-03,335.0,348.7,325.6,337.65,55218939,493080.0,111.99,29515877.0
2024-06-04,334.95,334.95,279.75,295.95,73262478,579864.0,126.34,36746977.0
2024-06-05,296.3,301.05,279.2,298.8,45312613,377099.0,120.16,23891472.0
2024-06-06,303.4,311.45,298.1,300.45,36508044,381929.0,95.59,18045213.0
2024-06-07,298.05,310.65,296.8,309.35,38016104,275270.0,138.1,20621067.0
2024-06-10,313.0,323.35,311.6,315.8,25478964,217389.0,117.2,7269836.0
2024-06-11,316.2,319.7,315.15,316.55,12238518,135433.0,90.37,6916441.0
2024-06-12,319.9,327.1,316.9,324.65,20346144,205204.0,99.15,11299469.0
2024-06-13,327.0,327.95,320.65,321.45,11756503,121897.0,96.45,6252923.0
2024-06-14,326.0,326.0,319.35,321.5,14159988,154678.0,91.54,6750879.0
2024-06-18,322.0,332.5,322.0,331.8,21653702,158229.0,136.85,12852311.0
2024-06-19,334.0,334.85,325.4,327.3,14235150,125073.0,113.81,7723226.0
2024-06-20,327.5,328.3,322.3,324.55,11749507,129586.0,90.67,5792558.0
2024-06-21,326.7,329.6,323.0,325.95,17209541,158874.0,108.32,7278774.0
2024-06-24,323.1,334.0,322.55,332.95,18044357,165448.0,109.06,8687130.0
2024-06-25,335.0,335.0,325.8,327.4,13979671,123122.0,113.54,9458884.0
2024-06-26,325.7,330.2,324.95,326.7,12946277,112874.0,114.7,8836310.0
2024-06-27,328.55,332.5,324.35,331.55,27061015,259522.0,104.27,16563049.0
2024-06-28,333.0,337.35,329.6,330.95,21676594,222824.0,97.28,12859808.0
2024-07-01,331.0,331.75,325.25,329.6,11959181,118170.0,101.2,7665647.0
2024-07-02,330.05,334.4,328.05,330.8,12684459,146818.0,86.4,8099352.0
2024-07-03,331.1,336.9,329.1,335.15,9369793,93143.0,100.6,5390297.0
2024-07-04,337.0,338.7,333.9,335.0,12878827,148541.0,86.7,7371036.0
2024-07-05,335.0,339.9,332.85,339.4,10894118,112487.0,96.85,5864833.0
2024-07-08,341.0,341.0,336.85,339.4,7828162,77024.0,101.63,4705012.0
2024-07-09,340.0,342.35,338.1,341.15,9214579,104224.0,88.41,5967285.0
2024-07-10,343.0,347.8,335.5,346.05,10662609,119818.0,88.99,4672974.0
2024-07-11,348.5,348.75,342.0,342.8,12642065,140205.0,90.17,6635517.0
2024-07-12,342.8,345.9,340.1,343.1,11380570,124872.0,91.14,5833022.0
2024-07-15,345.4,345.4,340.2,343.85,5277531,72702.0,72.59,2763681.0
2024-07-16,342.75,347.0,341.5,342.45,11363095,77640.0,146.36,7600073.0
2024-07-18,342.0,344.7,336.95,341.25,13908161,210347.0,66.12,8042271.0
2024-07-19,339.55,341.85,331.0,332.2,12937990,115962.0,111.57,7362047.0
2024-07-22,330.0,339.4,329.5,338.6,10678640,102191.0,104.5,6243220.0
2024-07-23,339.1,340.5,321.1,334.25,15954324,155152.0,102.83,8372608.0
2024-07-24,330.9,338.8,330.3,337.15,12573882,88901.0,141.44,7837838.0
2024-07-25,330.45,342.6,330.45,339.45,16271884,127549.0,127.57,8923638.0
2024-07-26,340.35,345.55,338.5,344.2,11468068,100657.0,113.93,6612565.0
2024-07-29,339.8,345.9,337.75,342.35,31849674,163414.0,194.9,20675613.0
2024-07-30,345.0,356.95,343.3,349.8,25813219,289603.0,89.13,12547954.0
2024-07-31,348.25,350.65,342.6,348.2,17976593,137801.0,130.45,10970681.0
2024-08-01,351.15,362.5,350.15,361.1,26792459,225359.0,118.89,12456636.0
2024-08-02,358.0,361.05,354.0,358.25,13771470,141022.0,97.65,6890968.0
2024-08-05,352.75,354.8,341.5,342.8,13566586,156750.0,86.55,6507592.0
2024-08-06,342.8,350.8,339.25,340.75,12273667,123331.0,99.52,6310598.0
2024-08-07,345.85,352.55,343.4,352.05,12441847,131819.0,94.39,6793815.0
2024-08-08,355.0,355.0,341.25,342.65,15489731,186783.0,82.93,8351251.0
2024-08-09,347.9,348.95,344.3,346.0,8720610,144281.0,60.44,5259262.0
2024-08-12,343.0,343.8,339.5,341.15,12521136,114657.0,109.21,8269802.0
2024-08-13,337.0,342.45,335.15,336.95,10435954,121895.0,85.61,6423730.0
2024-08-14,337.0,338.35,332.5,333.5,12385993,100734.0,122.96,8165980.0
2024-08-16,333.0,339.55,330.6,338.6,13013828,119400.0,108.99,7465835.0
2024-08-19,342.65,343.3,339.3,340.3,5891370,80586.0,73.11,3297348.0
2024-08-20,340.45,342.65,338.8,340.5,6393840,65261.0,97.97,4131668.0
2024-08-21,340.0,340.95,336.15,336.65,10118601,105780.0,95.66,7366362.0
2024-08-22,336.0,337.7,330.5,334.0,18370039,164072.0,111.96,11869961.0
2024-08-23,334.65,336.95,333.35,336.25,7494822,85600.0,87.56,4705048.0
2024-08-26,336.45,341.5,335.85,338.25,7993675,87241.0,91.63,4192125.0
2024-08-27,339.0,341.45,335.0,335.35,9589690,65090.0,147.33,5996875.0
2024-08-28,335.35,338.9,333.75,334.45,8790600,94864.0,92.67,5111288.0
2024-08-29,332.5,335.9,328.8,333.3,17653536,254812.0,69.28,10224947.0
2024-08-30,335.0,340.85,334.05,337.4,22713812,146858.0,154.67,14771398.0
2024-09-02,338.4,339.9,334.2,335.55,9789776,111933.0,87.46,6551065.0
2024-09-03,336.0,337.95,334.0,334.65,8434423,104930.0,80.38,5859557.0
2024-09-04,331.2,334.7,331.0,332.9,9025610,97931.0,92.16,6649113.0
2024-09-05,332.35,334.3,329.6,331.25,13912371,135931.0,102.35,9950045.0
2024-09-06,333.05,333.1,325.0,329.8,23755639,148839.0,159.61,15902391.0
2024-09-09,327.7,329.2,323.55,328.55,18597200,129268.0,143.87,13412279.0
2024-09-10,327.0,335.3,327.0,334.15,15472387,113571.0,136.24,10770311.0
2024-09-11,336.9,337.25,332.0,333.2,10134008,106802.0,94.89,6872625.0
2024-09-12,334.85,339.0,333.25,338.2,18410837,173758.0,105.96,10772670.0
2024-09-13,339.8,341.25,336.1,337.25,10417461,83973.0,124.06,6921418.0
2024-09-16,337.25,341.5,337.05,338.25,7748570,72942.0,106.23,4256030.0
2024-09-17,336.7,340.0,334.5,336.9,11451846,88543.0,129.34,8151473.0
2024-09-18,338.5,338.9,333.1,334.3,6583254,50173.0,131.21,3798188.0
2024-09-19,336.2,338.35,333.1,334.9,10589610,132601.0,79.86,5167522.0
2024-09-20,338.15,342.95,334.75,340.85,31236123,281560.0,110.94,16808561.0
2024-09-23,342.0,342.5,340.25,341.15,6542941,64111.0,102.06,4400916.0
2024-09-24,344.55,351.0,342.35,350.05,26145769,163023.0,160.38,15982538.0
2024-09-25,353.85,366.25,352.35,363.75,40770462,301981.0,135.01,13072462.0
2024-09-26,364.05,366.1,357.2,365.45,18733959,170122.0,110.12,8228850.0
2024-09-27,362.2,363.3,353.35,354.25,33148043,207371.0,159.85,21672197.0
2024-09-30,354.25,357.45,349.7,352.85,16356171,153190.0,106.77,10035385.0
2024-10-01,351.1,356.0,349.95,350.8,9856291,86652.0,113.75,5535532.0
2024-10-03,343.0,349.9,342.6,344.15,19350466,213898.0,90.47,13018566.0
2024-10-04,343.0,347.45,337.75,338.85,20121706,171005.0,117.67,12093761.0
2024-10-07,340.0,340.0,325.0,328.95,13851446,174358.0,79.44,8110612.0
2024-10-08,327.3,331.0,322.35,327.15,21148292,141448.0,149.51,13054045.0
2024-10-09,327.0,331.8,325.5,329.75,9228363,101203.0,91.19,5153063.0
2024-10-10,330.2,338.1,330.1,334.35,20773976,139173.0,149.27,13050088.0
2024-10-11,334.45,335.35,329.5,330.05,6098468,67966.0,89.73,3409783.0
2024-10-14,330.05,331.5,327.8,330.7,5944216,65300.0,91.03,3142251.0
2024-10-15,333.45,333.45,327.5,329.85,12415489,156174.0,79.5,8961145.0
2024-10-16,331.7,332.65,324.95,327.2,22085298,115660.0,190.95,18054161.0
2024-10-17,328.5,331.9,324.6,331.15,17039729,108917.0,156.45,11877063.0
2024-10-18,331.5,333.85,328.25,332.05,10569021,88141.0,119.91,6363689.0
2024-10-21,333.0,333.75,329.45,331.15,8745904,88710.0,98.59,6288531.0
2024-10-22,332.9,335.65,321.05,322.75,11219831,130615.0,85.9,6452831.0
2024-10-23,319.2,321.9,313.85,316.9,12541589,142210.0,88.19,7582833.0
2024-10-24,315.25,320.8,315.25,319.15,8327779,100869.0,82.56,5449985.0
2024-10-25,321.5,321.5,313.25,315.8,12979410,125463.0,103.45,8256256.0
2024-10-28,314.5,320.45,310.75,318.3,9610615,110362.0,87.08,5184675.0
2024-10-29,316.1,321.2,314.15,320.55,15856332,129134.0,122.79,11585380.0
2024-10-30,318.55,325.4,316.75,318.45,14498110,97783.0,148.27,7998177.0
2024-10-31,320.4,322.7,317.85,320.8,9900390,124543.0,79.49,6037222.0
2024-11-01,322.45,322.7,320.0,322.05,847672,18303.0,46.31,431742.0
2024-11-04,324.55,324.7,311.6,315.45,9249409,165722.0,55.81,5971889.0
2024-11-05,312.35,317.7,312.0,316.6,7518195,73239.0,102.65,4178176.0
2024-11-06,317.4,320.35,313.9,318.5,11019250,95489.0,115.4,6121441.0
2024-11-07,319.0,319.0,311.7,312.95,14504208,146668.0,98.89,9279054.0
2024-11-08,311.85,317.55,308.7,316.25,15740539,114628.0,137.32,11874347.0
2024-11-11,313.55,332.4,312.8,329.8,22838987,165328.0,138.14,10583039.0
2024-11-12,331.5,332.5,321.8,322.7,12069181,113275.0,106.55,8431830.0
2024-11-13,322.65,324.6,317.15,318.0,12918639,171656.0,75.26,8458169.0
2024-11-14,315.1,318.8,310.6,312.1,12500377,137495.0,90.92,7162645.0
2024-11-18,314.0,315.55,310.1,312.05,9408101,122003.0,77.11,6059266.0
2024-11-19,313.05,318.25,312.25,315.05,13157158,145721.0,90.29,9532423.0
2024-11-21,316.0,326.75,313.0,325.9,25406386,208954.0,121.59,13726471.0
2024-11-22,325.8,337.6,324.0,336.95,31523269,172850.0,182.37,22173733.0
2024-11-25,341.85,345.4,336.15,342.75,29419152,174104.0,168.97,20324167.0
2024-11-26,342.0,344.6,337.9,338.8,13997179,136136.0,102.82,9698800.0
2024-11-27,337.25,341.3,336.5,339.25,12177260,102835.0,118.42,7711805.0
2024-11-28,339.25,341.75,332.2,333.65,16920231,164651.0,102.76,9186984.0
2024-11-29,331.35,332.5,326.5,329.4,13890537,118961.0,116.77,8216765.0
2024-12-02,328.15,331.95,326.2,327.85,16003524,95216.0,168.08,10088600.0
2024-12-03,324.25,331.35,324.25,329.65,23174488,144389.0,160.5,17424609.0
2024-12-04,329.05,331.25,321.1,325.05,17880011,128296.0,139.37,11568990.0
2024-12-05,325.0,330.45,319.55,328.35,19785053,158857.0,124.55,10442195.0
2024-12-06,327.1,332.75,326.7,328.9,8802058,81467.0,108.04,4950597.0
2024-12-09,327.75,330.65,326.7,329.1,9376929,80556.0,116.4,6295482.0
2024-12-10,331.85,331.85,325.35,327.9,14994365,90304.0,166.04,10206872.0
2024-12-11,327.25,329.0,326.85,327.55,5013051,65545.0,76.48,3410861.0
2024-12-12,328.0,329.9,325.85,329.2,10414162,100075.0,104.06,6589293.0
2024-12-13,330.65,334.3,325.05,333.85,14973536,140636.0,106.47,9230097.0
2024-12-16,333.85,336.25,331.6,335.0,12695136,111611.0,113.74,8763523.0
2024-12-17,332.5,335.55,328.0,329.8,17360248,95259.0,182.24,11598553.0
2024-12-18,328.0,329.1,320.65,321.55,15037099,109757.0,137.0,9352143.0
2024-12-19,318.0,323.85,316.85,321.65,10234715,102201.0,100.14,5991410.0
2024-12-20,321.3,325.6,313.6,315.8,13973399,126526.0,110.44,7683940.0
2024-12-23,318.0,318.3,311.55,315.3,5984169,88964.0,67.27,3030041.0
2024-12-24,314.1,316.65,308.75,310.1,4833589,80474.0,60.06,2516231.0
2024-12-26,310.1,313.1,308.75,310.3,3775101,78102.0,48.34,1524723.0
2024-12-27,310.75,312.3,308.8,309.4,3981693,68229.0,58.36,1886915.0
2024-12-30,309.0,312.0,306.3,307.55,12489142,75443.0,165.54,8726769.0
2024-12-31,307.35,309.75,305.15,308.7,8402716,79263.0,106.01,4927602.0
2025-01-01,308.7,311.35,305.9,310.4,4239498,147931.0,28.66,1753293.0
2025-01-02,309.85,317.2,308.75,315.15,10766571,119341.0,90.22,6561225.0
2025-01-03,316.35,318.0,313.65,316.05,7636948,78548.0,97.23,4290070.0
2025-01-06,315.8,316.5,304.8,306.0,6722495,107928.0,62.29,4111549.0
2025-01-07,306.0,310.7,303.0,305.05,10137739,120334.0,84.25,5741652.0
2025-01-08,306.15,307.85,303.0,306.65,6907996,92207.0,74.92,3625419.0
2025-01-09,306.65,306.9,303.65,305.25,8244909,112574.0,73.24,4680709.0
2025-01-10,304.05,305.25,298.5,299.7,6540783,100010.0,65.4,3551048.0
2025-01-13,295.0,298.55,286.75,287.6,19474228,202994.0,95.93,12794140.0
2025-01-14,287.75,293.05,286.8,290.25,15954608,157513.0,101.29,11071989.0
2025-01-15,295.0,302.5,291.1,298.65,12198882,147348.0,82.79,5708127.0
2025-01-16,299.0,301.6,296.6,297.65,11694289,120322.0,97.19,7363265.0
2025-01-17,297.65,305.0,295.7,302.6,7593230,98025.0,77.46,4309510.0
2025-01-20,302.6,308.8,301.95,306.25,9435937,93962.0,100.42,5847732.0
2025-01-21,307.0,309.95,301.5,302.35,13911546,138065.0,100.76,6609021.0
2025-01-22,302.0,302.3,295.8,297.55,9723333,100658.0,96.6,6443175.0
2025-01-23,297.5,299.6,293.6,294.35,12228286,158656.0,77.07,8278698.0
2025-01-24,295.3,302.5,294.35,295.85,11142914,97257.0,114.57,4177818.0
2025-01-27,295.0,295.0,283.75,287.0,13477947,125241.0,107.62,7545618.0
2025-01-28,287.15,288.8,279.35,283.95,11298068,115211.0,98.06,5572156.0
2025-01-29,285.35,289.15,283.3,287.85,4800024,80548.0,59.59,2451383.0
2025-01-30,287.85,297.1,287.85,295.35,10969499,111486.0,98.39,5244603.0
2025-01-31,297.0,303.45,295.9,301.65,14141459,114347.0,123.67,9599526.0
2025-02-01,301.65,305.35,288.65,289.85,6945157,70895.0,97.96,2504011.0
2025-02-03,290.0,292.0,278.0,283.8,14978897,164409.0,91.11,8615450.0
2025-02-04,281.0,286.4,272.1,285.65,19836427,237543.0,83.51,10003074.0
2025-02-05,285.6,290.75,284.55,285.2,15337191,111471.0,137.59,9614683.0
2025-02-06,287.5,290.95,279.75,281.15,21418561,164226.0,130.42,12762030.0
2025-02-07,273.1,281.9,270.0,278.15,17193482,132937.0,129.34,8685021.0
2025-02-10,275.0,276.0,268.1,268.7,16709670,133404.0,125.26,11689858.0
2025-02-11,268.7,268.8,260.0,261.45,22083955,153679.0,143.7,14794706.0
2025-02-12,259.5,262.1,254.0,257.05,17861265,175992.0,101.49,11681869.0
2025-02-13,257.25,261.35,256.1,259.15,12257226,148296.0,82.65,7860633.0
2025-02-14,260.4,261.5,254.75,257.35,11339563,117604.0,96.42,5980646.0
2025-02-17,256.9,264.0,252.2,263.2,8332653,100568.0,82.86,3657702.0
2025-02-18,263.85,267.9,260.2,266.95,10483635,101687.0,103.1,6597459.0
2025-02-19,262.5,268.5,262.3,263.05,14602009,109014.0,133.95,8297861.0
2025-02-20,262.75,266.45,261.3,265.75,15312926,122755.0,124.74,9914900.0
2025-02-21,265.3,265.75,259.4,261.9,10757038,85123.0,126.37,7627450.0
2025-02-24,258.0,261.8,257.25,259.15,14599185,125718.0,116.13,10493685.0
2025-02-25,258.8,259.95,254.9,255.75,21287363,153089.0,139.05,15950677.0
2025-02-27,254.0,257.45,253.45,256.25,13614799,104795.0,129.92,9500212.0
2025-02-28,255.9,257.0,247.3,250.85,38512868,177584.0,216.87,27120760.0
2025-03-03,253.0,253.8,248.5,252.5,9873539,97994.0,100.76,6146597.0
2025-03-04,250.0,257.15,249.45,254.0,11947033,80776.0,147.9,7870463.0
2025-03-05,256.95,267.2,255.75,264.4,14536637,135947.0,106.93,7743816.0
2025-03-06,265.15,267.3,260.7,266.65,11926868,129911.0,91.81,6116597.0
2025-03-07,266.0,268.65,261.6,263.3,10043068,109981.0,91.32,6457457.0
2025-03-10,261.05,274.25,261.05,271.3,30233763,166981.0,181.06,15405748.0
2025-03-11,270.0,271.85,265.85,267.3,9255499,91202.0,101.48,4701237.0
2025-03-12,270.7,272.4,263.6,267.1,11875548,83541.0,142.15,6999535.0
2025-03-13,269.8,270.65,265.5,267.65,9270442,69626.0,133.15,6090919.0
2025-03-17,270.0,270.65,264.95,267.35,11987667,74263.0,161.42,6860465.0
2025-03-18,269.15,272.4,267.3,270.8,8899126,75535.0,117.81,5300304.0
2025-03-19,272.0,278.3,269.8,277.2,13089950,85348.0,153.37,8145288.0
2025-03-20,283.5,283.55,277.05,280.35,13710249,77434.0,177.06,9213028.0
2025-03-21,281.0,285.15,280.05,283.1,26003527,102033.0,254.85,19098027.0
2025-03-24,285.0,293.95,284.45,291.85,19966817,119746.0,166.74,13367759.0
2025-03-25,291.0,295.25,287.65,291.0,16983852,123952.0,137.02,10855393.0
2025-03-26,291.7,296.75,289.55,290.85,20367015,120241.0,169.38,13075449.0
2025-03-27,289.0,297.25,289.0,295.5,37203166,118070.0,315.09,26405683.0
2025-03-28,293.9,294.25,288.3,290.35,10834900,84913.0,127.6,6709693.0
2025-04-01,289.6,296.95,287.0,289.3,11603556,97251.0,119.32,5729792.0
2025-04-02,286.85,289.75,284.5,286.75,11679536,113481.0,102.92,7619866.0
2025-04-03,289.35,299.95,285.1,299.1,23478876,140068.0,167.62,15130744.0
2025-04-04,300.0,300.9,292.1,293.9,21020875,133590.0,157.35,14452453.0
2025-04-07,283.6,293.9,282.3,289.4,22847548,203234.0,112.42,12646517.0
2025-04-08,291.95,294.0,284.65,288.95,20831596,152056.0,137.0,11415808.0
2025-04-09,289.95,299.5,289.3,293.4,21342531,133278.0,160.14,10432067.0
2025-04-11,293.25,305.0,293.25,304.1,19831004,114026.0,173.92,12929120.0
2025-04-15,307.2,310.45,303.7,304.55,16563441,97877.0,169.23,11816933.0
2025-04-16,304.45,307.0,302.8,305.75,7032401,74562.0,94.32,4246290.0
2025-04-17,305.45,309.8,302.0,309.0,8528993,87281.0,97.72,4675726.0
2025-04-21,310.0,322.0,308.45,320.0,13369014,96683.0,138.28,8130628.0
2025-04-22,319.75,319.75,312.1,312.55,10027332,96337.0,104.09,5533020.0
2025-04-23,314.15,316.1,309.45,314.95,8225575,103137.0,79.75,4755807.0
2025-04-24,314.9,315.85,312.85,314.4,8021180,54066.0,148.36,4865680.0
2025-04-25,313.0,315.4,303.4,306.5,11475773,89081.0,128.82,7083696.0
2025-04-28,304.2,310.95,303.55,308.55,7314824,71770.0,101.92,4824161.0
2025-04-29,308.55,310.8,301.2,302.95,14678005,92051.0,159.46,10296526.0
2025-04-30,304.45,310.0,301.9,307.45,17619987,106364.0,165.66,11215024.0
2025-05-02,305.5,309.0,302.3,303.95,8428889,63862.0,131.99,5228911.0
2025-05-05,304.8,310.7,304.65,308.2,4342960,75825,57.28,2232565
2025-05-06,307.6,310.45,305.55,307.6,9124804,83665,109.06,5788004
2025-05-07,308.0,313.15,307.0,311.1,14679327,83260,176.31,8847966
2025-05-08,313.4,317.4,304.0,308.25,19253478,124387,154.79,11826324
2025-05-09,300.0,303.05,296.4,299.3,11981497,107554,111.4,7166230
2025-05-12,304.05,311.1,304.05,309.05,7145884,44608,160.19,3936433
2025-05-13,305.0,308.75,298.0,298.45,17988336,145778,123.4,10347345
2025-05-14,299.2,300.55,294.05,295.95,10359258,142377,72.76,6539638
2025-05-15,295.9,300.4,291.05,299.65,22640626,155077,146.0,10819894
2025-05-16,300.0,302.2,295.5,300.2,16763668,82803,202.45,10951185
2025-05-19,302.0,304.5,299.0,304.05,12575289,113440,110.85,8045172
2025-05-20,304.4,305.3,297.1,297.9,21339095,116927,182.5,13579253
2025-05-21,297.75,302.25,295.65,296.15,11997632,81440,147.32,6615488
2025-05-22,295.9,296.35,286.55,290.9,26158839,154753,169.04,14010210
2025-05-23,292.0,298.75,291.75,298.1,9872024,86422,114.23,5472657
2025-05-26,300.05,303.8,295.75,296.7,16469130,97346,169.18,10612642
2025-05-27,297.0,297.6,292.2,294.55,17074710,134202,127.23,9583494
2025-05-28,294.55,295.65,290.5,291.15,10099453,97584,103.49,7262777
2025-05-29,291.35,293.9,291.35,293.1,9773818,100815,96.95,6643256
2025-05-30,292.0,294.65,288.25,289.75,21788566,83053,262.35,16291615
2025-06-02,290.3,293.65,288.4,293.05,7255782,59158,122.65,4588353
2025-06-03,292.5,295.4,287.75,288.25,10989055,115659,95.01,7094711
2025-06-04,288.25,289.8,287.05,288.55,8580196,81283,105.56,5724684
2025-06-05,291.0,295.25,290.1,294.25,13110486,101636,128.99,8641884
2025-06-06,293.55,297.0,292.95,295.8,7935393,76668,103.5,4567770
2025-06-09,298.0,301.15,296.15,300.5,8666186,76662,113.04,5358130
2025-06-10,300.55,301.8,298.25,301.05,7273892,65707,110.7,4313414
2025-06-11,301.1,301.4,294.0,295.45,10941604,89346,122.46,7786662
2025-06-12,295.15,295.8,288.5,289.0,14071159,110609,127.22,9004048
2025-06-13,282.55,286.45,281.8,285.5,16028417,119822,133.77,11272485
2025-06-16,287.95,290.5,286.3,288.65,11067299,101133,109.43,7223762
2025-06-17,288.65,290.45,287.2,288.55,7286868,76234,95.59,4579877
2025-06-18,287.5,288.3,285.5,287.3,11904855,119804,99.37,8842681
2025-06-19,286.8,287.65,285.3,286.45,13573824,116542,116.47,9827199
2025-06-20,285.55,294.5,285.05,293.1,33014151,128151,257.62,259309742025-06-23,291.4,293.45,288.1,290.25,6833477,65153,104.88,4304434
2025-06-24,293.45,294.7,285.35,285.95,15007849,148819,100.85,9350734
2025-06-25,286.5,291.1,286.5,290.45,10838516,115882,93.53,7743443
2025-06-26,290.8,294.25,289.75,293.5,10232220,95305,107.36,5904554
2025-06-27,295.0,300.7,294.15,299.25,15523628,104018,149.24,11051443
2025-06-30,300.4,301.0,296.25,299.9,8415241,101646,82.79,5845240
2025-07-01,301.0,301.5,297.0,297.55,12349270,124054,99.55,9442104
2025-07-02,297.55,298.75,293.4,294.85,10826029,64288,168.4,7316376
2025-07-03,298.4,298.95,293.1,293.7,10373094,75341,137.68,5689534
2025-07-04,293.7,295.15,291.65,294.0,14193884,73460,193.22,9936041
2025-07-07,294.7,296.65,293.5,295.9,6220756,141680,43.91,3923592
2025-07-08,294.15,298.4,293.05,297.75,6254288,83238,75.14,4110211
2025-07-09,298.25,300.0,296.4,299.65,5650646,86082,65.64,3546373
2025-07-10,300.0,302.7,298.0,299.25,9307817,101123,92.04,6080825
2025-07-11,299.25,300.9,296.95,298.55,7073217,84247,83.96,4718665
2025-07-14,299.5,300.45,297.45,298.2,5484223,56058,97.83,3892742
2025-07-15,298.1,300.0,296.85,298.05,6173407,65449,94.32,3552274
2025-07-16,298.95,298.95,295.7,297.05,8144630,97442,83.58,6097803
2025-07-17,297.55,298.2,295.8,296.6,8318287,97348,85.45,6570563
2025-07-18,296.5,301.5,293.5,294.15,8702106,82835,105.05,5436118
2025-07-21,294.0,297.25,292.25,297.0,5298012,68065,77.84,3569600
2025-07-22,297.1,298.85,294.55,297.8,7775653,67289,115.56,5255653
2025-07-23,298.85,299.65,297.1,299.25,5310964,63099,84.17,3940893
2025-07-24,299.85,301.35,296.5,299.35,6294709,60667,103.76,3743650
2025-07-25,297.15,297.75,290.9,292.1,8202572,81102,101.14,5542076
2025-07-28,292.0,295.25,290.75,291.9,7037396,72384,97.22,5292285
2025-07-29,290.5,293.9,289.8,293.1,6586034,59251,111.15,4381538
2025-07-30,293.0,296.5,286.6,288.95,10515572,70292,149.6,5121787
2025-07-31,284.95,294.3,284.95,291.0,14283621,113913,125.39,8509700
2025-08-01,291.65,292.8,286.3,291.25,6697683,65404,102.4,4116324
2025-08-04,291.2,291.55,285.7,287.95,10397121,78772,131.99,71453732025-08-04,291.2,291.55,285.7,287.95,10397121,78772,131.99,7145373
2025-08-05,287.1,288.65,285.1,286.0,15561914,90143,172.64,11537387
2025-08-06,287.6,288.4,284.05,284.8,12985269,86387,150.32,9493067
2025-08-07,284.5,286.3,283.4,285.55,8893659,57627,154.33,5865244
2025-08-08,284.8,286.25,283.6,284.85,6172968,63202,97.67,4313475
2025-08-11,284.85,286.4,283.3,284.85,8755499,72128,121.39,6592491
2025-08-12,284.4,287.55,284.0,284.65,13184438,74284,177.49,9794116
2025-08-13,287.0,289.4,286.05,288.2,9928283,57212,173.53,7263097
2025-08-14,289.05,290.15,287.15,288.7,8464495,62998,134.36,6462631
2025-08-18,289.5,291.3,288.5,290.35,9836105,94394,104.2,7315895
2025-08-19,290.0,290.1,286.55,288.0,7196772,73704,97.64,5494293
2025-08-20,288.2,289.0,286.95,288.4,3106073,48926,63.49,1759514
2025-08-21,288.4,289.55,283.6,284.0,7389271,69580,106.2,5074906
2025-08-22,284.0,284.55,281.8,283.35,6824793,56515,120.76,4616341
2025-08-25,283.35,284.6,282.2,284.15,7426789,73591,100.92,4933414
2025-08-26,283.0,283.8,278.9,279.9,22905910,99899,229.29,16341656
2025-08-28,282.0,282.0,273.6,274.45,12455072,107728,115.62,7788248
2025-08-29,273.6,276.1,272.25,275.25,12841075,71617,179.3,9906583
2025-09-01,276.0,280.6,276.0,279.85,10820878,68333,158.36,8059700
2025-08-29,273.6,276.1,272.25,275.25,12841075,71617,179.3,9906583
2025-09-01,276.0,280.6,276.0,279.85,10820878,68333,158.36,8059700
2025-09-02,280.2,287.9,279.85,286.7,16983677,108438,156.62,9796097
2025-09-03,289.0,289.2,285.6,286.05,30178885,91090,331.31,25739275
2025-09-04,286.85,287.95,280.9,281.8,5946090,63402,93.78,3950691
2025-09-05,282.35,286.65,282.35,285.35,9695914,67833,142.94,6087662
2025-09-08,286.4,287.7,282.1,282.8,5186605,52082,99.59,3145034
2025-09-09,283.05,284.35,281.7,283.85,7093190,78966,89.83,4456855
2025-09-10,284.7,286.45,282.5,282.95,7767863,93774,82.84,5652379
2025-09-11,282.55,288.7,282.55,286.8,7406625,58903,125.74,3933991
2025-09-12,287.25,288.6,285.1,287.65,7618852,50566,150.67,5394731
2025-09-15,288.3,288.8,285.75,286.25,5420800,68957,78.61,4102746
2025-09-16,286.55,289.7,286.35,288.35,8626429,63633,135.57,5380334
2025-09-17,289.0,289.2,285.95,287.15,19010126,65455,290.43,14240864
2025-09-18,287.0,289.85,286.1,289.1,16842964,69720,241.58,12880508
2025-09-19,290.0,290.2,284.9,286.2,14993879,80987,185.14,11247414
